ID,segment
test-1,0.0262839338279305
test-10,0.08806732677191463
test-100,0.23537995020494246
test-1000,0.13876711943095757
test-10000,0.12663596937894922
test-100000,0.06440843189344232
test-10001,0.038387078174501314
test-10002,0.044785587491862025
test-10003,0.012597981771011929
test-10004,0.03323105204486819
test-10005,0.0496981473874399
test-10006,0.05516864646554007
test-10007,0.18647405320597554
test-10008,0.07539509761731497
test-10009,0.19616651481733408
test-1001,0.28646806518790974
test-10010,0.12672771698193308
test-10011,0.03637375691393792
test-10012,0.021712182967579527
test-10013,0.10199779272208008
test-10014,0.29900925863449385
test-10015,0.026926434483595666
test-10016,0.02304298850670655
test-10017,0.010801925666491291
test-10018,0.015909951692765146
test-10019,0.1481429947446796
test-1002,0.024485555085026044
test-10020,0.17432405378472593
test-10021,0.012307354209935515
test-10022,0.021418160202072288
test-10023,0.021802686593171805
test-10024,0.010684630331769413
test-10025,0.3473311046381655
test-10026,0.10583401326958429
test-10027,0.006326719040344028
test-10028,0.03687931955716802
test-10029,0.17225498063798217
test-1003,0.03376915288936004
test-10030,0.07604647832274873
test-10031,0.029478556880714997
test-10032,0.04371739997126556
test-10033,0.3703242925222615
test-10034,0.032021883453887595
test-10035,0.05258550764186694
test-10036,0.19186556919903602
test-10037,0.023858615283146624
test-10038,0.008676281234553435
test-10039,0.04475351461529831
test-1004,0.010083085105058637
test-10040,0.01961229524549631
test-10041,0.26756917789023005
test-10042,0.16087581898133532
test-10043,0.27016751114771775
test-10044,0.01697769165910758
test-10045,0.04379490531983739
test-10046,0.030760980019835092
test-10047,0.027075693747961756
test-10048,0.022452150939498577
test-10049,0.14904160791260448
test-1005,0.026573845152717414
test-10050,0.029526749050089268
test-10051,0.07909410577834045
test-10052,0.03269320704520948
test-10053,0.05943171067218609
test-10054,0.05774688608096832
test-10055,0.008669423564269025
test-10056,0.02477967331284225
test-10057,0.09674112062686599
test-10058,0.008980779918727493
test-10059,0.18862334505003706
test-1006,0.010178077494431706
test-10060,0.029778034879541795
test-10061,0.013661636577303285
test-10062,0.055913258804495526
test-10063,0.021836503433973413
test-10064,0.3295175172443133
test-10065,0.2542043044406898
test-10066,0.05513169457497416
test-10067,0.2520944155446072
test-10068,0.4001140406804215
test-10069,0.03430134748739958
test-1007,0.020012781456963644
test-10070,0.12392041813799476
test-10071,0.015818708694622718
test-10072,0.24233175054603284
test-10073,0.4100690170957797
test-10074,0.03798991881223474
test-10075,0.08753837078554838
test-10076,0.03180274921836489
test-10077,0.05862038175072702
test-10078,0.1063736474450043
test-10079,0.007132814964029498
test-1008,0.024620087327928794
test-10080,0.023306565741990616
test-10081,0.01497030504655433
test-10082,0.04388063643184669
test-10083,0.1715580609384044
test-10084,0.009446872536829147
test-10085,0.2767415226993507
test-10086,0.005989867466374698
test-10087,0.09787796055403811
test-10088,0.030775569982780204
test-10089,0.2212606069561287
test-1009,0.40688324797347797
test-10090,0.013801806539132152
test-10091,0.013937238726918226
test-10092,0.14285023823384696
test-10093,0.00993690538221704
test-10094,0.0886937105973848
test-10095,0.23915936317427722
test-10096,0.013749985535921563
test-10097,0.00930708596425079
test-10098,0.07154554671561687
test-10099,0.25357624036608906
test-101,0.16344830039709268
test-1010,0.020938766281500727
test-10100,0.013970400406377216
test-10101,0.09826529205953964
test-10102,0.01285020464049992
test-10103,0.023149330117569096
test-10104,0.011515784692565645
test-10105,0.04301208359899352
test-10106,0.06711616362716709
test-10107,0.19785902316205667
test-10108,0.08393748978061
test-10109,0.01742628533829785
test-1011,0.020452538522583785
test-10110,0.0507998594983513
test-10111,0.019069915949628282
test-10112,0.1475997015062907
test-10113,0.035039827749370756
test-10114,0.13844485831116107
test-10115,0.028611487549733233
test-10116,0.03934536206377955
test-10117,0.04375661024728483
test-10118,0.13866229929721824
test-10119,0.10984577018741154
test-1012,0.01166065191703709
test-10120,0.028562276380827197
test-10121,0.023832621609627673
test-10122,0.013541010566906833
test-10123,0.047848685486737354
test-10124,0.2263632939879527
test-10125,0.021785879800954654
test-10126,0.06870831094427444
test-10127,0.024307466307630667
test-10128,0.014610723686896946
test-10129,0.02713201859266597
test-1013,0.08514657834473076
test-10130,0.04079869008420748
test-10131,0.012081210184200787
test-10132,0.0669392073111586
test-10133,0.018296461779128203
test-10134,0.10518281108183229
test-10135,0.22537756793525202
test-10136,0.0193971685095558
test-10137,0.2326104504605922
test-10138,0.05339307069340168
test-10139,0.08110413393213176
test-1014,0.03419969793388698
test-10140,0.025930975833297076
test-10141,0.226504450721427
test-10142,0.13844742025940465
test-10143,0.06823127358827791
test-10144,0.06460633886779844
test-10145,0.007507632771551139
test-10146,0.05339307069340168
test-10147,0.010763136510636212
test-10148,0.023987716631268346
test-10149,0.05850319094739505
test-1015,0.04065939004098145
test-10150,0.00795567002010734
test-10151,0.11475550993220188
test-10152,0.27975151634328843
test-10153,0.04996942584913154
test-10154,0.04863944845617838
test-10155,0.08219192647824698
test-10156,0.16483645301473612
test-10157,0.07939751063614707
test-10158,0.012089649758012907
test-10159,0.013172624354968384
test-1016,0.14117888127630054
test-10160,0.13770149660277983
test-10161,0.17969495404376862
test-10162,0.07970339234748562
test-10163,0.02517167588629617
test-10164,0.12872440020692133
test-10165,0.20652304551040174
test-10166,0.2497099018581157
test-10167,0.006235953122825234
test-10168,0.029914688447624554
test-10169,0.10806569611757083
test-1017,0.054986612761713634
test-10170,0.008336300677247294
test-10171,0.20050504701614333
test-10172,0.015179302322592111
test-10173,0.12090367896745198
test-10174,0.14909131072656798
test-10175,0.10332197751781176
test-10176,0.010556771261771847
test-10177,0.006759435621874021
test-10178,0.008416174366456418
test-10179,0.02233747015758982
test-1018,0.1171499308976635
test-10180,0.1418898662299368
test-10181,0.023861086481570502
test-10182,0.2470374607256172
test-10183,0.011052531641681048
test-10184,0.09088975284315988
test-10185,0.032644572752613385
test-10186,0.0257351184791601
test-10187,0.19452707524201207
test-10188,0.015040782115032817
test-10189,0.05255871375716298
test-1019,0.02833250018932307
test-10190,0.06782920015374011
test-10191,0.04688163618239434
test-10192,0.13584648180255504
test-10193,0.09832870902677085
test-10194,0.012998672791025684
test-10195,0.01833475233065812
test-10196,0.07896917855603469
test-10197,0.008405497558643798
test-10198,0.2097282955517113
test-10199,0.052125681037113625
test-102,0.024166490648624937
test-1020,0.015638137635047105
test-10200,0.22637049836243306
test-10201,0.1329988498939034
test-10202,0.2502746341160058
test-10203,0.016099098977786854
test-10204,0.06694120369159566
test-10205,0.020757994331349505
test-10206,0.10022332301988479
test-10207,0.03957797408190487
test-10208,0.10523216473488832
test-10209,0.010227050950486486
test-1021,0.029276880152381567
test-10210,0.01924557170142916
test-10211,0.015023050060851443
test-10212,0.02625269041945147
test-10213,0.012334602798956396
test-10214,0.0211133580531667
test-10215,0.02395323311645854
test-10216,0.03158180832673118
test-10217,0.01665359921116206
test-10218,0.1479911024748231
test-10219,0.13640229790477967
test-1022,0.23614960471351973
test-10220,0.138254967798283
test-10221,0.02133231389192287
test-10222,0.05879779055713289
test-10223,0.023960406355158018
test-10224,0.07896917855603469
test-10225,0.017843955502962767
test-10226,0.043251792687795075
test-10227,0.08003083037374147
test-10228,0.38368250115368974
test-10229,0.16230478245390415
test-1023,0.022137523215857692
test-10230,0.1150879002361595
test-10231,0.09126463777031586
test-10232,0.052782139185773236
test-10233,0.07533560483451214
test-10234,0.010370427528601362
test-10235,0.05339307069340168
test-10236,0.03820435721201203
test-10237,0.2807153160339146
test-10238,0.012882863545229094
test-10239,0.1165868317870602
test-1024,0.05373633200732433
test-10240,0.031573277611457166
test-10241,0.09813121557445693
test-10242,0.03869515342856172
test-10243,0.08469207989574525
test-10244,0.11965168922070794
test-10245,0.022632440123742353
test-10246,0.016700529336588957
test-10247,0.14460167504280688
test-10248,0.09634025038348075
test-10249,0.22537756793525202
test-1025,0.008895591537698904
test-10250,0.009466150500815562
test-10251,0.13842946209748502
test-10252,0.09536702685126844
test-10253,0.030985503066504144
test-10254,0.2160869579731657
test-10255,0.09577148861252165
test-10256,0.03354793167148115
test-10257,0.048758961588395364
test-10258,0.007064075168579226
test-10259,0.015946264383769337
test-1026,0.024534680962549023
test-10260,0.01781659220289419
test-10261,0.04402642444943445
test-10262,0.04252105837468247
test-10263,0.19435579560606533
test-10264,0.0707119985986715
test-10265,0.01042206968237735
test-10266,0.028833741911763498
test-10267,0.03200244319730707
test-10268,0.041644692851619175
test-10269,0.19248454294834666
test-1027,0.32753504127809585
test-10270,0.3494459112518238
test-10271,0.03588408425949371
test-10272,0.0092356714988718
test-10273,0.025832932287983598
test-10274,0.11551855245986284
test-10275,0.07436951938596668
test-10276,0.019669830994649414
test-10277,0.0264678960529692
test-10278,0.1900258626328395
test-10279,0.008496419771515794
test-1028,0.10184232317671292
test-10280,0.031059688382587974
test-10281,0.007839362975198416
test-10282,0.19816344251242246
test-10283,0.013735814186933397
test-10284,0.30902669917001296
test-10285,0.04040721593437571
test-10286,0.030896632547676217
test-10287,0.02608729206569439
test-10288,0.037756815833186325
test-10289,0.03342692581206088
test-1029,0.010891832102859707
test-10290,0.05347172170742751
test-10291,0.0187262299856113
test-10292,0.014149618469404181
test-10293,0.11728951465626844
test-10294,0.010015180621583417
test-10295,0.2933932141898568
test-10296,0.010293197285930077
test-10297,0.022699079662974693
test-10298,0.1216170488965268
test-10299,0.18922701347968318
test-103,0.018667860497081752
test-1030,0.01776874961952302
test-10300,0.05926454227593887
test-10301,0.18333161747287896
test-10302,0.05522221458687355
test-10303,0.040695030576269844
test-10304,0.04973803027372902
test-10305,0.014092364309764358
test-10306,0.020095545720791353
test-10307,0.010362181741076086
test-10308,0.059376002770786564
test-10309,0.009837451161290065
test-1031,0.03269990514064074
test-10310,0.2675210617514506
test-10311,0.016629636618063187
test-10312,0.3004503546905843
test-10313,0.09935030145420644
test-10314,0.02603801234091004
test-10315,0.05004347308679713
test-10316,0.2196751303862747
test-10317,0.26487458386896234
test-10318,0.015393819804360158
test-10319,0.12954064052101308
test-1032,0.10022332301988479
test-10320,0.01612046286099153
test-10321,0.2383238232687712
test-10322,0.11140447826365786
test-10323,0.22862492777119403
test-10324,0.12774714442952692
test-10325,0.08306808476376748
test-10326,0.03246990869912125
test-10327,0.1594662198554622
test-10328,0.01187522510878402
test-10329,0.26658841554703017
test-1033,0.01258538595749112
test-10330,0.020581804427701637
test-10331,0.13708855576447077
test-10332,0.03164739281141417
test-10333,0.019819927128144357
test-10334,0.012857841412253596
test-10335,0.015217285216018683
test-10336,0.03211277025086865
test-10337,0.018890837933724352
test-10338,0.016141570281325606
test-10339,0.011816796560974866
test-1034,0.0669392073111586
test-10340,0.005583107526398765
test-10341,0.16333010643886697
test-10342,0.018459363137768896
test-10343,0.07609648278494728
test-10344,0.012173683317330302
test-10345,0.020846516394319916
test-10346,0.1313395705021038
test-10347,0.05487776745599645
test-10348,0.011262282843924944
test-10349,0.016237079563382734
test-1035,0.25541852355787653
test-10350,0.2542059314807794
test-10351,0.19166588995515774
test-10352,0.01036968342972503
test-10353,0.16060976283031034
test-10354,0.0493183105806639
test-10355,0.014461500181326487
test-10356,0.026486220719545407
test-10357,0.2487267910131407
test-10358,0.15829030434939656
test-10359,0.048622895183531564
test-1036,0.042578313838852654
test-10360,0.11140480162269964
test-10361,0.06870150296197637
test-10362,0.016060163485584974
test-10363,0.1727351326104745
test-10364,0.02310452593445092
test-10365,0.37380165671586535
test-10366,0.08855948651389059
test-10367,0.0821308831680265
test-10368,0.0089904797416106
test-10369,0.02974659745104685
test-1037,0.1543693773528168
test-10370,0.04484599821372293
test-10371,0.0898774960524088
test-10372,0.013803322894367847
test-10373,0.062139561924268526
test-10374,0.05887485620676714
test-10375,0.015360267759150606
test-10376,0.15706672986722656
test-10377,0.11057304852561724
test-10378,0.19038025332270359
test-10379,0.12460507488050093
test-1038,0.19095449002016762
test-10380,0.059354856111864245
test-10381,0.0502604345635727
test-10382,0.014306002372027522
test-10383,0.04176654903424682
test-10384,0.1587337206391882
test-10385,0.12789633108044823
test-10386,0.026161034987453338
test-10387,0.17367154311673774
test-10388,0.12587566059914065
test-10389,0.32412656905913556
test-1039,0.014113048543302337
test-10390,0.05959235513548363
test-10391,0.3093113758151918
test-10392,0.045655951357548165
test-10393,0.13781444947790267
test-10394,0.11325018132853433
test-10395,0.08676426786931425
test-10396,0.25263856132578566
test-10397,0.01295109350482895
test-10398,0.17014783586977947
test-10399,0.016867442101955506
test-104,0.12756464018589395
test-1040,0.039767723836762754
test-10400,0.0594799409119029
test-10401,0.11127075955966245
test-10402,0.22263156599754735
test-10403,0.011597764576208617
test-10404,0.011615213185694648
test-10405,0.018279302094888917
test-10406,0.2023002012704355
test-10407,0.20325644757624767
test-10408,0.023176208975145607
test-10409,0.055434580029993526
test-1041,0.15999619094522843
test-10410,0.22225249743580705
test-10411,0.012358673175819056
test-10412,0.020194467590068866
test-10413,0.05409643350030496
test-10414,0.02100094879973588
test-10415,0.18136627574451636
test-10416,0.314471636139006
test-10417,0.10091396725033647
test-10418,0.31031435814079444
test-10419,0.02873861982945127
test-1042,0.09123441404631848
test-10420,0.058141703678406466
test-10421,0.008336180818387544
test-10422,0.027196825730237004
test-10423,0.015912017837317306
test-10424,0.12796851635119139
test-10425,0.15135865612397387
test-10426,0.02944145404409154
test-10427,0.20076579714671464
test-10428,0.03144411532449009
test-10429,0.031012604705983063
test-1043,0.012211023963327447
test-10430,0.24386288917063903
test-10431,0.07628085979774958
test-10432,0.03742423295353662
test-10433,0.01415672128850111
test-10434,0.024084103316045085
test-10435,0.0646583108912412
test-10436,0.013653530093672659
test-10437,0.034462792400414846
test-10438,0.07229187097048197
test-10439,0.16948764875643343
test-1044,0.026956644986771135
test-10440,0.22289204510924301
test-10441,0.026455573705151544
test-10442,0.036692234447257555
test-10443,0.027978919558533818
test-10444,0.02779380223213587
test-10445,0.010484147567595015
test-10446,0.1381183890776036
test-10447,0.27842456007556643
test-10448,0.03667886671461944
test-10449,0.03209940749127742
test-1045,0.07301344430568356
test-10450,0.1140873148537606
test-10451,0.09787796055403811
test-10452,0.04337235233038006
test-10453,0.015563784571738754
test-10454,0.1810284405413902
test-10455,0.1979636307626323
test-10456,0.01279253887580954
test-10457,0.07840674582367342
test-10458,0.0148203995430191
test-10459,0.09767026387809354
test-1046,0.03666479383971661
test-10460,0.03688892664497909
test-10461,0.019516982239784566
test-10462,0.33476536466667595
test-10463,0.1936686435507226
test-10464,0.07154554671561687
test-10465,0.07382005570899727
test-10466,0.02254646407220915
test-10467,0.1967235276391597
test-10468,0.150184366749941
test-10469,0.02226648725236033
test-1047,0.0337626098456713
test-10470,0.02470934639113062
test-10471,0.022539591066636142
test-10472,0.05339307069340168
test-10473,0.2946424335637899
test-10474,0.020671709720200247
test-10475,0.13454883307798238
test-10476,0.013049892450880597
test-10477,0.016923550555484612
test-10478,0.008612991378418292
test-10479,0.17645226684991447
test-1048,0.017517794408192403
test-10480,0.0635864707690999
test-10481,0.010343435447369584
test-10482,0.009644095471519582
test-10483,0.017204794026470696
test-10484,0.27456824524732115
test-10485,0.059712382161469936
test-10486,0.20130512841951284
test-10487,0.1014585054700799
test-10488,0.16911847245236836
test-10489,0.055357676566919395
test-1049,0.02852546315189467
test-10490,0.019450491828573852
test-10491,0.034462792400414846
test-10492,0.015173305158160285
test-10493,0.05879541019322505
test-10494,0.06577228012732467
test-10495,0.1327947453070342
test-10496,0.044927916485980615
test-10497,0.025337293692831594
test-10498,0.404455277966837
test-10499,0.278201667381778
test-105,0.061416490658780486
test-1050,0.01092440285890823
test-10500,0.021680426991290556
test-10501,0.036592687707977335
test-10502,0.3271828421079376
test-10503,0.16947516052591763
test-10504,0.0988590176052658
test-10505,0.026174303712634597
test-10506,0.041220814313703856
test-10507,0.2270508544222702
test-10508,0.03866021447006709
test-10509,0.06900684011721689
test-1051,0.09894217917792562
test-10510,0.16695447271917302
test-10511,0.00988186666439043
test-10512,0.02576253633520363
test-10513,0.012084274732838221
test-10514,0.09190347815048618
test-10515,0.0861915504119661
test-10516,0.009011467027819506
test-10517,0.1353896149016297
test-10518,0.011960721576877609
test-10519,0.00800335896952377
test-1052,0.012594263898652728
test-10520,0.06769089613322582
test-10521,0.21140745749531945
test-10522,0.022695202793035628
test-10523,0.255157841028323
test-10524,0.26600574904494817
test-10525,0.041515348608277144
test-10526,0.17645226684991447
test-10527,0.013675401934145959
test-10528,0.02801317075591146
test-10529,0.16185298082663327
test-1053,0.018133165068995382
test-10530,0.037819565216462674
test-10531,0.17107573028930928
test-10532,0.020635944045380834
test-10533,0.13344345928954393
test-10534,0.02398206986845058
test-10535,0.020267237199050228
test-10536,0.08890115724917734
test-10537,0.2356772797558423
test-10538,0.031075000458707286
test-10539,0.03305949564718113
test-1054,0.07616320435787127
test-10540,0.014123643304691673
test-10541,0.009533582362629042
test-10542,0.08003083037374147
test-10543,0.026533257734534188
test-10544,0.07799433853261355
test-10545,0.018656126215050545
test-10546,0.01153013376187161
test-10547,0.10135147787955867
test-10548,0.013055041190282194
test-10549,0.01765987050262795
test-1055,0.016551440871538606
test-10550,0.02371533726293089
test-10551,0.03822925974133046
test-10552,0.01116444092906715
test-10553,0.1614071331912101
test-10554,0.009295850227856891
test-10555,0.32600430079605225
test-10556,0.05997031636792433
test-10557,0.13473111397650483
test-10558,0.06037042169499573
test-10559,0.15308878408566787
test-1056,0.029379733457597423
test-10560,0.03620136919572998
test-10561,0.06613128233036399
test-10562,0.0584126534046818
test-10563,0.03878543630198288
test-10564,0.04201587544696237
test-10565,0.28539307267305153
test-10566,0.1144593136138608
test-10567,0.010164334331492077
test-10568,0.009133343956064185
test-10569,0.12595885398637335
test-1057,0.31639113532117935
test-10570,0.018260532666667027
test-10571,0.11916531645789498
test-10572,0.010152285116040959
test-10573,0.026034673898786644
test-10574,0.0394977718786643
test-10575,0.008757206928988027
test-10576,0.13844485831116107
test-10577,0.11801185505486467
test-10578,0.046305110556643714
test-10579,0.09787796055403811
test-1058,0.02662493521632723
test-10580,0.0291385021656454
test-10581,0.21444484346719087
test-10582,0.06608186243355142
test-10583,0.02935539940489128
test-10584,0.017162704108405476
test-10585,0.007491446618527488
test-10586,0.07631394323859997
test-10587,0.1520677251194543
test-10588,0.15164355656214898
test-10589,0.1125142476916175
test-1059,0.021515876860348993
test-10590,0.05262899385054142
test-10591,0.2944652781337938
test-10592,0.04518707164714002
test-10593,0.017672718434809265
test-10594,0.09353780236781338
test-10595,0.2262887729828075
test-10596,0.038949922998198626
test-10597,0.01764599437161067
test-10598,0.00857536564742853
test-10599,0.14910378631749097
test-106,0.01842136949298803
test-1060,0.042119236854704305
test-10600,0.024898395800166232
test-10601,0.0656787863542792
test-10602,0.023348696449364725
test-10603,0.1596994972567998
test-10604,0.03712517792836717
test-10605,0.01838003434172311
test-10606,0.01394403018261402
test-10607,0.027830595521913866
test-10608,0.03024285306905466
test-10609,0.33287546380380695
test-1061,0.03004486003734187
test-10610,0.2777000440752179
test-10611,0.2528351114713763
test-10612,0.2007318447591492
test-10613,0.022250168288803187
test-10614,0.023150490587184092
test-10615,0.009664707633465079
test-10616,0.2176044971326938
test-10617,0.1752924518247984
test-10618,0.10408241457470985
test-10619,0.008098284683271053
test-1062,0.0786951884738208
test-10620,0.022963227090305002
test-10621,0.027955610274349996
test-10622,0.03957797408190487
test-10623,0.019648106547653667
test-10624,0.33485908698581285
test-10625,0.02103801973247223
test-10626,0.02432232994262608
test-10627,0.02171235951962191
test-10628,0.08602648991282821
test-10629,0.010745448128978348
test-1063,0.20798173301375214
test-10630,0.07725250806097962
test-10631,0.04097287305344587
test-10632,0.05371379620984475
test-10633,0.09598450543555212
test-10634,0.18066329923997781
test-10635,0.12194155423591369
test-10636,0.13830406861014471
test-10637,0.10209116971692427
test-10638,0.016166061049219322
test-10639,0.03808904428493809
test-1064,0.0609345899652449
test-10640,0.03032878266284217
test-10641,0.14096939958938567
test-10642,0.1719569312610496
test-10643,0.29348358061708085
test-10644,0.06668690513306377
test-10645,0.0197674690226433
test-10646,0.006670402183285836
test-10647,0.14516368453685824
test-10648,0.38892019294834124
test-10649,0.09787796055403811
test-1065,0.02577536713699576
test-10650,0.2221799504860747
test-10651,0.15240061560073376
test-10652,0.007074472966122182
test-10653,0.03291794936520425
test-10654,0.018249153616952164
test-10655,0.13919012465966588
test-10656,0.11639336994922034
test-10657,0.033484191007763286
test-10658,0.029907499372508462
test-10659,0.013522827941961862
test-1066,0.17310927884679245
test-10660,0.17566390722912983
test-10661,0.009011467027819506
test-10662,0.0669392073111586
test-10663,0.0868884526264283
test-10664,0.10577733769567033
test-10665,0.20076579714671464
test-10666,0.030823011714587234
test-10667,0.02320682049767217
test-10668,0.06845179840037012
test-10669,0.012436045165365197
test-1067,0.160177652695678
test-10670,0.3334999624402113
test-10671,0.04049860151896432
test-10672,0.03720246025069621
test-10673,0.0765176442062777
test-10674,0.06121182858396757
test-10675,0.01419654589979024
test-10676,0.07736971131561239
test-10677,0.051147693032551754
test-10678,0.02134259023218071
test-10679,0.019362888345971642
test-1068,0.11468183529436574
test-10680,0.1672047457706053
test-10681,0.04420115594975832
test-10682,0.2607974634870599
test-10683,0.06153300808659119
test-10684,0.2789332557007913
test-10685,0.07888357754844696
test-10686,0.043419735437278076
test-10687,0.041521859735010457
test-10688,0.17925428117202374
test-10689,0.01858762309217999
test-1069,0.015173689453877603
test-10690,0.17645226684991447
test-10691,0.018718659474140364
test-10692,0.25512769899857607
test-10693,0.028672449843190236
test-10694,0.3305258260809039
test-10695,0.31639113532117935
test-10696,0.0846182167635542
test-10697,0.0498579529843203
test-10698,0.007821822937320986
test-10699,0.025038583634101212
test-107,0.01750592971009334
test-1070,0.025313086950467332
test-10700,0.18945333751079851
test-10701,0.0669392073111586
test-10702,0.03194098445258401
test-10703,0.013100213604508366
test-10704,0.047912906664866
test-10705,0.07958009128105223
test-10706,0.07151843460300548
test-10707,0.013117979710711396
test-10708,0.2120844097108318
test-10709,0.17645226684991447
test-1071,0.1490516569896876
test-10710,0.08446298650961538
test-10711,0.019027674301522208
test-10712,0.038382651072094584
test-10713,0.032633086991066595
test-10714,0.22192574331793383
test-10715,0.18739987357817903
test-10716,0.1415891208030211
test-10717,0.0210662450534971
test-10718,0.22946328580228673
test-10719,0.01256583675661244
test-1072,0.031294047353966827
test-10720,0.05532840658291537
test-10721,0.023436769212624765
test-10722,0.033439171312027095
test-10723,0.11509960199672119
test-10724,0.2542232218252118
test-10725,0.030970322124756807
test-10726,0.09909819711385992
test-10727,0.00966437869366505
test-10728,0.2717454784580529
test-10729,0.07825542768720456
test-1073,0.02593105423984513
test-10730,0.09575347588322584
test-10731,0.01128579241041358
test-10732,0.05779913743744545
test-10733,0.020367066087855774
test-10734,0.19242844795581085
test-10735,0.39706519542596064
test-10736,0.049200359716015885
test-10737,0.08576409080273406
test-10738,0.01019435428557345
test-10739,0.17406667196136327
test-1074,0.009535394130838228
test-10740,0.019195989087289176
test-10741,0.04475351461529831
test-10742,0.018865158790136186
test-10743,0.2420075091121412
test-10744,0.024291699276174916
test-10745,0.029535575268605584
test-10746,0.19391261682361802
test-10747,0.03563965779772
test-10748,0.04281709974455204
test-10749,0.015422422928421586
test-1075,0.027802238468958258
test-10750,0.18588831042065349
test-10751,0.030922781019836296
test-10752,0.025122002628928577
test-10753,0.1945826292669805
test-10754,0.25540314545562953
test-10755,0.01948902848464411
test-10756,0.10919682534606943
test-10757,0.013707891253139436
test-10758,0.08626302305819201
test-10759,0.20987421879309237
test-1076,0.13464305019347592
test-10760,0.04019935806004712
test-10761,0.04564841479667269
test-10762,0.07896917855603469
test-10763,0.03936546313299706
test-10764,0.010614887057196789
test-10765,0.038580080446329525
test-10766,0.03411088422001948
test-10767,0.01298738431927578
test-10768,0.08544420900566724
test-10769,0.3076800101803663
test-1077,0.16682501222542145
test-10770,0.0117817827676476
test-10771,0.05081962950172036
test-10772,0.009112150342145875
test-10773,0.026895596394338472
test-10774,0.08046814763418211
test-10775,0.00930708596425079
test-10776,0.02358592926515399
test-10777,0.0853103464573093
test-10778,0.015146097721305075
test-10779,0.020599015447566153
test-1078,0.1149097061585544
test-10780,0.059122279480231285
test-10781,0.09584467529106637
test-10782,0.20042501935718998
test-10783,0.1348365739968518
test-10784,0.11855736023869161
test-10785,0.008245201632601066
test-10786,0.021406659289009984
test-10787,0.21118975141272855
test-10788,0.3208334657889163
test-10789,0.030778422994408233
test-1079,0.16868050392503536
test-10790,0.13427187521081005
test-10791,0.03256254706114694
test-10792,0.013729582427212011
test-10793,0.0229905270070961
test-10794,0.04246376351219246
test-10795,0.09787796055403811
test-10796,0.07345567241892036
test-10797,0.152371412274498
test-10798,0.09908234662070899
test-10799,0.04475351461529831
test-108,0.07851896097445257
test-1080,0.12774822841588965
test-10800,0.25376949900627094
test-10801,0.13714964051695877
test-10802,0.02344747729963121
test-10803,0.0669392073111586
test-10804,0.05563299743234707
test-10805,0.006231543630365879
test-10806,0.02943077250737282
test-10807,0.18522048584626935
test-10808,0.11155164667095527
test-10809,0.04952403388029099
test-1081,0.10952263493482255
test-10810,0.16430919925393148
test-10811,0.27335707839273876
test-10812,0.019229510181679538
test-10813,0.03272916085026798
test-10814,0.01574011118548943
test-10815,0.014080232656244744
test-10816,0.01789535188041588
test-10817,0.13893489165920292
test-10818,0.024040595418098606
test-10819,0.018353400439729932
test-1082,0.12722303863792037
test-10820,0.15366067637497258
test-10821,0.022900060991786694
test-10822,0.08177440917179293
test-10823,0.025861866575197776
test-10824,0.25253776364392644
test-10825,0.03423583272606511
test-10826,0.018186939093364753
test-10827,0.14842351771471976
test-10828,0.10135147787955867
test-10829,0.0846182167635542
test-1083,0.09784956689466007
test-10830,0.04112450497141499
test-10831,0.04252105837468247
test-10832,0.19236271477146402
test-10833,0.12097499372720073
test-10834,0.014419624967796854
test-10835,0.0441347091557929
test-10836,0.01343613864539538
test-10837,0.07515523999548554
test-10838,0.007414207549555136
test-10839,0.015258389464753865
test-1084,0.2927759275457479
test-10840,0.1387564677932596
test-10841,0.009114556396956288
test-10842,0.044693572919255665
test-10843,0.04102862807592863
test-10844,0.07939864994936202
test-10845,0.021577746592835352
test-10846,0.2454597146417045
test-10847,0.01962690969023381
test-10848,0.1860374278091558
test-10849,0.013086801905383612
test-1085,0.041874909717129795
test-10850,0.13863927720997804
test-10851,0.20599960185973004
test-10852,0.03941874907551302
test-10853,0.10391084298308181
test-10854,0.11454226168019753
test-10855,0.04006057348058239
test-10856,0.07981473500682332
test-10857,0.22040349094323397
test-10858,0.15214148082215545
test-10859,0.06417330693612192
test-1086,0.07300415700059695
test-10860,0.2262887729828075
test-10861,0.01397675103601954
test-10862,0.01837522537360869
test-10863,0.04741920432904478
test-10864,0.15285138792355085
test-10865,0.029026137765353812
test-10866,0.18071377434442754
test-10867,0.05212130641680024
test-10868,0.20038763307567561
test-10869,0.13314718474638115
test-1087,0.06804425800119882
test-10870,0.14242637096415584
test-10871,0.09301618430283473
test-10872,0.06393442986834763
test-10873,0.09199660664068664
test-10874,0.009808115933531002
test-10875,0.01431771525457054
test-10876,0.02014326523637866
test-10877,0.015302394558206664
test-10878,0.27384966495233676
test-10879,0.01619772517132695
test-1088,0.20240081376553773
test-10880,0.12796851635119139
test-10881,0.0669392073111586
test-10882,0.08003083037374147
test-10883,0.06280106165367356
test-10884,0.05015468531813707
test-10885,0.30304926705476304
test-10886,0.039141013362128586
test-10887,0.014910944559010327
test-10888,0.006814675730205213
test-10889,0.0960649301636989
test-1089,0.017156521947250643
test-10890,0.016108730488849338
test-10891,0.013131820067274274
test-10892,0.08651627012986852
test-10893,0.04599157909789825
test-10894,0.03796371974892464
test-10895,0.012282792127440755
test-10896,0.09012298043412358
test-10897,0.009576454493692915
test-10898,0.015224312249784357
test-10899,0.011976145588838782
test-109,0.02669190366696835
test-1090,0.02488147417827156
test-10900,0.3814034549671022
test-10901,0.030728686092209353
test-10902,0.1488332819397705
test-10903,0.28001583691863463
test-10904,0.09787796055403811
test-10905,0.018465672462911125
test-10906,0.10696746677399302
test-10907,0.04114866810728552
test-10908,0.020177581568168693
test-10909,0.04669220745112034
test-1091,0.0683801823199142
test-10910,0.12045314423973086
test-10911,0.01959444625530337
test-10912,0.09133043162957535
test-10913,0.14281387885522065
test-10914,0.045333195227068274
test-10915,0.011529638563494364
test-10916,0.25898105162120005
test-10917,0.209217345652331
test-10918,0.008688444659006435
test-10919,0.034462792400414846
test-1092,0.16670727985240766
test-10920,0.0960649301636989
test-10921,0.10061140798356767
test-10922,0.02499187824571777
test-10923,0.015820360866828847
test-10924,0.34528003818317243
test-10925,0.12099245331729627
test-10926,0.389606039667169
test-10927,0.021695153967258202
test-10928,0.020317367831642827
test-10929,0.009870203720880188
test-1093,0.09723248993944139
test-10930,0.015572057599272344
test-10931,0.018583861578170834
test-10932,0.05339307069340168
test-10933,0.06873521062093119
test-10934,0.18398526347552896
test-10935,0.021813342222254214
test-10936,0.011360505742129445
test-10937,0.08833836316667049
test-10938,0.14777887276478127
test-10939,0.16695447271917302
test-1094,0.24865432089142872
test-10940,0.18081270805466132
test-10941,0.012430627003932647
test-10942,0.027111825708078675
test-10943,0.009397861561913998
test-10944,0.01931936382538043
test-10945,0.16780212609422623
test-10946,0.028797081939130706
test-10947,0.018759232206042472
test-10948,0.08679651762536338
test-10949,0.06623109947951496
test-1095,0.02935652621695361
test-10950,0.012811602375935685
test-10951,0.1285727876993293
test-10952,0.05015468531813707
test-10953,0.14115045635677959
test-10954,0.026607812649989144
test-10955,0.046009648738188004
test-10956,0.012462990382160848
test-10957,0.036667969754582766
test-10958,0.24959691046681648
test-10959,0.029910704666816987
test-1096,0.10251507034744838
test-10960,0.06619772199885011
test-10961,0.007252664635104527
test-10962,0.0669392073111586
test-10963,0.09787796055403811
test-10964,0.3711744426048287
test-10965,0.01959013144811618
test-10966,0.04019935806004712
test-10967,0.02258998109754683
test-10968,0.16095501864782397
test-10969,0.04301548103259601
test-1097,0.2098543522755283
test-10970,0.10447639335823604
test-10971,0.03592846913595172
test-10972,0.07027268398045694
test-10973,0.01942546682389033
test-10974,0.03334594718372127
test-10975,0.018086979905448615
test-10976,0.008142341901177876
test-10977,0.024162263687749406
test-10978,0.05339307069340168
test-10979,0.032303479344192795
test-1098,0.1953271721662369
test-10980,0.2542043044406898
test-10981,0.11689655380419271
test-10982,0.17097335553058116
test-10983,0.012452203499464016
test-10984,0.015154115744969653
test-10985,0.09526063506268198
test-10986,0.016799622005668185
test-10987,0.10014770620904216
test-10988,0.01663182289740692
test-10989,0.05339307069340168
test-1099,0.022893820716603504
test-10990,0.16693692140333632
test-10991,0.04252105837468247
test-10992,0.0932412523633801
test-10993,0.05751122945565208
test-10994,0.04192792536699026
test-10995,0.017507713943322588
test-10996,0.043890034135558344
test-10997,0.08542459162355401
test-10998,0.012944137107432958
test-10999,0.15837140688482146
test-11,0.01314740517769899
test-110,0.1398817640174991
test-1100,0.009351547975542168
test-11000,0.0707119985986715
test-11001,0.05455232724929044
test-11002,0.03356129690329264
test-11003,0.12796851635119139
test-11004,0.031191787002470186
test-11005,0.017576516644203243
test-11006,0.1652993959232653
test-11007,0.12680460062292961
test-11008,0.0504181768999684
test-11009,0.01594569228709667
test-1101,0.11059910245667877
test-11010,0.035138452316483146
test-11011,0.10372531966537273
test-11012,0.007941880632707052
test-11013,0.025876058260660625
test-11014,0.05588250890933103
test-11015,0.01838286094735868
test-11016,0.02543673422286786
test-11017,0.015258389464753865
test-11018,0.18797718250101078
test-11019,0.3816417596586424
test-1102,0.03860336438592849
test-11020,0.13654529961796882
test-11021,0.019928384331973224
test-11022,0.009390656241522188
test-11023,0.024256824400155006
test-11024,0.01742628533829785
test-11025,0.014130474721428928
test-11026,0.02331732435288649
test-11027,0.08003083037374147
test-11028,0.32289296431654957
test-11029,0.09924116410044082
test-1103,0.023069296035037688
test-11030,0.05339307069340168
test-11031,0.007507426959096281
test-11032,0.05676699280108851
test-11033,0.13935877869956187
test-11034,0.015010895492819538
test-11035,0.01287945861923681
test-11036,0.3638692533432767
test-11037,0.017616090490071856
test-11038,0.005762680254067266
test-11039,0.10688351502097546
test-1104,0.031733703534556706
test-11040,0.06813649852141805
test-11041,0.1469261832131294
test-11042,0.14154708073018207
test-11043,0.19122285032182143
test-11044,0.02543413379811761
test-11045,0.0707119985986715
test-11046,0.27992207172093136
test-11047,0.047635220349131695
test-11048,0.026046926725408086
test-11049,0.07190616783541497
test-1105,0.01091911197006282
test-11050,0.11094171495979958
test-11051,0.20208930110836873
test-11052,0.1339039588173477
test-11053,0.009624169486217608
test-11054,0.08054231634272216
test-11055,0.009373697712396547
test-11056,0.01052160487997299
test-11057,0.1890782160884167
test-11058,0.010915008665586161
test-11059,0.00618976735651909
test-1106,0.026594597235708783
test-11060,0.009816043634626745
test-11061,0.013879344423092639
test-11062,0.10447151114980115
test-11063,0.06569496300926699
test-11064,0.0440933710875938
test-11065,0.04475351461529831
test-11066,0.06769089613322582
test-11067,0.04795925352391863
test-11068,0.17837791419148946
test-11069,0.23471959828191485
test-1107,0.09280171219396861
test-11070,0.07995118387683771
test-11071,0.16695447271917302
test-11072,0.0485828539841501
test-11073,0.023619437564323484
test-11074,0.33801623826002575
test-11075,0.02318274897331136
test-11076,0.1226436424368371
test-11077,0.02063169373853889
test-11078,0.010558497304391717
test-11079,0.006308869074207436
test-1108,0.03850001089588407
test-11080,0.06794476528463178
test-11081,0.009501418558876843
test-11082,0.21296661411882065
test-11083,0.3203868204994877
test-11084,0.015430030692201013
test-11085,0.05053106596559426
test-11086,0.12202024275750241
test-11087,0.08378339365477176
test-11088,0.08227449316788707
test-11089,0.015915743023318156
test-1109,0.09985649801372733
test-11090,0.021524950544356207
test-11091,0.40060631569286403
test-11092,0.02762843159101206
test-11093,0.17244424178847423
test-11094,0.009714916241873253
test-11095,0.01964837695053859
test-11096,0.2894116826044946
test-11097,0.012319928187023627
test-11098,0.08704837974911504
test-11099,0.05767202616609793
test-111,0.018830465234065657
test-1110,0.03543621628943402
test-11100,0.034967124721760244
test-11101,0.040041834272332086
test-11102,0.12127323925639119
test-11103,0.01644443832879783
test-11104,0.0538932031900254
test-11105,0.010330724629002724
test-11106,0.14215827304639675
test-11107,0.03723401862342753
test-11108,0.05757285605636567
test-11109,0.014675783144617061
test-1111,0.0514273902412857
test-11110,0.27885462886676504
test-11111,0.04976125429958946
test-11112,0.2519907039033014
test-11113,0.04252582300466431
test-11114,0.24744411879258038
test-11115,0.011196121707688182
test-11116,0.017516001453976745
test-11117,0.00698357609555786
test-11118,0.012264069554110435
test-11119,0.016427771866257577
test-1112,0.06107244868006746
test-11120,0.020240341129076612
test-11121,0.1014585054700799
test-11122,0.10062551206765444
test-11123,0.01734339194779329
test-11124,0.06700027669642404
test-11125,0.25559389283524714
test-11126,0.026019768213290412
test-11127,0.08223766555997551
test-11128,0.02077486034020735
test-11129,0.012991846587838706
test-1113,0.03317849737662735
test-11130,0.018526549039636915
test-11131,0.2364824725462624
test-11132,0.02949026839429855
test-11133,0.25498416434554017
test-11134,0.016101956158673592
test-11135,0.12508720618761576
test-11136,0.011712700157931915
test-11137,0.008495098534261367
test-11138,0.018396005982922063
test-11139,0.047527946212243564
test-1114,0.09125321799655521
test-11140,0.044592064892638505
test-11141,0.03286368913593281
test-11142,0.028512306760268547
test-11143,0.015652236380238407
test-11144,0.25869356804811605
test-11145,0.025225753321558405
test-11146,0.15603649806233308
test-11147,0.07205718756237134
test-11148,0.10373811943857802
test-11149,0.09968276119144004
test-1115,0.11605750684178578
test-11150,0.07896917855603469
test-11151,0.012784001229000197
test-11152,0.26442677680224075
test-11153,0.35464882270898224
test-11154,0.17645226684991447
test-11155,0.011671827749387579
test-11156,0.013506951468120077
test-11157,0.2135368800789479
test-11158,0.005556878446550724
test-11159,0.16564375415837126
test-1116,0.06613128233036399
test-11160,0.1914391119056
test-11161,0.33612040257252823
test-11162,0.031656837297749284
test-11163,0.15432596680621966
test-11164,0.02809622705728857
test-11165,0.07896917855603469
test-11166,0.08739485527271336
test-11167,0.028288215439958114
test-11168,0.035424678669387824
test-11169,0.11740112084875923
test-1117,0.2655456691512206
test-11170,0.010253644975725307
test-11171,0.025381165650220295
test-11172,0.018961578622366422
test-11173,0.05090546275395933
test-11174,0.020821704811941164
test-11175,0.024885099554323976
test-11176,0.05589127277486399
test-11177,0.015017193000201325
test-11178,0.0460783669878119
test-11179,0.00900513510810355
test-1118,0.00818414082457092
test-11180,0.015676854871920755
test-11181,0.041096360952157594
test-11182,0.1944346418129891
test-11183,0.009911104897601945
test-11184,0.09238432317454845
test-11185,0.07362029893565745
test-11186,0.15962606632363616
test-11187,0.06949095161407495
test-11188,0.018738813038403215
test-11189,0.007180422701222916
test-1119,0.08196973207204497
test-11190,0.010801226024188513
test-11191,0.010201794878261727
test-11192,0.07020554219682695
test-11193,0.06815606966389015
test-11194,0.021572648337924476
test-11195,0.01473685276775308
test-11196,0.04308957033348487
test-11197,0.05970422601663029
test-11198,0.04526910096224766
test-11199,0.015557338332193565
test-112,0.04323840290571362
test-1120,0.25524794055876515
test-11200,0.02513961496723507
test-11201,0.12466564908881349
test-11202,0.027471521470755177
test-11203,0.140105962802695
test-11204,0.18134718168589498
test-11205,0.01856972981061537
test-11206,0.06079949722082111
test-11207,0.014985487148036304
test-11208,0.06522506269092372
test-11209,0.009617888761080752
test-1121,0.05015468531813707
test-11210,0.05181461839963935
test-11211,0.054258009703982
test-11212,0.029049880987836882
test-11213,0.1474394545198821
test-11214,0.0751332706005262
test-11215,0.10135147787955867
test-11216,0.21343319110490988
test-11217,0.015089662282156085
test-11218,0.009686133284585799
test-11219,0.04942224245468778
test-1122,0.17466860324230585
test-11220,0.03008771428568019
test-11221,0.25046546503485306
test-11222,0.22711034178619
test-11223,0.13795312576969285
test-11224,0.015605179810883947
test-11225,0.04646853478312535
test-11226,0.013327400145216967
test-11227,0.011173691066246001
test-11228,0.02217427113698822
test-11229,0.009645192367611993
test-1123,0.07896917855603469
test-11230,0.21374694385233545
test-11231,0.22699362463623343
test-11232,0.30902669917001296
test-11233,0.09477743102062279
test-11234,0.04980600810181098
test-11235,0.028316148330103482
test-11236,0.022170790664640335
test-11237,0.0400274080969263
test-11238,0.1080845850963316
test-11239,0.11586552923070194
test-1124,0.013702956274839927
test-11240,0.01871033819735631
test-11241,0.028151680321476857
test-11242,0.05044406830080165
test-11243,0.06769089613322582
test-11244,0.015449936841909206
test-11245,0.23921760259942376
test-11246,0.08817215171695508
test-11247,0.01418369341866158
test-11248,0.03851251611059329
test-11249,0.02526871653252804
test-1125,0.03671887494292443
test-11250,0.007616544616717188
test-11251,0.032574786682942385
test-11252,0.01263221411230989
test-11253,0.013267807383065749
test-11254,0.046888420473384124
test-11255,0.05339307069340168
test-11256,0.021695300684968544
test-11257,0.011216393389765666
test-11258,0.018338537871769357
test-11259,0.08661128354520885
test-1126,0.01419873093253441
test-11260,0.2921408309036412
test-11261,0.0744759739511813
test-11262,0.06143713757264335
test-11263,0.021444365893862925
test-11264,0.010281942696069685
test-11265,0.011848050962190729
test-11266,0.1550148693639413
test-11267,0.010561959026239895
test-11268,0.18469364960843815
test-11269,0.036786551379385295
test-1127,0.013270211418971034
test-11270,0.06317587078817818
test-11271,0.14747332839489383
test-11272,0.418179616953816
test-11273,0.19189432316498714
test-11274,0.04477997547847196
test-11275,0.024252480828655484
test-11276,0.2601385630122809
test-11277,0.02420353449582486
test-11278,0.0611243786593107
test-11279,0.1534649863528323
test-1128,0.013372829222712341
test-11280,0.12506789684804961
test-11281,0.14584971832814003
test-11282,0.08592132109463028
test-11283,0.009989042179174698
test-11284,0.019991383422369995
test-11285,0.04172878778683108
test-11286,0.03999612281848788
test-11287,0.029606294480519123
test-11288,0.14082235140207222
test-11289,0.0862336625748041
test-1129,0.06481842519820663
test-11290,0.1652572321825254
test-11291,0.040088680484209216
test-11292,0.16317959671786816
test-11293,0.014514191602360955
test-11294,0.011407158758801788
test-11295,0.38430157697721756
test-11296,0.10960321440149164
test-11297,0.13866216320832048
test-11298,0.01151766944992805
test-11299,0.19220876540417303
test-113,0.066228670482038
test-1130,0.10928441419957592
test-11300,0.2841424532080159
test-11301,0.012482542822953862
test-11302,0.007046299100528817
test-11303,0.019271569257165996
test-11304,0.0687732139720173
test-11305,0.0669392073111586
test-11306,0.02712610431248483
test-11307,0.018944594596437703
test-11308,0.024893910009438375
test-11309,0.027214829535358212
test-1131,0.03868164566351481
test-11310,0.023779048014595683
test-11311,0.030947233745069434
test-11312,0.018900944334793494
test-11313,0.01746355062895552
test-11314,0.05339307069340168
test-11315,0.06648904163958448
test-11316,0.09860381645007209
test-11317,0.2206057157686926
test-11318,0.1414550424540177
test-11319,0.02146090438220018
test-1132,0.18192040253405278
test-11320,0.27293311281498506
test-11321,0.03609783483951046
test-11322,0.013876298874662227
test-11323,0.2540797294583844
test-11324,0.18099326091374823
test-11325,0.16792650325075684
test-11326,0.045650731592900756
test-11327,0.09562249053953521
test-11328,0.05273939999786985
test-11329,0.023961401923104895
test-1133,0.034462792400414846
test-11330,0.016672827285670093
test-11331,0.022531734882921844
test-11332,0.015251012947311245
test-11333,0.010361474003305195
test-11334,0.01713162725269084
test-11335,0.02260864232360307
test-11336,0.13513861898426763
test-11337,0.28641784713248625
test-11338,0.23445546124094852
test-11339,0.06227855451010176
test-1134,0.23130909559743337
test-11340,0.03536573495970685
test-11341,0.04682237430398939
test-11342,0.32776457950214627
test-11343,0.03671101990914888
test-11344,0.009196390583884806
test-11345,0.21374212616947358
test-11346,0.020318408395238477
test-11347,0.0669392073111586
test-11348,0.010784293774430739
test-11349,0.04252105837468247
test-1135,0.0750783476116227
test-11350,0.03776885391726239
test-11351,0.010343889471935248
test-11352,0.021085770812891775
test-11353,0.024840373135949417
test-11354,0.07093379682994282
test-11355,0.018301876982309506
test-11356,0.016484079937305524
test-11357,0.012490472625968514
test-11358,0.05171662809895651
test-11359,0.24548824678331185
test-1136,0.14171471980108358
test-11360,0.11982158162229982
test-11361,0.01866628423848471
test-11362,0.05339307069340168
test-11363,0.07951901915259729
test-11364,0.18952537718199167
test-11365,0.024039659086970963
test-11366,0.0761463288834153
test-11367,0.039529712652610356
test-11368,0.0635033754169373
test-11369,0.09202441910592116
test-1137,0.038353391117821135
test-11370,0.03688892664497909
test-11371,0.1127279061666934
test-11372,0.08219192647824698
test-11373,0.10043660347057745
test-11374,0.03191253035693578
test-11375,0.01989419310007183
test-11376,0.2918941969318714
test-11377,0.01213836888840669
test-11378,0.01647870846103355
test-11379,0.010872254709810993
test-1138,0.007864476645476263
test-11380,0.013450442458460816
test-11381,0.09014556331031337
test-11382,0.015083228531428999
test-11383,0.18625193412062793
test-11384,0.18967810675260696
test-11385,0.06803412447426488
test-11386,0.3118696175210852
test-11387,0.01395859110368722
test-11388,0.06803412447426488
test-11389,0.024179513872872416
test-1139,0.04813482964611526
test-11390,0.24423126384063618
test-11391,0.043876271453007105
test-11392,0.012864146429992252
test-11393,0.2146401854709512
test-11394,0.12529905228316307
test-11395,0.016225563642576123
test-11396,0.0633109956557148
test-11397,0.0741313523368138
test-11398,0.28153257195100617
test-11399,0.01064683954097399
test-114,0.20369493349457646
test-1140,0.007764180895029008
test-11400,0.02697516011183198
test-11401,0.08104436183233167
test-11402,0.08003083037374147
test-11403,0.028764526117268947
test-11404,0.0751332706005262
test-11405,0.02543673422286786
test-11406,0.19241342068427683
test-11407,0.06388537646059199
test-11408,0.017901848817804725
test-11409,0.04167562980021376
test-1141,0.01576388546773723
test-11410,0.0512042315144709
test-11411,0.026458001887297435
test-11412,0.02131775874370997
test-11413,0.0669392073111586
test-11414,0.12674888661724748
test-11415,0.2009544635242713
test-11416,0.013990299462864638
test-11417,0.018453100211945673
test-11418,0.22797619176498318
test-11419,0.03593129388358587
test-1142,0.11613623462117006
test-11420,0.018606730004750334
test-11421,0.018966077248313003
test-11422,0.1272231830948213
test-11423,0.028124311401171685
test-11424,0.1793529640305347
test-11425,0.0173696774484928
test-11426,0.05770851464730254
test-11427,0.031189105334535148
test-11428,0.014373814663533477
test-11429,0.09654164180921557
test-1143,0.19532474065581526
test-11430,0.02039054301228802
test-11431,0.024710829196406887
test-11432,0.11607553849948815
test-11433,0.383538232856317
test-11434,0.08855448568457788
test-11435,0.015139694475553092
test-11436,0.2279181639604395
test-11437,0.039740847261598475
test-11438,0.13841888444456923
test-11439,0.06803412447426488
test-1144,0.06539602933621189
test-11440,0.023261699311322097
test-11441,0.021484889766452773
test-11442,0.1634682667488596
test-11443,0.18290777970589914
test-11444,0.16695447271917302
test-11445,0.01434380218778728
test-11446,0.10057770637618603
test-11447,0.026825590536879343
test-11448,0.056800758449615935
test-11449,0.012565655141139678
test-1145,0.06306806327952093
test-11450,0.04460285343050463
test-11451,0.012724074326219302
test-11452,0.02003303107586063
test-11453,0.024862967093442375
test-11454,0.03917665773519807
test-11455,0.21494707005057062
test-11456,0.030677648311008086
test-11457,0.16156947679401645
test-11458,0.25048608823799756
test-11459,0.028766857728360778
test-1146,0.14856452474225565
test-11460,0.28097426868046677
test-11461,0.045721967936823635
test-11462,0.11545054335608583
test-11463,0.06988294391780968
test-11464,0.059501922873155644
test-11465,0.010190304846586616
test-11466,0.06768120826802851
test-11467,0.07718609945349968
test-11468,0.1691722146272364
test-11469,0.011724398596932216
test-1147,0.15912332914262023
test-11470,0.027150578168154093
test-11471,0.012814636571119366
test-11472,0.1127279061666934
test-11473,0.020478722963327197
test-11474,0.013414864622922547
test-11475,0.08913710236656078
test-11476,0.2082556898317987
test-11477,0.1144593136138608
test-11478,0.18233041260119667
test-11479,0.14328999175700735
test-1148,0.14797729876817878
test-11480,0.01810641680166003
test-11481,0.3041208076584359
test-11482,0.057208372913760054
test-11483,0.028074783218479962
test-11484,0.008473041264920005
test-11485,0.09787796055403811
test-11486,0.02326557642326753
test-11487,0.009658549505538749
test-11488,0.13207564119353027
test-11489,0.027186919831332833
test-1149,0.006879201459746422
test-11490,0.01963140519380784
test-11491,0.016760124774978524
test-11492,0.0717614228732415
test-11493,0.0680293943451794
test-11494,0.008873947962337137
test-11495,0.1303768396786444
test-11496,0.3876156262935187
test-11497,0.09870796579632887
test-11498,0.1692589494286278
test-11499,0.022429688498095457
test-115,0.38559513995287437
test-1150,0.0803791673712937
test-11500,0.01810248753550836
test-11501,0.11489906261617051
test-11502,0.29844774729081663
test-11503,0.07896917855603469
test-11504,0.24484000937172093
test-11505,0.07495733912612221
test-11506,0.05003697088968722
test-11507,0.12876358123322917
test-11508,0.19955545937433553
test-11509,0.012728369743220213
test-1151,0.043008284767641486
test-11510,0.2783477460820518
test-11511,0.07357265692355214
test-11512,0.05708903617895381
test-11513,0.03544080451276304
test-11514,0.010823920664669872
test-11515,0.17557559549723942
test-11516,0.15651196648000157
test-11517,0.022498316709486953
test-11518,0.010750255070365774
test-11519,0.02419686401936694
test-1152,0.1584525970675068
test-11520,0.12663596937894922
test-11521,0.08592132109463028
test-11522,0.15978295999605027
test-11523,0.21415932714336497
test-11524,0.06479590904145786
test-11525,0.09860558372893533
test-11526,0.14928289879624207
test-11527,0.12551539266029219
test-11528,0.020091368148451545
test-11529,0.11143354841385297
test-1153,0.21507774479802383
test-11530,0.029905946713622712
test-11531,0.25661389500459447
test-11532,0.02857970739613037
test-11533,0.03373387910400396
test-11534,0.0319730744248689
test-11535,0.01782376926307503
test-11536,0.4180691065272857
test-11537,0.03657267932614759
test-11538,0.1077390524924957
test-11539,0.4016507412109098
test-1154,0.01213727251736746
test-11540,0.1598434388091098
test-11541,0.22108510010426716
test-11542,0.06400248909047847
test-11543,0.03908843035776648
test-11544,0.12375833124978083
test-11545,0.018186507398421474
test-11546,0.023536763594305964
test-11547,0.0669392073111586
test-11548,0.17612532494355154
test-11549,0.05339307069340168
test-1155,0.11657282542760625
test-11550,0.06781993388330633
test-11551,0.15300992656020343
test-11552,0.008595767668267628
test-11553,0.14595709685839786
test-11554,0.03319937918278354
test-11555,0.008878065461181594
test-11556,0.010125509219929498
test-11557,0.19086379305951837
test-11558,0.0196239540694193
test-11559,0.08555794585423347
test-1156,0.009679775075073225
test-11560,0.11760517563393508
test-11561,0.2603409694379137
test-11562,0.06782904708256753
test-11563,0.014185204848608121
test-11564,0.012256559785211393
test-11565,0.2586787760207775
test-11566,0.03345215723847901
test-11567,0.12426513400358717
test-11568,0.02200462339135053
test-11569,0.032316004014231695
test-1157,0.07088715882599066
test-11570,0.3267316099443742
test-11571,0.011452462859885637
test-11572,0.020118753383038986
test-11573,0.1659679613011725
test-11574,0.1479223494870763
test-11575,0.06760752740799293
test-11576,0.23773898560353512
test-11577,0.14531783612433033
test-11578,0.03269952919229992
test-11579,0.029606510902908004
test-1158,0.14772850722746445
test-11580,0.2569356583662437
test-11581,0.13078252592043085
test-11582,0.061577899304617906
test-11583,0.0242368306054827
test-11584,0.18677138741357222
test-11585,0.1504750092467743
test-11586,0.03843681002234036
test-11587,0.05413411039511413
test-11588,0.19134973174749248
test-11589,0.028867110452960597
test-1159,0.02018084262264146
test-11590,0.05696161965524481
test-11591,0.08456402092487758
test-11592,0.009264747281550021
test-11593,0.01603462185480531
test-11594,0.03562798081380685
test-11595,0.008679716647584289
test-11596,0.050202234884940404
test-11597,0.23834173434405717
test-11598,0.18961404099464235
test-11599,0.01578684851720793
test-116,0.06176584212121147
test-1160,0.13164010821402275
test-11600,0.020266537812292654
test-11601,0.01839432783474806
test-11602,0.01647870846103355
test-11603,0.09584288227634703
test-11604,0.00906634853515014
test-11605,0.02400065345261792
test-11606,0.15621697737652437
test-11607,0.09259846107883203
test-11608,0.03231425484253889
test-11609,0.010792309895153169
test-1161,0.022140189111233784
test-11610,0.04049860151896432
test-11611,0.03547515288990306
test-11612,0.024325515518196443
test-11613,0.28395496788566144
test-11614,0.07968413716300052
test-11615,0.09590178837117963
test-11616,0.21564967180219305
test-11617,0.07706400364475845
test-11618,0.13775918575813118
test-11619,0.0370178999960362
test-1162,0.2215808240564418
test-11620,0.022151630502359482
test-11621,0.04979375052851576
test-11622,0.1994222436283624
test-11623,0.059167370052159565
test-11624,0.06769227346933265
test-11625,0.03031289208457089
test-11626,0.1870805221873217
test-11627,0.024071599034344613
test-11628,0.022159727663263087
test-11629,0.04093797941520172
test-1163,0.014669658269365178
test-11630,0.23141360061598643
test-11631,0.07308671654724462
test-11632,0.018764989645458027
test-11633,0.06257412025403092
test-11634,0.011385186335865567
test-11635,0.009829009616108192
test-11636,0.010894618632715925
test-11637,0.08836831520520456
test-11638,0.010120486993500717
test-11639,0.2915453374490709
test-1164,0.05631796550108109
test-11640,0.014987729484367784
test-11641,0.2185593108379164
test-11642,0.04235347132646257
test-11643,0.016359611897247717
test-11644,0.06814243572924171
test-11645,0.11025666896035011
test-11646,0.3816390100398289
test-11647,0.013453465225895148
test-11648,0.019820846539124068
test-11649,0.20624805398166013
test-1165,0.014070767059789532
test-11650,0.06381155893117618
test-11651,0.034480762979866277
test-11652,0.0415622801415036
test-11653,0.32870061255949234
test-11654,0.14765657314827385
test-11655,0.018233802180678816
test-11656,0.243039087179672
test-11657,0.3426116950781942
test-11658,0.007217304080990135
test-11659,0.10592398426611001
test-1166,0.009018378796569537
test-11660,0.030187155519112774
test-11661,0.0846182167635542
test-11662,0.018841107114897244
test-11663,0.020348832513817226
test-11664,0.012075704752698844
test-11665,0.15479109186508844
test-11666,0.06980830189606753
test-11667,0.012170136762716879
test-11668,0.13868110117462717
test-11669,0.023429864108043916
test-1167,0.20231747083076063
test-11670,0.1238503598142504
test-11671,0.12201272632742247
test-11672,0.01198063250967757
test-11673,0.11551513948320963
test-11674,0.04475351461529831
test-11675,0.01391342941600044
test-11676,0.01924461470491976
test-11677,0.15241633641152563
test-11678,0.21526473863224665
test-11679,0.16472187426961593
test-1168,0.11181412898389054
test-11680,0.07802819961977205
test-11681,0.19123928155634112
test-11682,0.024401853806788262
test-11683,0.09787796055403811
test-11684,0.19263242985506848
test-11685,0.3398144478893152
test-11686,0.047360271427014364
test-11687,0.04234277462933081
test-11688,0.16217946957032703
test-11689,0.023220699751626002
test-1169,0.02829904178350029
test-11690,0.0669392073111586
test-11691,0.014716695020754173
test-11692,0.3068538788497498
test-11693,0.050848160961530386
test-11694,0.03965391919287372
test-11695,0.02510496719577298
test-11696,0.11837711933826955
test-11697,0.10101878733834549
test-11698,0.009908293435793901
test-11699,0.25527207447762684
test-117,0.09623241386352949
test-1170,0.06351204653578928
test-11700,0.04318365747279104
test-11701,0.1878712792752655
test-11702,0.010658865881544239
test-11703,0.12529905228316307
test-11704,0.01734339194779329
test-11705,0.061630316097152874
test-11706,0.26756917789023005
test-11707,0.061577899304617906
test-11708,0.02558309719942706
test-11709,0.04313873149353708
test-1171,0.014043087513018492
test-11710,0.08780758727151071
test-11711,0.09967505524039096
test-11712,0.20295230020650157
test-11713,0.13731171035429612
test-11714,0.0320456698792385
test-11715,0.15975377323683476
test-11716,0.007237947521964257
test-11717,0.060830464168921544
test-11718,0.18341966483262398
test-11719,0.1722016244041408
test-1172,0.02642022970934005
test-11720,0.1374522144843773
test-11721,0.4001140406804215
test-11722,0.13844485831116107
test-11723,0.01935072449674893
test-11724,0.01699839112286533
test-11725,0.018112197498282506
test-11726,0.1863499269023521
test-11727,0.2807114514746205
test-11728,0.010387522535771186
test-11729,0.04168052187363531
test-1173,0.30823218943765873
test-11730,0.01013555604881488
test-11731,0.24553775878439296
test-11732,0.26001418374394736
test-11733,0.028215527796812124
test-11734,0.01698919870726993
test-11735,0.25615169423469525
test-11736,0.11122798022174211
test-11737,0.14668745224551064
test-11738,0.01497030504655433
test-11739,0.1810368607107018
test-1174,0.2204775641355843
test-11740,0.05916175634361192
test-11741,0.06769089613322582
test-11742,0.058992534794928775
test-11743,0.05548982008946669
test-11744,0.023103161069253402
test-11745,0.04647704418218342
test-11746,0.025277330904421906
test-11747,0.0242368306054827
test-11748,0.15192696298005898
test-11749,0.018290525220486017
test-1175,0.14357009657288314
test-11750,0.1260951666741019
test-11751,0.06540769727775622
test-11752,0.05248642781578198
test-11753,0.14553694076409418
test-11754,0.01082254607082107
test-11755,0.03102231828808773
test-11756,0.010663423301942157
test-11757,0.07896917855603469
test-11758,0.037056248963493514
test-11759,0.01397662412231393
test-1176,0.017079055827678505
test-11760,0.011915342082579017
test-11761,0.0955966801524942
test-11762,0.03651751482718425
test-11763,0.00995501132189678
test-11764,0.047101791360365575
test-11765,0.10170370074257443
test-11766,0.11435142377717097
test-11767,0.09807853204460636
test-11768,0.22955003891592807
test-11769,0.40674954881879777
test-1177,0.012635314281526542
test-11770,0.01207833733478955
test-11771,0.005320735243441525
test-11772,0.039056486816039286
test-11773,0.009347857186837142
test-11774,0.06427222437325687
test-11775,0.01644443832879783
test-11776,0.1601633271616075
test-11777,0.023529249498726874
test-11778,0.29412316058065585
test-11779,0.04455356445495195
test-1178,0.051078454681553156
test-11780,0.1675562815855186
test-11781,0.04175940564781156
test-11782,0.3177209780356649
test-11783,0.21681861163041635
test-11784,0.060883214451825374
test-11785,0.009781624270692924
test-11786,0.06108085344638038
test-11787,0.008627559085162226
test-11788,0.1948771208514874
test-11789,0.18484252915089122
test-1179,0.08559218607046838
test-11790,0.030361335641013554
test-11791,0.22802144073524389
test-11792,0.010662682574406735
test-11793,0.19437756278325508
test-11794,0.1131961227554927
test-11795,0.053385009723128325
test-11796,0.03706775609688106
test-11797,0.013788535890784595
test-11798,0.10045207090218357
test-11799,0.045912583634055884
test-118,0.09387989230710353
test-1180,0.20151341891574484
test-11800,0.014368371452445561
test-11801,0.10468367609181511
test-11802,0.12048946527222239
test-11803,0.0073564685462153435
test-11804,0.1145562784460311
test-11805,0.07706027214198444
test-11806,0.025204023958251585
test-11807,0.013735814186933397
test-11808,0.024295032073659517
test-11809,0.1404644861188887
test-1181,0.12402770708736895
test-11810,0.0073178603575994455
test-11811,0.043446317897632564
test-11812,0.18097354916275402
test-11813,0.24815345262690333
test-11814,0.27420177997313505
test-11815,0.037727005467886716
test-11816,0.2783477460820518
test-11817,0.026656676188493874
test-11818,0.07020990310989685
test-11819,0.06742879463738471
test-1182,0.05400256287771402
test-11820,0.009778379081790725
test-11821,0.012317703993266827
test-11822,0.08266449768247468
test-11823,0.015198342693655971
test-11824,0.13751961474674382
test-11825,0.018018473567019595
test-11826,0.08716956973911896
test-11827,0.012839121869208391
test-11828,0.17509616192445288
test-11829,0.23996298663198007
test-1183,0.04425234030635769
test-11830,0.03347981761726967
test-11831,0.14884874844646795
test-11832,0.013607725206131176
test-11833,0.28658852668192814
test-11834,0.031253890195176035
test-11835,0.04113530642447656
test-11836,0.32372745703757216
test-11837,0.023709718842112364
test-11838,0.02304340253252498
test-11839,0.04152227551845106
test-1184,0.08426633602083414
test-11840,0.026178211184348717
test-11841,0.016112173180499595
test-11842,0.023098317986320685
test-11843,0.14610930149249626
test-11844,0.029406051649568013
test-11845,0.02023916405193718
test-11846,0.12663596937894922
test-11847,0.266343530816042
test-11848,0.016734085574049005
test-11849,0.2503502006831669
test-1185,0.15387722175174987
test-11850,0.07999009573824209
test-11851,0.05919720038112414
test-11852,0.02587155423034399
test-11853,0.17249831047961994
test-11854,0.33237016745917264
test-11855,0.0561326871389784
test-11856,0.06769227346933265
test-11857,0.36881380218906024
test-11858,0.00896964603642819
test-11859,0.0835583047848773
test-1186,0.06911982866215399
test-11860,0.08047338191401507
test-11861,0.08362263616145019
test-11862,0.010872137693981373
test-11863,0.09865143086310076
test-11864,0.021384040636021347
test-11865,0.08609290403162702
test-11866,0.10450695201307805
test-11867,0.03848682990119694
test-11868,0.021157889304133308
test-11869,0.023800887633378967
test-1187,0.035489466992254734
test-11870,0.01088003781109173
test-11871,0.3083251014143449
test-11872,0.12708907280055862
test-11873,0.024321177472782462
test-11874,0.01843912541157309
test-11875,0.1279927640437591
test-11876,0.19656278195933158
test-11877,0.048168580503564457
test-11878,0.2533168473107885
test-11879,0.15590533413000038
test-1188,0.12739532661369835
test-11880,0.10689522710034485
test-11881,0.1394463013726253
test-11882,0.01911722275687742
test-11883,0.010290101294208718
test-11884,0.2837977788254758
test-11885,0.010332491040065879
test-11886,0.019535524970281534
test-11887,0.012895528136949328
test-11888,0.019970467657672433
test-11889,0.20960867024856447
test-1189,0.14269427431242954
test-11890,0.03090182297406461
test-11891,0.010143921448943157
test-11892,0.031083380367699254
test-11893,0.07996334283829358
test-11894,0.012620444731754606
test-11895,0.09577148861252165
test-11896,0.010779221664752174
test-11897,0.02329272002258897
test-11898,0.10000315538152091
test-11899,0.01290397291490794
test-119,0.06259100480523434
test-1190,0.0945426955737185
test-11900,0.007954314128910565
test-11901,0.1477138482733431
test-11902,0.05339307069340168
test-11903,0.164816081151123
test-11904,0.009536575393289795
test-11905,0.07570544771894107
test-11906,0.10395376658764986
test-11907,0.057784776742759524
test-11908,0.06794476528463178
test-11909,0.15621519377851772
test-1191,0.02298457366954081
test-11910,0.07174791429479294
test-11911,0.2161509700564691
test-11912,0.016596345816381374
test-11913,0.26591887457319013
test-11914,0.0846182167635542
test-11915,0.010770662940188228
test-11916,0.008835065584363875
test-11917,0.26470587811782365
test-11918,0.014190680401017678
test-11919,0.026852243233890356
test-1192,0.029722055571492583
test-11920,0.3027891699501817
test-11921,0.028231343595340297
test-11922,0.011584392058117066
test-11923,0.015055945865462031
test-11924,0.030762682052362794
test-11925,0.016001911716410785
test-11926,0.09684507496264522
test-11927,0.017576507669825457
test-11928,0.0669392073111586
test-11929,0.10373811943857802
test-1193,0.014406211095714992
test-11930,0.00739550119636124
test-11931,0.018251800734197122
test-11932,0.0168635865410639
test-11933,0.11071474984123958
test-11934,0.0505030575009891
test-11935,0.31591825357461933
test-11936,0.2721475093698452
test-11937,0.12918576059224046
test-11938,0.011407158758801788
test-11939,0.29686516483855063
test-1194,0.044737550402162214
test-11940,0.02436531142295488
test-11941,0.06414303522091094
test-11942,0.17839559737897584
test-11943,0.1360808013438838
test-11944,0.023072311431702124
test-11945,0.030824307117331157
test-11946,0.3107632795004191
test-11947,0.02607160611317991
test-11948,0.40766560741859387
test-11949,0.0090085124797039
test-1195,0.027993093212685696
test-11950,0.11195160650339694
test-11951,0.315107226151039
test-11952,0.019693120099660556
test-11953,0.31688219617193125
test-11954,0.013224079839900834
test-11955,0.07586248337144359
test-11956,0.008367675566287766
test-11957,0.01820377791419219
test-11958,0.05991533301707127
test-11959,0.08460312044364876
test-1196,0.00718522225858116
test-11960,0.16917775824967515
test-11961,0.1387673956629297
test-11962,0.01860155645471002
test-11963,0.03734981763883501
test-11964,0.05439732685061262
test-11965,0.16328521707714858
test-11966,0.2137490213282956
test-11967,0.04252105837468247
test-11968,0.024132330381507732
test-11969,0.017576109142852472
test-1197,0.08408927059694289
test-11970,0.022625532028370966
test-11971,0.25608137029679146
test-11972,0.0279599443590851
test-11973,0.16402399837863393
test-11974,0.04310688122814835
test-11975,0.02075460189063199
test-11976,0.32562941803211465
test-11977,0.02415920082433453
test-11978,0.23815305766176148
test-11979,0.21444732257892524
test-1198,0.1916272560461472
test-11980,0.0666703927623374
test-11981,0.01019435428557345
test-11982,0.027698056014027098
test-11983,0.04688163618239434
test-11984,0.18473341870724308
test-11985,0.25121184318481943
test-11986,0.0172516846453715
test-11987,0.16486211923884836
test-11988,0.01185336629329547
test-11989,0.1171274179301902
test-1199,0.04366013585815974
test-11990,0.010663423301942157
test-11991,0.0322560369895652
test-11992,0.038858676080321085
test-11993,0.05003697088968722
test-11994,0.010792309895153169
test-11995,0.007888064653949579
test-11996,0.026545139500365595
test-11997,0.03468412793420472
test-11998,0.008091123689277807
test-11999,0.030755259014961907
test-12,0.039522828532856207
test-120,0.009067439718722514
test-1200,0.14377230772443195
test-12000,0.17645226684991447
test-12001,0.07742976727332086
test-12002,0.11676851791901022
test-12003,0.3438449663531443
test-12004,0.07701977975166505
test-12005,0.1317314789945105
test-12006,0.36200897067531884
test-12007,0.016129602202534087
test-12008,0.032333105074233426
test-12009,0.13513861898426763
test-1201,0.1250388080965417
test-12010,0.03211277025086865
test-12011,0.03215433194368996
test-12012,0.015921907898062318
test-12013,0.31856409440616573
test-12014,0.08685312191020479
test-12015,0.0263312419019216
test-12016,0.02548471732698708
test-12017,0.14654523565796426
test-12018,0.02168758810723696
test-12019,0.12157032525289527
test-1202,0.015079939996061366
test-12020,0.24782168864499474
test-12021,0.2465001741050387
test-12022,0.027733334773611923
test-12023,0.0635023401834717
test-12024,0.3136040974364507
test-12025,0.016034397019209622
test-12026,0.15189278932636924
test-12027,0.03088099828379269
test-12028,0.02576253633520363
test-12029,0.0847121761549324
test-1203,0.08001239813213591
test-12030,0.013517923030280281
test-12031,0.36841435193034855
test-12032,0.061577899304617906
test-12033,0.07228964764640888
test-12034,0.00995620510060449
test-12035,0.017966420703283806
test-12036,0.2770833602486561
test-12037,0.021876089994988378
test-12038,0.2821504810650358
test-12039,0.04753353567502341
test-1204,0.13862244516194522
test-12040,0.12614711902775436
test-12041,0.30902669917001296
test-12042,0.01361451672907304
test-12043,0.03196270842114395
test-12044,0.07913250533500736
test-12045,0.1641767102208373
test-12046,0.014015420810500232
test-12047,0.061577899304617906
test-12048,0.010033785748775769
test-12049,0.020765158300598368
test-1205,0.1611865146519279
test-12050,0.030351421199915827
test-12051,0.20624412553638036
test-12052,0.25320954807885265
test-12053,0.05819826020924195
test-12054,0.23790018508021482
test-12055,0.12221886442435181
test-12056,0.03244213733270591
test-12057,0.11543498080582862
test-12058,0.17249831047961994
test-12059,0.013492728304376396
test-1206,0.017080742386806857
test-12060,0.03485261905197301
test-12061,0.033829314992642405
test-12062,0.0553946759829815
test-12063,0.02407786011034364
test-12064,0.012089583370183482
test-12065,0.2377556408752139
test-12066,0.02332605369412843
test-12067,0.07131834678617197
test-12068,0.04447514865596863
test-12069,0.017632627147782968
test-1207,0.014487520644774283
test-12070,0.04257883826125134
test-12071,0.10022332301988479
test-12072,0.0556079358278801
test-12073,0.0291570275574304
test-12074,0.02453321478097623
test-12075,0.03151025125136784
test-12076,0.02085500448149167
test-12077,0.09764530415774901
test-12078,0.04299746735897741
test-12079,0.08333226699320705
test-1208,0.0443884445308298
test-12080,0.020875047330323786
test-12081,0.25121184318481943
test-12082,0.2509464776231174
test-12083,0.020210587292382003
test-12084,0.013085930916774745
test-12085,0.18924614281319913
test-12086,0.0381838727236181
test-12087,0.01769317842759674
test-12088,0.0669392073111586
test-12089,0.024239864302466857
test-1209,0.023050264000712715
test-12090,0.06108085344638038
test-12091,0.019919119511835268
test-12092,0.008518274564429416
test-12093,0.015375682458882522
test-12094,0.06390585972311909
test-12095,0.055661631508465044
test-12096,0.3727836611511935
test-12097,0.07321148603617267
test-12098,0.10709680506477123
test-12099,0.008649074284065986
test-121,0.022296175960891534
test-1210,0.08003102640790472
test-12100,0.09787796055403811
test-12101,0.022926245657470753
test-12102,0.0059476669451032005
test-12103,0.023560811472839397
test-12104,0.14928289879624207
test-12105,0.015511267105926764
test-12106,0.11420942051089034
test-12107,0.03272763303083791
test-12108,0.01459412857119011
test-12109,0.1398817640174991
test-1211,0.06539258678487116
test-12110,0.04915796025364789
test-12111,0.06818210307272066
test-12112,0.048216295187926694
test-12113,0.046590082307112056
test-12114,0.3458322041839201
test-12115,0.2273226015309941
test-12116,0.04252105837468247
test-12117,0.11804229421595193
test-12118,0.02769223141972348
test-12119,0.013134661762883007
test-1212,0.09526063506268198
test-12120,0.018465658870473637
test-12121,0.04420271586337634
test-12122,0.012219025329252814
test-12123,0.008886371841163974
test-12124,0.13531335465720096
test-12125,0.11915467749269004
test-12126,0.02013509085995286
test-12127,0.024913468428884013
test-12128,0.01560558134009874
test-12129,0.019600688926229338
test-1213,0.22932668412970975
test-12130,0.1145562784460311
test-12131,0.12945222451214353
test-12132,0.2246746843663995
test-12133,0.02897393377420685
test-12134,0.014030465313330992
test-12135,0.03770126474024685
test-12136,0.09252102504189896
test-12137,0.07144809744087487
test-12138,0.009178300187326793
test-12139,0.12874050072469972
test-1214,0.06674731994058714
test-12140,0.07995118387683771
test-12141,0.05606794838110589
test-12142,0.030740361723894445
test-12143,0.018894179040314592
test-12144,0.14422724061429212
test-12145,0.021970473759797677
test-12146,0.04202341700869789
test-12147,0.042865585978134065
test-12148,0.01734339194779329
test-12149,0.025087226367752413
test-1215,0.11771017102809483
test-12150,0.3147502131079928
test-12151,0.20800044389261507
test-12152,0.1575977855613648
test-12153,0.20768300850249446
test-12154,0.0473899537229315
test-12155,0.032473409444808275
test-12156,0.011686847105553138
test-12157,0.08013992888105673
test-12158,0.06811136138850249
test-12159,0.06371941920789438
test-1216,0.019525176507617172
test-12160,0.1734350822087201
test-12161,0.29432292633436624
test-12162,0.017968698051790084
test-12163,0.007956791940173112
test-12164,0.025849561077816708
test-12165,0.020157154595710266
test-12166,0.034214966741507605
test-12167,0.20710473336546434
test-12168,0.03714342592883424
test-12169,0.07597419614166305
test-1217,0.07098194652758132
test-12170,0.019171038714834904
test-12171,0.1308668922118058
test-12172,0.04809381052797252
test-12173,0.15626142690719005
test-12174,0.026928549592955594
test-12175,0.1803831407525411
test-12176,0.2049271445678963
test-12177,0.028338114423980827
test-12178,0.20368655124824386
test-12179,0.01623508412592168
test-1218,0.09605282325354514
test-12180,0.03902516233390028
test-12181,0.026659650485100717
test-12182,0.046009648738188004
test-12183,0.03810037006913914
test-12184,0.03535537156325064
test-12185,0.020635944045380834
test-12186,0.2912669682483306
test-12187,0.21678991858611896
test-12188,0.22943097356341885
test-12189,0.015044408143728299
test-1219,0.013335326618123509
test-12190,0.12541595125842697
test-12191,0.06281348632408099
test-12192,0.05015468531813707
test-12193,0.029753998439863007
test-12194,0.023398520900377848
test-12195,0.01838465928247676
test-12196,0.021267355106689628
test-12197,0.01684826637183303
test-12198,0.019778663358776604
test-12199,0.020510830447687176
test-122,0.013318048686505579
test-1220,0.1321408858171057
test-12200,0.11749244952409066
test-12201,0.10691445298677131
test-12202,0.09340085788796197
test-12203,0.013665464622962885
test-12204,0.14016814538363187
test-12205,0.03345653664424882
test-12206,0.06741088861698556
test-12207,0.03665635745323881
test-12208,0.016558593413636948
test-12209,0.0669392073111586
test-1221,0.029632488424714973
test-12210,0.019016407243113192
test-12211,0.017439111314467876
test-12212,0.013020752119142177
test-12213,0.016505685269562146
test-12214,0.01186565074989941
test-12215,0.11420211628809487
test-12216,0.05713561618892223
test-12217,0.020154264853233367
test-12218,0.017393810183378322
test-12219,0.020020983711372863
test-1222,0.007324244919853591
test-12220,0.012176951433708732
test-12221,0.1543693773528168
test-12222,0.040036434232552064
test-12223,0.012979146423643423
test-12224,0.08318470054355681
test-12225,0.1251636510011609
test-12226,0.022111977427366956
test-12227,0.06469214050042069
test-12228,0.007910347893739754
test-12229,0.017994498757789665
test-1223,0.024035271494723672
test-12230,0.3100155038108944
test-12231,0.047770894196888104
test-12232,0.04547541404116555
test-12233,0.09898593390942868
test-12234,0.08532214461400184
test-12235,0.06615590100679905
test-12236,0.01941199285184694
test-12237,0.26651143477008604
test-12238,0.10992253514952971
test-12239,0.3248333642869051
test-1224,0.1142255783461251
test-12240,0.01786410287148433
test-12241,0.029138940911620975
test-12242,0.015872369124070196
test-12243,0.20609912319742726
test-12244,0.01941653344345998
test-12245,0.07705995806044406
test-12246,0.03030032868580819
test-12247,0.025883457926204567
test-12248,0.015134569986125506
test-12249,0.17518888498600987
test-1225,0.16695447271917302
test-12250,0.01289229144309347
test-12251,0.09097141767076473
test-12252,0.06778404106474464
test-12253,0.013414864622922547
test-12254,0.015298111431351328
test-12255,0.007081318636756622
test-12256,0.00748951513257866
test-12257,0.3203868204994877
test-12258,0.09894217917792562
test-12259,0.15733940669018098
test-1226,0.05339307069340168
test-12260,0.016691753708180122
test-12261,0.011469895310600225
test-12262,0.09935030145420644
test-12263,0.33754593629652924
test-12264,0.04717267016417677
test-12265,0.022348933983537527
test-12266,0.013696792291224185
test-12267,0.05339307069340168
test-12268,0.010383362920948058
test-12269,0.20328189197121213
test-1227,0.2029289339805266
test-12270,0.2476340645018754
test-12271,0.06769227346933265
test-12272,0.2954234403200605
test-12273,0.03546352782233932
test-12274,0.02842552039311507
test-12275,0.09435854111353265
test-12276,0.023661627701113665
test-12277,0.2090951730610643
test-12278,0.01323817564959788
test-12279,0.019997987379416195
test-1228,0.09158775880204774
test-12280,0.02827639660142324
test-12281,0.12217460537820744
test-12282,0.03376808888379797
test-12283,0.022155610195133676
test-12284,0.29311088517192124
test-12285,0.16609809616161003
test-12286,0.04252105837468247
test-12287,0.02695036692577566
test-12288,0.17452926236046343
test-12289,0.030976363265738282
test-1229,0.05014292150926902
test-12290,0.011853086349337388
test-12291,0.16862936169275256
test-12292,0.02653300057092141
test-12293,0.3937301534634637
test-12294,0.31550847351172256
test-12295,0.27624202058574654
test-12296,0.024371586197671675
test-12297,0.09300695831753507
test-12298,0.1782304140788303
test-12299,0.0279928023704105
test-123,0.09043412984082652
test-1230,0.0203539526822755
test-12300,0.09235938523446557
test-12301,0.019637822993681046
test-12302,0.3609642290707718
test-12303,0.03975802090400712
test-12304,0.022989170357556408
test-12305,0.037486638302877136
test-12306,0.023921944576433256
test-12307,0.2032409244576833
test-12308,0.09948353453298346
test-12309,0.03434712390250838
test-1231,0.2715541865320858
test-12310,0.07958009128105223
test-12311,0.11764546501866649
test-12312,0.031751049529724976
test-12313,0.14945940739886726
test-12314,0.014858793512905392
test-12315,0.33181724004163393
test-12316,0.02196095523462089
test-12317,0.08556592131920776
test-12318,0.19800503156667143
test-12319,0.04475351461529831
test-1232,0.08693440055845011
test-12320,0.14153056253704444
test-12321,0.18233041260119667
test-12322,0.01888114590909955
test-12323,0.046024541209376414
test-12324,0.018190481687729583
test-12325,0.19583504058740633
test-12326,0.020436984620475496
test-12327,0.00966437869366505
test-12328,0.07685886702347625
test-12329,0.0846182167635542
test-1233,0.04378412977990962
test-12330,0.012894794976956158
test-12331,0.2093102916657436
test-12332,0.1806437179908115
test-12333,0.04688163618239434
test-12334,0.09251965102299423
test-12335,0.032930081089548965
test-12336,0.012103422481261304
test-12337,0.04233095400960704
test-12338,0.02794727297749191
test-12339,0.04420775060148265
test-1234,0.08632863705157362
test-12340,0.030070841641767418
test-12341,0.08196973207204497
test-12342,0.1414613327811813
test-12343,0.14374539030010125
test-12344,0.0186792526413361
test-12345,0.02415796136214165
test-12346,0.07669588406827843
test-12347,0.014489026392644893
test-12348,0.034013234676992986
test-12349,0.1359386701076766
test-1235,0.009016325584456078
test-12350,0.018703286206119635
test-12351,0.04171184329331723
test-12352,0.09145130705431076
test-12353,0.031593678426657834
test-12354,0.46852921370543127
test-12355,0.09787796055403811
test-12356,0.14765657314827385
test-12357,0.04272960321887053
test-12358,0.08104775548728126
test-12359,0.01889843448907557
test-1236,0.012638625129527487
test-12360,0.05934532602230927
test-12361,0.047276055594478304
test-12362,0.04003257443999831
test-12363,0.023643068199267755
test-12364,0.07874145513023809
test-12365,0.015830075242522088
test-12366,0.026265349053793186
test-12367,0.02685843953923619
test-12368,0.0576456442294101
test-12369,0.01831149002889323
test-1237,0.010494911518985826
test-12370,0.08163991213736675
test-12371,0.02162763429035931
test-12372,0.012037183282218217
test-12373,0.011422784241576235
test-12374,0.14607565985614943
test-12375,0.31621057372049344
test-12376,0.12819412947753134
test-12377,0.25419241988496205
test-12378,0.04366760106876654
test-12379,0.2129752933442284
test-1238,0.026082908518080095
test-12380,0.09987888224249576
test-12381,0.021836726719058883
test-12382,0.0252461268898016
test-12383,0.1817712308289261
test-12384,0.016535788173690502
test-12385,0.00917217060946236
test-12386,0.04166971932024224
test-12387,0.09004789510747266
test-12388,0.07352799977806966
test-12389,0.1943314627811826
test-1239,0.012611372737269793
test-12390,0.05400256287771402
test-12391,0.07802819961977205
test-12392,0.06464011803607342
test-12393,0.04781578534512291
test-12394,0.06534996481773249
test-12395,0.011853489689868166
test-12396,0.00799703152987778
test-12397,0.011133091143300772
test-12398,0.25543506311846015
test-12399,0.03964223044390521
test-124,0.020126331917915213
test-1240,0.27538985912732666
test-12400,0.05421658559613124
test-12401,0.011583834030945869
test-12402,0.1425004619838877
test-12403,0.19396131613575315
test-12404,0.038394384545767574
test-12405,0.0846182167635542
test-12406,0.02035688753337967
test-12407,0.0687732139720173
test-12408,0.02105043452516333
test-12409,0.02918051399446568
test-1241,0.030210845126949826
test-12410,0.1991011786608995
test-12411,0.00812445729178867
test-12412,0.018652603057594155
test-12413,0.01667654734407445
test-12414,0.18889237071174927
test-12415,0.07229435496868214
test-12416,0.2948370013637418
test-12417,0.0836160361599026
test-12418,0.026137222734713805
test-12419,0.07533363522417885
test-1242,0.09739335453573535
test-12420,0.008946082144988474
test-12421,0.03776291173030793
test-12422,0.04305206821292725
test-12423,0.22596209375856896
test-12424,0.043888163480925196
test-12425,0.031084981296932636
test-12426,0.017196122462499828
test-12427,0.23885751771125574
test-12428,0.08227449316788707
test-12429,0.0212599483375471
test-1243,0.2551100633965115
test-12430,0.04158870516437681
test-12431,0.18298155437570865
test-12432,0.39427979348673103
test-12433,0.017816205450150783
test-12434,0.141272206055732
test-12435,0.2508278874324729
test-12436,0.15916330007662174
test-12437,0.020210231013534554
test-12438,0.05759449642745958
test-12439,0.024201143783199323
test-1244,0.4178227809322402
test-12440,0.039477482084524645
test-12441,0.08224398632210934
test-12442,0.18436501198267205
test-12443,0.12756464018589395
test-12444,0.015298111431351328
test-12445,0.09922256408108703
test-12446,0.02009528051670963
test-12447,0.035400487193189646
test-12448,0.13872867763531785
test-12449,0.011916798004654179
test-1245,0.22856001613286342
test-12450,0.05558962465360108
test-12451,0.02498093125362282
test-12452,0.05896012090409313
test-12453,0.061187324816786154
test-12454,0.21817984413878694
test-12455,0.007834347980579411
test-12456,0.08720040418252628
test-12457,0.02750960850705585
test-12458,0.025001928254280516
test-12459,0.06845179840037012
test-1246,0.0669392073111586
test-12460,0.08236870456605004
test-12461,0.16156947679401645
test-12462,0.03991427570930743
test-12463,0.07871185426823762
test-12464,0.015907009616917517
test-12465,0.19947960319887648
test-12466,0.10463923012710602
test-12467,0.14440040411748933
test-12468,0.1408487658022275
test-12469,0.15907690331751662
test-1247,0.029108535710994258
test-12470,0.3488353564973475
test-12471,0.1736481146340571
test-12472,0.0543710632380584
test-12473,0.14553694076409418
test-12474,0.01320687091074038
test-12475,0.11593725857015826
test-12476,0.08003083037374147
test-12477,0.018900944334793494
test-12478,0.00617548649794762
test-12479,0.027874766862969688
test-1248,0.06179941159294881
test-12480,0.03611663395578433
test-12481,0.01637951720125255
test-12482,0.16864553000672164
test-12483,0.015288563844618292
test-12484,0.08474369681637463
test-12485,0.05003697088968722
test-12486,0.04892234913536842
test-12487,0.04976849558015114
test-12488,0.01583439832616836
test-12489,0.013057216099519476
test-1249,0.26895780744767483
test-12490,0.04823445848998834
test-12491,0.24524490890282866
test-12492,0.02009933707228577
test-12493,0.010962782892372543
test-12494,0.2584481709057259
test-12495,0.024678333358639365
test-12496,0.02810201023971615
test-12497,0.007532699055220277
test-12498,0.26264034753291254
test-12499,0.07441068943158052
test-125,0.0479372303625673
test-1250,0.07890146450581005
test-12500,0.016718173320483906
test-12501,0.1586802256377835
test-12502,0.13467564020783318
test-12503,0.07625239751304419
test-12504,0.20001227482753747
test-12505,0.07765548192385864
test-12506,0.13919012465966588
test-12507,0.016799975842627966
test-12508,0.008885780739832297
test-12509,0.012867775878074717
test-1251,0.1640780397702544
test-12510,0.1732998303511842
test-12511,0.013615973587587168
test-12512,0.16363597192723697
test-12513,0.07955672582119087
test-12514,0.13773212906300417
test-12515,0.07765548192385864
test-12516,0.13285538456904486
test-12517,0.30311173782463047
test-12518,0.0707119985986715
test-12519,0.01753735445722744
test-1252,0.013693103394799752
test-12520,0.1997270362605295
test-12521,0.02044449049858721
test-12522,0.03268736965241178
test-12523,0.04137545677268131
test-12524,0.07497782622479664
test-12525,0.09787796055403811
test-12526,0.0846182167635542
test-12527,0.06769227346933265
test-12528,0.0937148729763155
test-12529,0.01489030503095053
test-1253,0.023033424172010257
test-12530,0.1387126669232858
test-12531,0.028382016584310818
test-12532,0.021204272246159457
test-12533,0.010757514523993029
test-12534,0.02725398075443673
test-12535,0.1004287465521755
test-12536,0.0765176442062777
test-12537,0.02278778952827351
test-12538,0.1375589617893924
test-12539,0.009916331383572589
test-1254,0.0909994081593115
test-12540,0.044200675822435566
test-12541,0.024829796508104438
test-12542,0.2619035828500112
test-12543,0.023296978267347977
test-12544,0.005382531384864998
test-12545,0.011460591743747812
test-12546,0.021362922696101617
test-12547,0.009538998399251233
test-12548,0.3737035440811357
test-12549,0.012246164900448272
test-1255,0.37837249077349633
test-12550,0.1118971399716857
test-12551,0.08521289794620754
test-12552,0.14587028614505246
test-12553,0.05240814271164871
test-12554,0.007632716343211773
test-12555,0.16080574676247242
test-12556,0.013338044580800956
test-12557,0.04128799741225125
test-12558,0.09001299496252613
test-12559,0.15971367091602462
test-1256,0.04036661799613826
test-12560,0.03563965779772
test-12561,0.06283376483143738
test-12562,0.07915260673878194
test-12563,0.05771157204914951
test-12564,0.017668097819681098
test-12565,0.01664545918041222
test-12566,0.18602269558976806
test-12567,0.054864398406843665
test-12568,0.009757930209360792
test-12569,0.24948108515126716
test-1257,0.028277848795343924
test-12570,0.011293326181864603
test-12571,0.020066065506355955
test-12572,0.013720289891904736
test-12573,0.04105668162550797
test-12574,0.12079538800931407
test-12575,0.0451637865520096
test-12576,0.3595583014491572
test-12577,0.06800609576814612
test-12578,0.2360105947080205
test-12579,0.015495060389863034
test-1258,0.12067617585018717
test-12580,0.20004951330933027
test-12581,0.007941880632707052
test-12582,0.047502964104643344
test-12583,0.10110168551135676
test-12584,0.09967505524039096
test-12585,0.19960659581769996
test-12586,0.08302136021489936
test-12587,0.16807037265933783
test-12588,0.041984843529396375
test-12589,0.07695023392146606
test-1259,0.25525976544944223
test-12590,0.0756117132883021
test-12591,0.0166650115325174
test-12592,0.05545248906927336
test-12593,0.024267165183531027
test-12594,0.009962358147760855
test-12595,0.013341458467498775
test-12596,0.03991427570930743
test-12597,0.025011250268324806
test-12598,0.17126755906342694
test-12599,0.013214538084454972
test-126,0.032598386432795
test-1260,0.06795942768630886
test-12600,0.024380890672711816
test-12601,0.03670189167955589
test-12602,0.05591491040930066
test-12603,0.07324343561030845
test-12604,0.007785501302675856
test-12605,0.22686356467607804
test-12606,0.08242101705733562
test-12607,0.019964071602929564
test-12608,0.015647602265369945
test-12609,0.20118982718149842
test-1261,0.015372129517491508
test-12610,0.1846915316008494
test-12611,0.18451885475250399
test-12612,0.10480555147631153
test-12613,0.009364607435393092
test-12614,0.019988992722757008
test-12615,0.011915342082579017
test-12616,0.019282722948781483
test-12617,0.07154554671561687
test-12618,0.14584971832814003
test-12619,0.026159471804498968
test-1262,0.226504450721427
test-12620,0.07968357646120204
test-12621,0.3114606284064005
test-12622,0.03403229016725438
test-12623,0.17299771846314532
test-12624,0.00860554988222514
test-12625,0.05013614461450201
test-12626,0.007730385881726165
test-12627,0.018164864363186865
test-12628,0.03829047585758286
test-12629,0.2427378515056465
test-1263,0.11094171495979958
test-12630,0.06983136155849988
test-12631,0.20083709230681257
test-12632,0.034001009922780275
test-12633,0.2728302022203305
test-12634,0.010418089948193507
test-12635,0.21873611268219392
test-12636,0.016659087838733707
test-12637,0.05925569994713779
test-12638,0.029938427210117434
test-12639,0.023365772919033252
test-1264,0.017528932047499304
test-12640,0.03210706277052363
test-12641,0.03014906699396705
test-12642,0.01075325181567911
test-12643,0.03611663395578433
test-12644,0.0687732139720173
test-12645,0.019174616478777426
test-12646,0.026216930443764126
test-12647,0.16609457965498184
test-12648,0.0073508223063123174
test-12649,0.03617199225523822
test-1265,0.013988362987734999
test-12650,0.08811147415303623
test-12651,0.17274901817409685
test-12652,0.2666385147557202
test-12653,0.2588643955214268
test-12654,0.09787796055403811
test-12655,0.14917253254596
test-12656,0.03250110869935214
test-12657,0.05967457136965049
test-12658,0.03993847469884197
test-12659,0.242134587296234
test-1266,0.06886462298504759
test-12660,0.14505431534435373
test-12661,0.0352068490292321
test-12662,0.03035657021106871
test-12663,0.07474547745056973
test-12664,0.011792102812088508
test-12665,0.036198202697409525
test-12666,0.04572752928641162
test-12667,0.012606544823982312
test-12668,0.06064751142931745
test-12669,0.022715255732590416
test-1267,0.012119203612595403
test-12670,0.0853103464573093
test-12671,0.11311205168382736
test-12672,0.03828298195626058
test-12673,0.06924483231466345
test-12674,0.07607478758228729
test-12675,0.2586205245949998
test-12676,0.05511419052187923
test-12677,0.0688652416913794
test-12678,0.16163009027687558
test-12679,0.028294558147524507
test-1268,0.037529159108555456
test-12680,0.03158986801503199
test-12681,0.09436734373606982
test-12682,0.0871060505599708
test-12683,0.00909154067014356
test-12684,0.12954064052101308
test-12685,0.34375989256772793
test-12686,0.009549400074300008
test-12687,0.0669392073111586
test-12688,0.24570328780519063
test-12689,0.009027270520460354
test-1269,0.21720892680606507
test-12690,0.12311305966832613
test-12691,0.07294400129071116
test-12692,0.019990178491691487
test-12693,0.09526063506268198
test-12694,0.06634358790172522
test-12695,0.033584882621283556
test-12696,0.1499344686363919
test-12697,0.1527908173977836
test-12698,0.018066508399816033
test-12699,0.0687732139720173
test-127,0.05368058579374111
test-1270,0.014080232656244744
test-12700,0.2640580985112414
test-12701,0.015421895114666859
test-12702,0.18115070335284145
test-12703,0.029424911039384563
test-12704,0.01648737310896468
test-12705,0.008266586590694994
test-12706,0.03950915470502685
test-12707,0.004928581696131577
test-12708,0.35273826187441965
test-12709,0.2548125002849317
test-1271,0.08856856241329597
test-12710,0.21292073172533688
test-12711,0.01658016065652691
test-12712,0.033767770849542925
test-12713,0.05142626525478835
test-12714,0.12657670002844543
test-12715,0.016690615265567477
test-12716,0.02204406460244386
test-12717,0.2585878675285208
test-12718,0.021166939412477433
test-12719,0.007007927797979744
test-1272,0.01604621509099441
test-12720,0.0744759739511813
test-12721,0.1288450262425747
test-12722,0.02558887863721941
test-12723,0.021897547199144964
test-12724,0.005535317064315264
test-12725,0.023504699031333474
test-12726,0.04688163618239434
test-12727,0.0297646615842329
test-12728,0.033338878559655
test-12729,0.013172904461993032
test-1273,0.04311903600151985
test-12730,0.01752286089152327
test-12731,0.03171412745320248
test-12732,0.02673212915067041
test-12733,0.02640054657602906
test-12734,0.08006559696512346
test-12735,0.383538232856317
test-12736,0.07096446565888062
test-12737,0.12663596937894922
test-12738,0.02524931636399987
test-12739,0.017249740883183408
test-1274,0.2181341393573229
test-12740,0.14604129493482032
test-12741,0.044005095122758714
test-12742,0.2731702939575865
test-12743,0.3391516253436453
test-12744,0.09787796055403811
test-12745,0.1368321145500669
test-12746,0.011019520813297127
test-12747,0.07334905190208277
test-12748,0.09787796055403811
test-12749,0.30902669917001296
test-1275,0.042638902986447964
test-12750,0.01211025787340365
test-12751,0.01924386297414794
test-12752,0.1637219398744848
test-12753,0.011214343282709805
test-12754,0.14736298863584063
test-12755,0.06108085344638038
test-12756,0.0366900459855652
test-12757,0.22082997130686116
test-12758,0.009643941529102664
test-12759,0.016740870732518703
test-1276,0.02084921053846163
test-12760,0.25541852355787653
test-12761,0.0048292581609388095
test-12762,0.05697018372053848
test-12763,0.01595785140581346
test-12764,0.005098525032265968
test-12765,0.018021777647103866
test-12766,0.16305435501197293
test-12767,0.1254327591771925
test-12768,0.010738395459779365
test-12769,0.28281744042825685
test-1277,0.02458254613320962
test-12770,0.010517856824598831
test-12771,0.0355101577901268
test-12772,0.01215831865106918
test-12773,0.01631458959201829
test-12774,0.3937301534634637
test-12775,0.05584788534292676
test-12776,0.12125286830571412
test-12777,0.12466564908881349
test-12778,0.04638962464705886
test-12779,0.07765548192385864
test-1278,0.007146362494287588
test-12780,0.20081058155395734
test-12781,0.04579592616363729
test-12782,0.07217711303486589
test-12783,0.012996013519925062
test-12784,0.19144115631387876
test-12785,0.2598040213762738
test-12786,0.04834224144459786
test-12787,0.056719954711376405
test-12788,0.013850230291545152
test-12789,0.017555826116074882
test-1279,0.013428843715478823
test-12790,0.27759722355372984
test-12791,0.4063727899228229
test-12792,0.025088822733661618
test-12793,0.03721776497741284
test-12794,0.028059523018844117
test-12795,0.3513811410034723
test-12796,0.03309129114246612
test-12797,0.02681625509357138
test-12798,0.1723436450086905
test-12799,0.19183156043900532
test-128,0.0566852754049233
test-1280,0.1890551296099193
test-12800,0.03561913776152172
test-12801,0.07984600052248031
test-12802,0.10022332301988479
test-12803,0.021004990442562935
test-12804,0.17221796686571475
test-12805,0.10677796590959673
test-12806,0.15355553489526044
test-12807,0.010424506124110547
test-12808,0.10902055418349572
test-12809,0.07618122952028253
test-1281,0.07896917855603469
test-12810,0.06803412447426488
test-12811,0.1398388875173638
test-12812,0.013117979710711396
test-12813,0.016887956753437097
test-12814,0.04995241477212441
test-12815,0.01614509457073072
test-12816,0.04470844808050227
test-12817,0.021169596496935963
test-12818,0.01567898751192381
test-12819,0.2864951346898874
test-1282,0.006479615276428538
test-12820,0.16229563383958276
test-12821,0.008803549338414193
test-12822,0.2343729101036418
test-12823,0.08676426786931425
test-12824,0.009970833194960133
test-12825,0.009971385509223689
test-12826,0.14192907338873129
test-12827,0.019793137975039652
test-12828,0.09577148861252165
test-12829,0.09264319056768235
test-1283,0.13844485831116107
test-12830,0.013363051635647417
test-12831,0.07402626580608411
test-12832,0.0734601900561724
test-12833,0.015427878701285074
test-12834,0.032125925499923845
test-12835,0.19549096309961705
test-12836,0.07807872085554522
test-12837,0.052587175427313934
test-12838,0.009603901900972869
test-12839,0.07472635755444809
test-1284,0.06613128233036399
test-12840,0.011053901507908484
test-12841,0.021550013156332117
test-12842,0.014247320141075999
test-12843,0.20872243761645326
test-12844,0.25617523701832695
test-12845,0.015629128177419183
test-12846,0.04996277036834255
test-12847,0.12243265641665092
test-12848,0.04263565116550552
test-12849,0.15335696041410019
test-1285,0.039087133545359566
test-12850,0.025394287934937348
test-12851,0.009275679175115969
test-12852,0.01842193025859687
test-12853,0.23155840804393132
test-12854,0.04001492249288413
test-12855,0.10972695116499522
test-12856,0.006250531289235153
test-12857,0.034150538018588306
test-12858,0.315107226151039
test-12859,0.07092435022806931
test-1286,0.19712386909217475
test-12860,0.012566060664084179
test-12861,0.019519375905422413
test-12862,0.10838217122381347
test-12863,0.022487548992525405
test-12864,0.012347456766694303
test-12865,0.0669392073111586
test-12866,0.08736523878589683
test-12867,0.1121463017054305
test-12868,0.28340219680734113
test-12869,0.0669392073111586
test-1287,0.14141331355467035
test-12870,0.20313528829574914
test-12871,0.1722961348586283
test-12872,0.0614065764434425
test-12873,0.009071822177896698
test-12874,0.26992760928069953
test-12875,0.16631020871831356
test-12876,0.05717227466891522
test-12877,0.09249020558370244
test-12878,0.012541799477369048
test-12879,0.05323044853931739
test-1288,0.1313395705021038
test-12880,0.2435721589462524
test-12881,0.013863757506694333
test-12882,0.026429486535299328
test-12883,0.17903802988922818
test-12884,0.03978214579057005
test-12885,0.0749588299774694
test-12886,0.3461630895183072
test-12887,0.00944840316476947
test-12888,0.05797357599053859
test-12889,0.022146481751083982
test-1289,0.33635535843854614
test-12890,0.031126133101871924
test-12891,0.2874153775199765
test-12892,0.14920081651274017
test-12893,0.19319438777168021
test-12894,0.009019432199058054
test-12895,0.014613364868543479
test-12896,0.05339307069340168
test-12897,0.03647394210702215
test-12898,0.01477386429691988
test-12899,0.007899484192530878
test-129,0.07896882154180794
test-1290,0.01290425093543048
test-12900,0.10395376658764986
test-12901,0.012129342837688491
test-12902,0.0480874289899147
test-12903,0.01901455801184665
test-12904,0.01990196342814958
test-12905,0.008278094030578734
test-12906,0.015859972816385424
test-12907,0.013358965006402991
test-12908,0.01270444496264081
test-12909,0.009395485615268678
test-1291,0.11484671683258367
test-12910,0.20027071149056763
test-12911,0.020767248171145784
test-12912,0.032865331442535894
test-12913,0.022306528153227215
test-12914,0.021616954293832546
test-12915,0.13604254939917976
test-12916,0.028074783218479962
test-12917,0.07886389856148882
test-12918,0.02782787332490275
test-12919,0.22521833703005942
test-1292,0.019093398187327363
test-12920,0.07397796600996137
test-12921,0.017784828409473978
test-12922,0.009761627608189941
test-12923,0.019924748028254675
test-12924,0.009617386942677933
test-12925,0.013063690902990964
test-12926,0.023374064158155183
test-12927,0.1677486064994589
test-12928,0.08335678064275615
test-12929,0.05164662967135412
test-1293,0.12081842107466875
test-12930,0.023960406355158018
test-12931,0.0127553785908678
test-12932,0.0682226902476469
test-12933,0.014479396772595115
test-12934,0.02161815235573405
test-12935,0.01745261968599907
test-12936,0.008029326362355045
test-12937,0.06803412447426488
test-12938,0.06062973802743138
test-12939,0.015784163602460304
test-1294,0.0131459111303747
test-12940,0.017780339240549385
test-12941,0.011978246993917774
test-12942,0.2205614018356161
test-12943,0.02528503102935771
test-12944,0.08050321265552894
test-12945,0.011082119817985375
test-12946,0.04952389903048294
test-12947,0.01009389627723342
test-12948,0.1689062546555527
test-12949,0.02031613517770343
test-1295,0.1215767456856973
test-12950,0.09396432828098321
test-12951,0.13482307759907056
test-12952,0.052206679298670185
test-12953,0.06476051338224029
test-12954,0.0744759739511813
test-12955,0.05208457129373567
test-12956,0.013147283210097827
test-12957,0.0706866523648104
test-12958,0.0360141579528536
test-12959,0.08788120190007584
test-1296,0.009040238452191079
test-12960,0.052760928934838594
test-12961,0.31639113532117935
test-12962,0.03281653423827879
test-12963,0.018650596197910593
test-12964,0.16442818833946135
test-12965,0.017808423708689212
test-12966,0.1315543301261433
test-12967,0.026252981472054637
test-12968,0.20944165253233823
test-12969,0.028109776876649582
test-1297,0.01773843386108872
test-12970,0.023059996711211256
test-12971,0.04363145236447255
test-12972,0.12741481620880088
test-12973,0.01916760685196125
test-12974,0.18881822412438695
test-12975,0.046863392915156794
test-12976,0.26389604916193926
test-12977,0.12895610444047473
test-12978,0.012546477821149345
test-12979,0.0601209595526885
test-1298,0.02217600381674568
test-12980,0.016257464133831095
test-12981,0.22861279947410776
test-12982,0.02449644764351692
test-12983,0.17820205542073778
test-12984,0.07955672582119087
test-12985,0.04807727630867101
test-12986,0.0523951083484575
test-12987,0.15778363359740172
test-12988,0.21121460453772745
test-12989,0.016107532620456343
test-1299,0.05608161125235809
test-12990,0.23756077870043113
test-12991,0.07193350607547025
test-12992,0.01426797107634645
test-12993,0.1543693773528168
test-12994,0.034462792400414846
test-12995,0.015472034387654906
test-12996,0.1243143389854933
test-12997,0.21968665016045746
test-12998,0.046009648738188004
test-12999,0.008445851937243684
test-13,0.014075434219351764
test-130,0.020046699504640306
test-1300,0.02231931604057267
test-13000,0.013875711985147388
test-13001,0.08859236866885901
test-13002,0.1531427654283474
test-13003,0.14790504279192454
test-13004,0.03232262741165881
test-13005,0.10278149339027744
test-13006,0.005486120031355181
test-13007,0.2811402219300728
test-13008,0.018269962257362656
test-13009,0.03394648889383415
test-1301,0.038382651072094584
test-13010,0.17134891043664044
test-13011,0.06564334507454683
test-13012,0.19267810391355925
test-13013,0.045697357260386304
test-13014,0.03603062294911097
test-13015,0.009923332300372222
test-13016,0.04475351461529831
test-13017,0.35324965960161464
test-13018,0.03669242762606015
test-13019,0.013305549181691868
test-1302,0.14730782852168617
test-13020,0.008272482686289459
test-13021,0.09526063506268198
test-13022,0.2525033672181185
test-13023,0.0346546250208923
test-13024,0.28309756851400286
test-13025,0.15732183451376391
test-13026,0.010688541264593539
test-13027,0.09987131729732862
test-13028,0.015490246712015245
test-13029,0.08543612012073748
test-1303,0.010796078097633298
test-13030,0.06860306157812375
test-13031,0.02358051986630842
test-13032,0.01348157169588739
test-13033,0.15902470614744457
test-13034,0.03844984219308365
test-13035,0.12143263438525861
test-13036,0.13734469311397798
test-13037,0.09860381645007209
test-13038,0.014717337626108036
test-13039,0.17453943270754735
test-1304,0.1476863693361485
test-13040,0.017784828409473978
test-13041,0.1820546051019553
test-13042,0.014207647795824514
test-13043,0.2219094802675108
test-13044,0.1762914417967816
test-13045,0.022257865222853015
test-13046,0.09709439739174656
test-13047,0.009995477493769478
test-13048,0.03064355180377492
test-13049,0.2827862910448411
test-1305,0.041994584683696344
test-13050,0.09125455675359175
test-13051,0.013082838540755223
test-13052,0.011119475250859915
test-13053,0.07969712720890926
test-13054,0.0846182167635542
test-13055,0.18738564884269696
test-13056,0.025931303725425795
test-13057,0.014219451056583463
test-13058,0.2971888923609202
test-13059,0.03948727000429106
test-1306,0.02537791633039902
test-13060,0.033904668468814826
test-13061,0.019859737576333403
test-13062,0.05388375737715974
test-13063,0.011686502467895581
test-13064,0.019838178938345802
test-13065,0.10636378883462726
test-13066,0.11709343371842393
test-13067,0.06056403998399332
test-13068,0.018934148922313935
test-13069,0.22581434605288792
test-1307,0.06108085344638038
test-13070,0.10096323896837354
test-13071,0.022615961492595378
test-13072,0.012962765446716897
test-13073,0.09787796055403811
test-13074,0.07322759862993475
test-13075,0.06367838307313448
test-13076,0.014561595977396728
test-13077,0.022183722481522155
test-13078,0.15746892111298574
test-13079,0.008207336432388804
test-1308,0.015341425456596896
test-13080,0.20575767363358902
test-13081,0.023739006322485847
test-13082,0.0644919304390309
test-13083,0.25114366048691933
test-13084,0.16841087957145193
test-13085,0.015176192406273194
test-13086,0.024415899358510962
test-13087,0.19133299358240374
test-13088,0.0319941167712601
test-13089,0.0842403462469756
test-1309,0.20038763307567561
test-13090,0.2589172482627951
test-13091,0.04512959899799005
test-13092,0.19912251615318935
test-13093,0.14921397911371218
test-13094,0.0868884526264283
test-13095,0.09262701101096632
test-13096,0.013907766707716807
test-13097,0.397614374502815
test-13098,0.011974521801971193
test-13099,0.017956544546134354
test-131,0.026011756952881656
test-1310,0.18374401649223507
test-13100,0.014080232656244744
test-13101,0.3151867761663908
test-13102,0.04424433169411087
test-13103,0.08003083037374147
test-13104,0.0416992395169818
test-13105,0.02322910502389115
test-13106,0.007502152466879437
test-13107,0.09904317376961135
test-13108,0.007590240423586719
test-13109,0.05655538410699278
test-1311,0.04057142147963503
test-13110,0.1404644861188887
test-13111,0.12369212190064245
test-13112,0.049959356534050224
test-13113,0.008834765065150825
test-13114,0.02878436699643886
test-13115,0.10138544046001763
test-13116,0.020184049019556536
test-13117,0.011082051018715226
test-13118,0.2717015764748032
test-13119,0.010340938187847648
test-1312,0.01064932483791408
test-13120,0.18510439878009813
test-13121,0.037658600636406254
test-13122,0.06510965119750055
test-13123,0.012105798664125613
test-13124,0.1743804708349997
test-13125,0.026337828764303985
test-13126,0.03272346744499577
test-13127,0.011541535725045904
test-13128,0.012475134887050371
test-13129,0.009952251299742086
test-1313,0.03185243136377257
test-13130,0.06320293454194395
test-13131,0.2364824725462624
test-13132,0.020717121923132104
test-13133,0.10752235278874965
test-13134,0.020435944047328285
test-13135,0.023166836780113928
test-13136,0.12175929085423742
test-13137,0.031670993768966094
test-13138,0.15004116666827663
test-13139,0.117731159325036
test-1314,0.3404928755920498
test-13140,0.021700944982932895
test-13141,0.15657438697250414
test-13142,0.06902434642406104
test-13143,0.04108598022892526
test-13144,0.018489971918605776
test-13145,0.19446337121401386
test-13146,0.08515524703619663
test-13147,0.017468787028847965
test-13148,0.043277387949846924
test-13149,0.017630767195447997
test-1315,0.03644686727082128
test-13150,0.09083446741898887
test-13151,0.029962301639045983
test-13152,0.1543693773528168
test-13153,0.19286334359055451
test-13154,0.08144821650511049
test-13155,0.04303554390707466
test-13156,0.09673533330374554
test-13157,0.010582702190024884
test-13158,0.010279519321885379
test-13159,0.009334533061188479
test-1316,0.03961310086372796
test-13160,0.114488886580418
test-13161,0.01696954403051426
test-13162,0.049952482123110535
test-13163,0.006876720858333979
test-13164,0.25797514139886324
test-13165,0.021109808923758338
test-13166,0.2032845607945445
test-13167,0.026305008127887237
test-13168,0.024886759032378924
test-13169,0.30185699901733215
test-1317,0.03170016340057737
test-13170,0.009056488261438116
test-13171,0.02495036967294376
test-13172,0.008061794931849761
test-13173,0.19452707524201207
test-13174,0.10871403359031594
test-13175,0.17645226684991447
test-13176,0.11573774078165269
test-13177,0.04161447034907918
test-13178,0.13297106321027036
test-13179,0.09582168725058328
test-1318,0.017241857772439216
test-13180,0.13091466015450318
test-13181,0.13844485831116107
test-13182,0.08109075990162078
test-13183,0.1944346418129891
test-13184,0.19387383309315231
test-13185,0.05017526128760304
test-13186,0.16763760479105108
test-13187,0.00928812140400781
test-13188,0.012567307765337163
test-13189,0.020900001010754194
test-1319,0.017915098956195377
test-13190,0.009184593177745472
test-13191,0.019011715733584806
test-13192,0.009528801957913828
test-13193,0.053236100466590296
test-13194,0.17592433752030812
test-13195,0.02690570946347968
test-13196,0.04846816447437945
test-13197,0.0107737244286625
test-13198,0.12012243557059
test-13199,0.1538354278270646
test-132,0.010263250515758314
test-1320,0.05737326441844828
test-13200,0.032385399933909945
test-13201,0.016801882487764087
test-13202,0.013412700836210538
test-13203,0.06769227346933265
test-13204,0.022697678926294606
test-13205,0.07386066942825245
test-13206,0.019722223941299407
test-13207,0.27152839786586497
test-13208,0.08788120190007584
test-13209,0.12663596937894922
test-1321,0.008402140388902513
test-13210,0.07580449780335352
test-13211,0.22078431555164443
test-13212,0.020456235446552447
test-13213,0.11631172142887246
test-13214,0.02398206986845058
test-13215,0.2567792435506779
test-13216,0.0958684438431074
test-13217,0.011591136114809617
test-13218,0.031286212133887346
test-13219,0.1449084615349769
test-1322,0.16319868910555296
test-13220,0.026208946081001265
test-13221,0.10622682997917558
test-13222,0.08529842563131151
test-13223,0.19201322980985594
test-13224,0.03259746704844118
test-13225,0.008367675566287766
test-13226,0.033401323957433234
test-13227,0.02473208769067956
test-13228,0.010388978101442018
test-13229,0.164816081151123
test-1323,0.26626554479050635
test-13230,0.10812230317096443
test-13231,0.07020006058797508
test-13232,0.03448571277346453
test-13233,0.383274085536843
test-13234,0.012038556350271793
test-13235,0.22741195458283373
test-13236,0.017889845278087686
test-13237,0.30902669917001296
test-13238,0.20912234921890752
test-13239,0.1997903522570907
test-1324,0.02918085347034966
test-13240,0.03244009572233
test-13241,0.10740453106175799
test-13242,0.11602862749152244
test-13243,0.1050637505212069
test-13244,0.2112533298621851
test-13245,0.1909611809516123
test-13246,0.05340451783684547
test-13247,0.13726071573070886
test-13248,0.02765514104300002
test-13249,0.08825557869745343
test-1325,0.008523297695770095
test-13250,0.25252503407177396
test-13251,0.06700027669642404
test-13252,0.02125407344618614
test-13253,0.07450185315109102
test-13254,0.24581620988135167
test-13255,0.14569414636332315
test-13256,0.13731171035429612
test-13257,0.023771788257441275
test-13258,0.020210587292382003
test-13259,0.013113490635681013
test-1326,0.016300953882714922
test-13260,0.0185690874767532
test-13261,0.026017942455827617
test-13262,0.12819412947753134
test-13263,0.038634733452721774
test-13264,0.009945544235989269
test-13265,0.04874730094070529
test-13266,0.052311171700435644
test-13267,0.0642154505949695
test-13268,0.17492400562822705
test-13269,0.03185668945975935
test-1327,0.02398195818766616
test-13270,0.010657925395345713
test-13271,0.17028733910269322
test-13272,0.1543693773528168
test-13273,0.02865603105514705
test-13274,0.027430649729742736
test-13275,0.08110413393213176
test-13276,0.016201460929601556
test-13277,0.030136563252972228
test-13278,0.03251557319710818
test-13279,0.0254755556339389
test-1328,0.1951219615277476
test-13280,0.010776820504462473
test-13281,0.011412396243571784
test-13282,0.018577986815863992
test-13283,0.06326653854150638
test-13284,0.23648799865232792
test-13285,0.029461052212937332
test-13286,0.032478265060726125
test-13287,0.08801431544623954
test-13288,0.017079055827678505
test-13289,0.023373420382206373
test-1329,0.04974580208153103
test-13290,0.1402991303967614
test-13291,0.3673512198393279
test-13292,0.02603801234091004
test-13293,0.011863228307218993
test-13294,0.1755209256583842
test-13295,0.06035370492224166
test-13296,0.1571535019651826
test-13297,0.013168806905252378
test-13298,0.09960765552407641
test-13299,0.014510834708314609
test-133,0.12137033067599531
test-1330,0.01797751779255787
test-13300,0.19947960319887648
test-13301,0.0687732139720173
test-13302,0.011803246860551822
test-13303,0.3264407339642163
test-13304,0.009071765271796563
test-13305,0.006370205894054222
test-13306,0.010106711876300294
test-13307,0.026404541465814477
test-13308,0.03254404736358933
test-13309,0.11342029267643122
test-1331,0.1253112414550484
test-13310,0.011322054709709027
test-13311,0.17212536381588786
test-13312,0.029106821458700364
test-13313,0.0180801900067329
test-13314,0.09865143086310076
test-13315,0.08792827769579735
test-13316,0.03161809674736147
test-13317,0.0304306498539329
test-13318,0.05338624563453429
test-13319,0.03723544320034463
test-1332,0.018280945114098078
test-13320,0.022889588257734995
test-13321,0.08676426786931425
test-13322,0.022105492935266962
test-13323,0.25400531053739484
test-13324,0.2802175801913022
test-13325,0.010221172113831088
test-13326,0.015962211042520682
test-13327,0.018935449145893544
test-13328,0.007110189152012833
test-13329,0.08767212665938755
test-1333,0.023374882898582052
test-13330,0.33722548270152386
test-13331,0.06128977754262802
test-13332,0.06613128233036399
test-13333,0.0220636268473497
test-13334,0.07512180394517347
test-13335,0.41338463643058293
test-13336,0.0131705220500872
test-13337,0.01708795377307525
test-13338,0.03160311766911203
test-13339,0.02289368212242009
test-1334,0.09787796055403811
test-13340,0.15360596178388244
test-13341,0.01636419146468894
test-13342,0.009418696223314841
test-13343,0.008443481737337723
test-13344,0.05414161017573071
test-13345,0.066228670482038
test-13346,0.18643788528942123
test-13347,0.009790901545812799
test-13348,0.03324611489283628
test-13349,0.040036434232552064
test-1335,0.06803412447426488
test-13350,0.013013829145672236
test-13351,0.11972865205319333
test-13352,0.16658047780487062
test-13353,0.0962648110402294
test-13354,0.02228365685687734
test-13355,0.014408930261873275
test-13356,0.11391704037616314
test-13357,0.24233330117651
test-13358,0.27454873323279955
test-13359,0.18341801916387468
test-1336,0.21133659015280634
test-13360,0.06769227346933265
test-13361,0.11401196232087102
test-13362,0.06560926648573123
test-13363,0.0156088395854012
test-13364,0.17871516141404833
test-13365,0.023246359558428426
test-13366,0.2212863907157686
test-13367,0.39035636095889464
test-13368,0.04963257105655747
test-13369,0.04069977695955366
test-1337,0.009644095471519582
test-13370,0.017740915535104554
test-13371,0.12442649647668046
test-13372,0.2509590842420266
test-13373,0.02895413532739656
test-13374,0.010714536415404452
test-13375,0.0790617396445285
test-13376,0.024904171353564
test-13377,0.010894618632715925
test-13378,0.019118191535765282
test-13379,0.04455879549956729
test-1338,0.2002496548597686
test-13380,0.0669392073111586
test-13381,0.12255754544059694
test-13382,0.017362108702293974
test-13383,0.09214956668420128
test-13384,0.0668454045035817
test-13385,0.02280343967474939
test-13386,0.004288888565075622
test-13387,0.04989369933336895
test-13388,0.01397675103601954
test-13389,0.015066749720536203
test-1339,0.3659314304642609
test-13390,0.14692603092410214
test-13391,0.03517554983071838
test-13392,0.015845777360209718
test-13393,0.02162238294403648
test-13394,0.20818576269608688
test-13395,0.03070473396627732
test-13396,0.0846182167635542
test-13397,0.15842677742730876
test-13398,0.013842307999970318
test-13399,0.02579532598104917
test-134,0.2011454835030215
test-1340,0.010898062492464411
test-13400,0.07111609496557471
test-13401,0.18495580697943592
test-13402,0.07288388599282397
test-13403,0.23165874718727714
test-13404,0.14392105421738735
test-13405,0.009691300236662027
test-13406,0.009341888326908828
test-13407,0.009203446510444902
test-13408,0.03957797408190487
test-13409,0.03179647979880006
test-1341,0.009538998399251233
test-13410,0.045399942164681725
test-13411,0.013054782456887468
test-13412,0.018206285219458385
test-13413,0.07985427253104706
test-13414,0.08940314841229109
test-13415,0.13749368962450428
test-13416,0.2687909420787993
test-13417,0.03919024660152324
test-13418,0.013666201958098036
test-13419,0.03435436015591449
test-1342,0.04791641687136569
test-13420,0.08851093368236511
test-13421,0.034805593875209616
test-13422,0.193409890001815
test-13423,0.22032540999201375
test-13424,0.04942224245468778
test-13425,0.049338737763146456
test-13426,0.17467471775239857
test-13427,0.01647870846103355
test-13428,0.08209622563402669
test-13429,0.03178980651723136
test-1343,0.06320293454194395
test-13430,0.06523345058044284
test-13431,0.00809820939369736
test-13432,0.23431626346391082
test-13433,0.011359824810103385
test-13434,0.034691044469170505
test-13435,0.3937301534634637
test-13436,0.31397646530619067
test-13437,0.017873424955886535
test-13438,0.040345121024642334
test-13439,0.013499539917909477
test-1344,0.0262378653005133
test-13440,0.07896917855603469
test-13441,0.01708795377307525
test-13442,0.09572023283764401
test-13443,0.006713574127579595
test-13444,0.027774352899799713
test-13445,0.060749948865709835
test-13446,0.0744759739511813
test-13447,0.019475263544177532
test-13448,0.12928952614285624
test-13449,0.11745736232674193
test-1345,0.01010203303808415
test-13450,0.029531807998326318
test-13451,0.00998849544949023
test-13452,0.030330765455594138
test-13453,0.1434571917568286
test-13454,0.023082254623292938
test-13455,0.07340717644782829
test-13456,0.1147409460027448
test-13457,0.07330996864836087
test-13458,0.020331652730733653
test-13459,0.13775918575813118
test-1346,0.007747039021264375
test-13460,0.018051492100790566
test-13461,0.07444113726708529
test-13462,0.0758582331096526
test-13463,0.019826803745794153
test-13464,0.042869351237750264
test-13465,0.01178587023808733
test-13466,0.131854885429322
test-13467,0.011825694019430405
test-13468,0.12108317274586379
test-13469,0.035408081866647526
test-1347,0.014797238128801106
test-13470,0.10891174903670928
test-13471,0.013338261024701776
test-13472,0.058716216140312145
test-13473,0.23453082472099898
test-13474,0.1633886248232332
test-13475,0.20038853426584685
test-13476,0.18694796107438313
test-13477,0.041053934785909935
test-13478,0.11543498080582862
test-13479,0.2007802242840598
test-1348,0.009361889092784912
test-13480,0.03093834186158108
test-13481,0.3436967925243646
test-13482,0.02071212706321028
test-13483,0.01229122795685459
test-13484,0.12056362792764973
test-13485,0.33198130928615566
test-13486,0.021996641101466527
test-13487,0.007301191564824316
test-13488,0.18522048584626935
test-13489,0.04906984181357477
test-1349,0.3031432078595421
test-13490,0.040499594271328584
test-13491,0.010654884745288858
test-13492,0.011309461824347824
test-13493,0.02372289305257482
test-13494,0.04412836065445919
test-13495,0.05904547674933371
test-13496,0.4252554837280234
test-13497,0.25547316919280283
test-13498,0.016310385508008365
test-13499,0.06521653204409428
test-135,0.08079763879559686
test-1350,0.11814956178383151
test-13500,0.058846573541984866
test-13501,0.20083709230681257
test-13502,0.14689610646422646
test-13503,0.20192717866426538
test-13504,0.27681190606604666
test-13505,0.04440576939494132
test-13506,0.0669392073111586
test-13507,0.09366724116672864
test-13508,0.2120033876744126
test-13509,0.016141387897063073
test-1351,0.02269690781787284
test-13510,0.052182373671644175
test-13511,0.014818755140098897
test-13512,0.03030032868580819
test-13513,0.11876517130176394
test-13514,0.01108706350595337
test-13515,0.06679687756556431
test-13516,0.1490516569896876
test-13517,0.021454991336370452
test-13518,0.03915102862469082
test-13519,0.05456547186630861
test-1352,0.2700978885541094
test-13520,0.1530453920104003
test-13521,0.14369326405350588
test-13522,0.08045015644888329
test-13523,0.1472757830842141
test-13524,0.04410070862480493
test-13525,0.04557181600474206
test-13526,0.022847026561471646
test-13527,0.010900363515837905
test-13528,0.16577263731146716
test-13529,0.028059523018844117
test-1353,0.025099980967888604
test-13530,0.009483253401145504
test-13531,0.008913083209084327
test-13532,0.19818103719829708
test-13533,0.020514201354115903
test-13534,0.011511335667909708
test-13535,0.022517220560528156
test-13536,0.023288169304183183
test-13537,0.058721088489083306
test-13538,0.23446998087146173
test-13539,0.11708281792328509
test-1354,0.08807136077899005
test-13540,0.1485656772482751
test-13541,0.009545191169053821
test-13542,0.1178448462483498
test-13543,0.020757181771325805
test-13544,0.08368910446903587
test-13545,0.018086420896377013
test-13546,0.00922827019216201
test-13547,0.22003120922500832
test-13548,0.016529662080708656
test-13549,0.020562774825772085
test-1355,0.01742234592250915
test-13550,0.017827757048643346
test-13551,0.014481250860736282
test-13552,0.040036434232552064
test-13553,0.2009544635242713
test-13554,0.014604624217464293
test-13555,0.12614711902775436
test-13556,0.06091312576628861
test-13557,0.33605751195913636
test-13558,0.34332969904492244
test-13559,0.19742380565896248
test-1356,0.12807308166085984
test-13560,0.1064814214158192
test-13561,0.07422368955214839
test-13562,0.022964926110154583
test-13563,0.03476466549345904
test-13564,0.12651970043401053
test-13565,0.3937301534634637
test-13566,0.09056794859694157
test-13567,0.07713499603518406
test-13568,0.014548646246363785
test-13569,0.06989588257000236
test-1357,0.3244269078113386
test-13570,0.020184049019556536
test-13571,0.1608354262265877
test-13572,0.11552913443495909
test-13573,0.06803412447426488
test-13574,0.03633095545925704
test-13575,0.23220892145693628
test-13576,0.020730086307232803
test-13577,0.01456798924451902
test-13578,0.009786050667887125
test-13579,0.006726853942266809
test-1358,0.04205098404100263
test-13580,0.1459394927650123
test-13581,0.2909639159574902
test-13582,0.20088434833806643
test-13583,0.03394517755049771
test-13584,0.32590403221226805
test-13585,0.17102769491511627
test-13586,0.11930798742934495
test-13587,0.15089580275939996
test-13588,0.130361746625242
test-13589,0.07483653532074315
test-1359,0.039850501153204446
test-13590,0.1753512208036435
test-13591,0.010418089948193507
test-13592,0.025812011731783695
test-13593,0.11499578303811298
test-13594,0.25442283393946014
test-13595,0.03699964544584649
test-13596,0.1625314000244012
test-13597,0.16695447271917302
test-13598,0.007482840486750377
test-13599,0.013208825274037508
test-136,0.0369321996656028
test-1360,0.01941910234008358
test-13600,0.026017605407143235
test-13601,0.07258643488200144
test-13602,0.07896917855603469
test-13603,0.0325721482959272
test-13604,0.23062073717903184
test-13605,0.13844485831116107
test-13606,0.05526107660901458
test-13607,0.11380291771309711
test-13608,0.3039865322432559
test-13609,0.018943345656652417
test-1361,0.09379362033528385
test-13610,0.16520280557114503
test-13611,0.013813157119951435
test-13612,0.01623508412592168
test-13613,0.0650042798465469
test-13614,0.25259457391090817
test-13615,0.18652304672776387
test-13616,0.33645592021281534
test-13617,0.31639113532117935
test-13618,0.2286317110534662
test-13619,0.024444575271116067
test-1362,0.019841095388456093
test-13620,0.020603980189023957
test-13621,0.09371243036930776
test-13622,0.12150790621761612
test-13623,0.025656866530363115
test-13624,0.03501526082464212
test-13625,0.009275471016426605
test-13626,0.14899054769178344
test-13627,0.10879591468053652
test-13628,0.019538050607081785
test-13629,0.15150604300319315
test-1363,0.04864376274953059
test-13630,0.0846182167635542
test-13631,0.0669392073111586
test-13632,0.03902516233390028
test-13633,0.075628088885617
test-13634,0.01137770797445729
test-13635,0.021609629520958958
test-13636,0.026594597235708783
test-13637,0.017478420695951975
test-13638,0.09673533330374554
test-13639,0.1970128199824975
test-1364,0.01129796531464506
test-13640,0.07755042714248042
test-13641,0.015728177076295483
test-13642,0.006602071889516715
test-13643,0.1627873053400115
test-13644,0.08219192647824698
test-13645,0.10691877605684312
test-13646,0.24121226231228068
test-13647,0.009239801758526085
test-13648,0.023009831244914777
test-13649,0.05853291933141572
test-1365,0.02102836935412256
test-13650,0.09458652832712754
test-13651,0.06019345048720354
test-13652,0.023275122970915687
test-13653,0.031670993768966094
test-13654,0.023907366382159966
test-13655,0.018126319881124262
test-13656,0.041065739396021816
test-13657,0.13427187521081005
test-13658,0.006516818741568838
test-13659,0.1813906438859268
test-1366,0.09896977263499385
test-13660,0.06803412447426488
test-13661,0.14880589412272424
test-13662,0.02200192611131224
test-13663,0.010982166825370399
test-13664,0.054306310131851415
test-13665,0.02028155667258839
test-13666,0.19345777685744178
test-13667,0.019239855247795756
test-13668,0.28786230720283507
test-13669,0.014974858192157707
test-1367,0.06973460466281343
test-13670,0.013058893730635308
test-13671,0.018509093109988512
test-13672,0.06532457573902968
test-13673,0.06762001834257952
test-13674,0.17982044739325467
test-13675,0.1986572797795596
test-13676,0.05389826516808044
test-13677,0.23650014874781827
test-13678,0.031926306768001234
test-13679,0.010367145637539562
test-1368,0.01028148679535951
test-13680,0.011883086275431056
test-13681,0.027619990738572762
test-13682,0.13567767617289336
test-13683,0.010336970757688807
test-13684,0.04471246214883707
test-13685,0.12090221054273226
test-13686,0.16948764875643343
test-13687,0.03848947393592815
test-13688,0.1126515162596101
test-13689,0.20529475450798146
test-1369,0.07682140353650238
test-13690,0.00894284119850126
test-13691,0.1843523604825597
test-13692,0.14159036512761342
test-13693,0.06398530389254328
test-13694,0.012528160563626985
test-13695,0.36960198897658253
test-13696,0.1499993539966227
test-13697,0.1428264402579678
test-13698,0.0477453724980384
test-13699,0.22596706726053475
test-137,0.07896917855603469
test-1370,0.15319215092760113
test-13700,0.011891257998329652
test-13701,0.04940959075204078
test-13702,0.05359542756426698
test-13703,0.33528009590598035
test-13704,0.10059174736926492
test-13705,0.00792806208971032
test-13706,0.12730086440457253
test-13707,0.19917126801920534
test-13708,0.009095497185240303
test-13709,0.007209479168848327
test-1371,0.026427944196445327
test-13710,0.40122400986845613
test-13711,0.07184343797015852
test-13712,0.04092107907217553
test-13713,0.08676426786931425
test-13714,0.08908361851786319
test-13715,0.09119055923477348
test-13716,0.022435509110157334
test-13717,0.010409120781364302
test-13718,0.02769677507641612
test-13719,0.08212502124561188
test-1372,0.25875925203403155
test-13720,0.04748466591274489
test-13721,0.06945007940398787
test-13722,0.013681359227705227
test-13723,0.017753723430646375
test-13724,0.010417591764773622
test-13725,0.1355135394060383
test-13726,0.011602734312324605
test-13727,0.010867504280372128
test-13728,0.011949110099682601
test-13729,0.39962286323532953
test-1373,0.06481899867853072
test-13730,0.015224312249784357
test-13731,0.035185532647908135
test-13732,0.025148301981319555
test-13733,0.02627619173913068
test-13734,0.04458699380303503
test-13735,0.033874646828929655
test-13736,0.017393736991800243
test-13737,0.020313236971746182
test-13738,0.12815638368753415
test-13739,0.07967612768299565
test-1374,0.016790479873806545
test-13740,0.018045070700810475
test-13741,0.09440431241600343
test-13742,0.08790025093699483
test-13743,0.02133231389192287
test-13744,0.07982427623615297
test-13745,0.05831188137276539
test-13746,0.028934239758277733
test-13747,0.012608977413394357
test-13748,0.20241700331372303
test-13749,0.13919012465966588
test-1375,0.01619704905987679
test-13750,0.09578907276964857
test-13751,0.14407698206866307
test-13752,0.3131762940165547
test-13753,0.02999055135808157
test-13754,0.08379008845980107
test-13755,0.02260155229526126
test-13756,0.011431199275075531
test-13757,0.007319577844043438
test-13758,0.13207564119353027
test-13759,0.01098713053397949
test-1376,0.13988424692881987
test-13760,0.19486027267592598
test-13761,0.055645897938381705
test-13762,0.31363693065546566
test-13763,0.013536956673440858
test-13764,0.06301230626703787
test-13765,0.17089660199463685
test-13766,0.008946540344966097
test-13767,0.32108300958738867
test-13768,0.08845110408010397
test-13769,0.01672717353251635
test-1377,0.01745371796088919
test-13770,0.011864860101065968
test-13771,0.06052964543183528
test-13772,0.0669392073111586
test-13773,0.11847660408121326
test-13774,0.010024969971906408
test-13775,0.017326259141311598
test-13776,0.04087644106354136
test-13777,0.017615376371671397
test-13778,0.18132935025757904
test-13779,0.08219192647824698
test-1378,0.07097412885645901
test-13780,0.02071922107670233
test-13781,0.031025988835284027
test-13782,0.06068982468453428
test-13783,0.1664836968147684
test-13784,0.03225115944151212
test-13785,0.09787796055403811
test-13786,0.10705744920866181
test-13787,0.049587591853450234
test-13788,0.018436386653562186
test-13789,0.09787796055403811
test-1379,0.09821057029080377
test-13790,0.03130215678654033
test-13791,0.030013378928012223
test-13792,0.05339307069340168
test-13793,0.02266429950831678
test-13794,0.07810619941178712
test-13795,0.06448893980238979
test-13796,0.060830464168921544
test-13797,0.2617480780356112
test-13798,0.020029390446398572
test-13799,0.00831146383136638
test-138,0.06129088622606617
test-1380,0.09777783210155452
test-13800,0.10071513174862584
test-13801,0.0707119985986715
test-13802,0.02872145798861241
test-13803,0.2847144618655838
test-13804,0.389606039667169
test-13805,0.04314117262947268
test-13806,0.05620384982368859
test-13807,0.024322686038981942
test-13808,0.3049176117833624
test-13809,0.023590438429398192
test-1381,0.08383250873784108
test-13810,0.09915503694266893
test-13811,0.02839148115485212
test-13812,0.006862459318299865
test-13813,0.019769992326914735
test-13814,0.09778777286618656
test-13815,0.19729662977430135
test-13816,0.15186714398763881
test-13817,0.09787796055403811
test-13818,0.016874489529249196
test-13819,0.05591491040930066
test-1382,0.06803412447426488
test-13820,0.04216861817899523
test-13821,0.041994584683696344
test-13822,0.030286941016162305
test-13823,0.1689288097257411
test-13824,0.01787324844662315
test-13825,0.008149002485368602
test-13826,0.3316482710495707
test-13827,0.1543693773528168
test-13828,0.4123612153931427
test-13829,0.058766705392827245
test-1383,0.030400772487655905
test-13830,0.07434327295765712
test-13831,0.005915320214788494
test-13832,0.12738466811711968
test-13833,0.036892110412946814
test-13834,0.29378647075111664
test-13835,0.042625860448522526
test-13836,0.07639707430358973
test-13837,0.11554691356435694
test-13838,0.015109615124063098
test-13839,0.006950047603780158
test-1384,0.3087348351861937
test-13840,0.2357486094943837
test-13841,0.012600883775650369
test-13842,0.013868038759486204
test-13843,0.27930813838708396
test-13844,0.013689088488783935
test-13845,0.12663596937894922
test-13846,0.02115102196811284
test-13847,0.0670512850811814
test-13848,0.04250014980700943
test-13849,0.2738148211520471
test-1385,0.16731496931939036
test-13850,0.022801830483087863
test-13851,0.01259746913549335
test-13852,0.04475351461529831
test-13853,0.4252554837280234
test-13854,0.019943842160652817
test-13855,0.02315715731965797
test-13856,0.0193886789496478
test-13857,0.03169832376697381
test-13858,0.014767382027840231
test-13859,0.039579147011189184
test-1386,0.08246044388989521
test-13860,0.15265486611055654
test-13861,0.04252105837468247
test-13862,0.010032348145977293
test-13863,0.18891073078953988
test-13864,0.011420189701628839
test-13865,0.015236537778899177
test-13866,0.1732155447192417
test-13867,0.012953702563227538
test-13868,0.04019408947421029
test-13869,0.05068682124878038
test-1387,0.01367087879991051
test-13870,0.023723701771948616
test-13871,0.1360080468282653
test-13872,0.20568941969391177
test-13873,0.017453380165664008
test-13874,0.08962782951307559
test-13875,0.007294107420947109
test-13876,0.03017268817075725
test-13877,0.2502688564539353
test-13878,0.018978847684121444
test-13879,0.060702616226842865
test-1388,0.03157871390882634
test-13880,0.027471521470755177
test-13881,0.06427915926497167
test-13882,0.061577899304617906
test-13883,0.15811164550288004
test-13884,0.010684811918487329
test-13885,0.0124968986248306
test-13886,0.02424531160568574
test-13887,0.1705279470943305
test-13888,0.01671097724606841
test-13889,0.13409584152224432
test-1389,0.017051940142942673
test-13890,0.017686590635265273
test-13891,0.26120160281382726
test-13892,0.006794749223081782
test-13893,0.02629200625777164
test-13894,0.13247839787920823
test-13895,0.016150995546186635
test-13896,0.2947669815941318
test-13897,0.014314304880013335
test-13898,0.020715373056025183
test-13899,0.1571892190609086
test-139,0.03288617781546691
test-1390,0.11391704037616314
test-13900,0.1966334896366367
test-13901,0.010002201219828777
test-13902,0.23781694296017172
test-13903,0.111373644113001
test-13904,0.025116776927825917
test-13905,0.04740636198981919
test-13906,0.034269109464174954
test-13907,0.06215436796099093
test-13908,0.018489291880639098
test-13909,0.2624894898715628
test-1391,0.022868446235120264
test-13910,0.01039779339978416
test-13911,0.06803412447426488
test-13912,0.06245474727356179
test-13913,0.02607578955863915
test-13914,0.007821822937320986
test-13915,0.018807417723477302
test-13916,0.12727296883900338
test-13917,0.07793244417117476
test-13918,0.11356803172408701
test-13919,0.010955401195894868
test-1392,0.017346688505487203
test-13920,0.014872148520713741
test-13921,0.12669521753714805
test-13922,0.19688276429024384
test-13923,0.0604671309763339
test-13924,0.014516042010805688
test-13925,0.28309756851400286
test-13926,0.017708070705569744
test-13927,0.008104545779943101
test-13928,0.12186510364237862
test-13929,0.11607553849948815
test-1393,0.1682524380051255
test-13930,0.3391516253436453
test-13931,0.009435457735826974
test-13932,0.25175150672107544
test-13933,0.1370347081508781
test-13934,0.008742792663244275
test-13935,0.05409070503461427
test-13936,0.013827653683005215
test-13937,0.029035618806800154
test-13938,0.026282964600826794
test-13939,0.019637822993681046
test-1394,0.0097424337300091
test-13940,0.026308521154987233
test-13941,0.024050804104161515
test-13942,0.042039972500651036
test-13943,0.19632024349265403
test-13944,0.039056486816039286
test-13945,0.2758409217987464
test-13946,0.08469207989574525
test-13947,0.09519680221361382
test-13948,0.06709418361029962
test-13949,0.02486272317893035
test-1395,0.06913511323571522
test-13950,0.05832749518045904
test-13951,0.12188200356023236
test-13952,0.009811653372753746
test-13953,0.1450662934941247
test-13954,0.06569882115573068
test-13955,0.250518431405931
test-13956,0.06803412447426488
test-13957,0.0669392073111586
test-13958,0.08196973207204497
test-13959,0.028818795807178568
test-1396,0.008409928424449958
test-13960,0.14311757791282798
test-13961,0.3579095448876463
test-13962,0.04471897446224498
test-13963,0.01326550265063235
test-13964,0.0277980557985704
test-13965,0.1980105482235472
test-13966,0.03957797408190487
test-13967,0.043653899513224625
test-13968,0.03482715299504484
test-13969,0.048918746334728654
test-1397,0.03787566825136043
test-13970,0.01667627631501256
test-13971,0.061577899304617906
test-13972,0.15868069697720336
test-13973,0.23991059742469847
test-13974,0.014564924089356298
test-13975,0.027351305052485227
test-13976,0.05036611592196947
test-13977,0.12252448325757771
test-13978,0.19450854900357098
test-13979,0.04869480110219028
test-1398,0.2294742273965793
test-13980,0.09787796055403811
test-13981,0.02109276190073658
test-13982,0.16695447271917302
test-13983,0.315107226151039
test-13984,0.005740663328472626
test-13985,0.3088846073371973
test-13986,0.03427747901925157
test-13987,0.008572517039448928
test-13988,0.040334479375508214
test-13989,0.08822685411643391
test-1399,0.010624169235659417
test-13990,0.2133463635523107
test-13991,0.09650639431686493
test-13992,0.23404143882127995
test-13993,0.07182501673147655
test-13994,0.020321814899374957
test-13995,0.3759434662136051
test-13996,0.05273939999786985
test-13997,0.03415063643167727
test-13998,0.02253120697652489
test-13999,0.22140186014617028
test-14,0.008112148750105571
test-140,0.15653538089575023
test-1400,0.009520739329592489
test-14000,0.14794678921895218
test-14001,0.0075489033313122485
test-14002,0.09787796055403811
test-14003,0.07983679088704344
test-14004,0.03640685637691737
test-14005,0.0919370635176419
test-14006,0.0198831746110147
test-14007,0.3230964926115124
test-14008,0.08003083037374147
test-14009,0.016160909900064323
test-1401,0.2681472464814759
test-14010,0.10575097408852725
test-14011,0.02534393636257843
test-14012,0.05205563404150941
test-14013,0.031670993768966094
test-14014,0.14341590628354015
test-14015,0.2976809988639542
test-14016,0.1624966152908413
test-14017,0.09700799461865987
test-14018,0.15309058652087504
test-14019,0.029246633864177415
test-1402,0.03452966540667761
test-14020,0.011030138218203044
test-14021,0.022174229837287094
test-14022,0.02010414150292197
test-14023,0.007143309708587721
test-14024,0.3271816554129952
test-14025,0.21325675163828903
test-14026,0.07300415700059695
test-14027,0.022111977427366956
test-14028,0.03194127965795964
test-14029,0.13443822176151385
test-1403,0.021486091489145355
test-14030,0.26718998762791846
test-14031,0.061871401261384185
test-14032,0.01171630133758182
test-14033,0.015909136541900522
test-14034,0.031220970216712596
test-14035,0.06268981483298582
test-14036,0.2629114070453552
test-14037,0.025054291535387695
test-14038,0.0187144192902349
test-14039,0.3844447633501139
test-1404,0.049718397015290156
test-14040,0.15241633641152563
test-14041,0.13562497762579495
test-14042,0.2326584837805451
test-14043,0.037296576917473956
test-14044,0.08890115724917734
test-14045,0.1145562784460311
test-14046,0.021491981493873682
test-14047,0.02275277306609468
test-14048,0.012231186301474439
test-14049,0.07829619122364315
test-1405,0.27147368995794025
test-14050,0.04572281422043427
test-14051,0.2548350280160196
test-14052,0.05892489478764712
test-14053,0.17056737353958626
test-14054,0.10135147787955867
test-14055,0.3148252835080881
test-14056,0.2294742273965793
test-14057,0.06792825084411598
test-14058,0.20793819046572187
test-14059,0.008416174366456418
test-1406,0.3242371378231418
test-14060,0.012354135561299703
test-14061,0.09997094399032062
test-14062,0.02302158283892425
test-14063,0.024543271937586948
test-14064,0.00943182662075909
test-14065,0.04201587544696237
test-14066,0.23034258387121972
test-14067,0.030764390179883104
test-14068,0.012369480435589126
test-14069,0.04581661610671723
test-1407,0.030018899343782587
test-14070,0.04252105837468247
test-14071,0.36047921176710646
test-14072,0.04750716366796516
test-14073,0.03160891935003424
test-14074,0.12072024646703768
test-14075,0.23359605480266102
test-14076,0.014100355765857412
test-14077,0.35937821204970716
test-14078,0.2567373483351686
test-14079,0.057734780277189396
test-1408,0.06769227346933265
test-14080,0.3357947357227245
test-14081,0.07527834577161566
test-14082,0.008960401050015963
test-14083,0.11227717042654943
test-14084,0.03957797408190487
test-14085,0.18314694683172658
test-14086,0.16695447271917302
test-14087,0.0187144192902349
test-14088,0.06443721125532985
test-14089,0.14946397299922282
test-1409,0.25595953771810376
test-14090,0.05339307069340168
test-14091,0.06552886174545515
test-14092,0.0846182167635542
test-14093,0.007208509020722285
test-14094,0.014451435144598741
test-14095,0.14739607630046048
test-14096,0.015952635870596733
test-14097,0.08214099052846857
test-14098,0.15718761514203008
test-14099,0.011048626247993416
test-141,0.25217296620800633
test-1410,0.11177002277013334
test-14100,0.2170966311441015
test-14101,0.04751335552828489
test-14102,0.052235988267799974
test-14103,0.11605750684178578
test-14104,0.032304219579564634
test-14105,0.023960406355158018
test-14106,0.014733568871867601
test-14107,0.1383692580304007
test-14108,0.0669392073111586
test-14109,0.1264424736127649
test-1411,0.1145562784460311
test-14110,0.4422358506856977
test-14111,0.01639861687067551
test-14112,0.24869630636498638
test-14113,0.019480457307760587
test-14114,0.013014190609361547
test-14115,0.01843725134889374
test-14116,0.04495723774569879
test-14117,0.12993279320321915
test-14118,0.08217741306543742
test-14119,0.01655102783203052
test-1412,0.04529625131765559
test-14120,0.12343801386852733
test-14121,0.012389055466661341
test-14122,0.11497313857439653
test-14123,0.07300415700059695
test-14124,0.025906854673047056
test-14125,0.07896917855603469
test-14126,0.28109412516109294
test-14127,0.013341016380945094
test-14128,0.036579657136240284
test-14129,0.03221909802119782
test-1413,0.03935402667317768
test-14130,0.018470774557742306
test-14131,0.03827376754144335
test-14132,0.038108351987370455
test-14133,0.21744395856122567
test-14134,0.07538812625626057
test-14135,0.08925419541453347
test-14136,0.29843476559021975
test-14137,0.09486377792516155
test-14138,0.09935030145420644
test-14139,0.24524490890282866
test-1414,0.198189735839179
test-14140,0.381614358174567
test-14141,0.1069724347310688
test-14142,0.22209182844017858
test-14143,0.01682075344817073
test-14144,0.018625358659806426
test-14145,0.1506285860044141
test-14146,0.0400427772836692
test-14147,0.010100247906326834
test-14148,0.013260997688477707
test-14149,0.023713830994778976
test-1415,0.022394561333989097
test-14150,0.0225753786543814
test-14151,0.010663423301942157
test-14152,0.021188623308572813
test-14153,0.014795913423052916
test-14154,0.17875767925680539
test-14155,0.13341891293094651
test-14156,0.2495405157185527
test-14157,0.033893608655802224
test-14158,0.0741827084646638
test-14159,0.042244718029755046
test-1416,0.08003083037374147
test-14160,0.30311173782463047
test-14161,0.1445129320937979
test-14162,0.05282852349926446
test-14163,0.020973776926004245
test-14164,0.08003083037374147
test-14165,0.016412183257808098
test-14166,0.040428144757510436
test-14167,0.009375981930322333
test-14168,0.24809325288518516
test-14169,0.13829834583775558
test-1417,0.010060448036348448
test-14170,0.014560944137204612
test-14171,0.11935869865690889
test-14172,0.1313395705021038
test-14173,0.20232913847045855
test-14174,0.08705632852570276
test-14175,0.34010685080121816
test-14176,0.1714857754614675
test-14177,0.01794299171302585
test-14178,0.028029553368464136
test-14179,0.16362422601186172
test-1418,0.12796851635119139
test-14180,0.2500643134177126
test-14181,0.3828865533446911
test-14182,0.08415266355886915
test-14183,0.02403168801781399
test-14184,0.08606597545029608
test-14185,0.17309309254025004
test-14186,0.20246339063137267
test-14187,0.024659678294988805
test-14188,0.2528869447858094
test-14189,0.06277446370347434
test-1419,0.10765768292234455
test-14190,0.062084135912825245
test-14191,0.14469589888639642
test-14192,0.32374701221033375
test-14193,0.04559592195450505
test-14194,0.036805257617931575
test-14195,0.3012783210561404
test-14196,0.20130410663546836
test-14197,0.024271834225093162
test-14198,0.2517736848305972
test-14199,0.00928701586514426
test-142,0.03276269285958092
test-1420,0.0242368306054827
test-14200,0.03957797408190487
test-14201,0.18828975225521638
test-14202,0.0669392073111586
test-14203,0.046160861224703614
test-14204,0.010555883020046671
test-14205,0.028131645309707746
test-14206,0.007548808832209253
test-14207,0.22798379021675613
test-14208,0.05339307069340168
test-14209,0.07372658104094501
test-1421,0.02754214599984511
test-14210,0.08575287572743928
test-14211,0.04440701759505208
test-14212,0.03409903900508733
test-14213,0.056025284313765425
test-14214,0.06577291993871937
test-14215,0.10318108158496761
test-14216,0.2533491480796419
test-14217,0.10551352354800382
test-14218,0.013588788558209382
test-14219,0.06551351904328022
test-1422,0.00851591511780359
test-14220,0.031546258361568845
test-14221,0.04670254188841994
test-14222,0.20174207786466936
test-14223,0.14197054809018722
test-14224,0.012721395548515826
test-14225,0.11412015650690727
test-14226,0.3650620017553415
test-14227,0.1944346418129891
test-14228,0.050425691050088685
test-14229,0.02235270027230764
test-1423,0.14269594851339662
test-14230,0.06401687696626099
test-14231,0.03209450963447138
test-14232,0.008242962202599935
test-14233,0.016487198885351773
test-14234,0.0765176442062777
test-14235,0.028431101684619983
test-14236,0.05171306998773626
test-14237,0.11398322804756778
test-14238,0.06803412447426488
test-14239,0.16695447271917302
test-1424,0.0893429201605104
test-14240,0.013371066165253563
test-14241,0.019314395268120323
test-14242,0.10125089765045404
test-14243,0.054240368834143814
test-14244,0.15383197428191284
test-14245,0.27249944529238873
test-14246,0.12813620928956068
test-14247,0.018986194644206512
test-14248,0.007598813973918361
test-14249,0.03779494720032001
test-1425,0.008603483974219039
test-14250,0.22468796776531422
test-14251,0.28210700174602665
test-14252,0.0747550896994607
test-14253,0.033237642151542575
test-14254,0.0587713361353918
test-14255,0.24986725486557584
test-14256,0.211628798870495
test-14257,0.13981050219924007
test-14258,0.030060735533266346
test-14259,0.07127451908203022
test-1426,0.03776498878945723
test-14260,0.034457323155863355
test-14261,0.14974204125714097
test-14262,0.21482187319881724
test-14263,0.056655517275550134
test-14264,0.19046484872266384
test-14265,0.09320797609899861
test-14266,0.03240357697543451
test-14267,0.13686536470991217
test-14268,0.03957797408190487
test-14269,0.04356177908501278
test-1427,0.14607565985614943
test-14270,0.016726278517890887
test-14271,0.01613318057556527
test-14272,0.024097423923956647
test-14273,0.0326940197356818
test-14274,0.011030138218203044
test-14275,0.03670189167955589
test-14276,0.3677147125460941
test-14277,0.030035354596250972
test-14278,0.013650057350455776
test-14279,0.011508704762362452
test-1428,0.15156787733075794
test-14280,0.0962994335527908
test-14281,0.08810971405798788
test-14282,0.09228305264987975
test-14283,0.29072920116375583
test-14284,0.014898191023871356
test-14285,0.08782354516670411
test-14286,0.03258375472738053
test-14287,0.07799433853261355
test-14288,0.028080408580459893
test-14289,0.024391629195563463
test-1429,0.02138586221828942
test-14290,0.02778057696972967
test-14291,0.3146174366245832
test-14292,0.02083554366131355
test-14293,0.01806988821352101
test-14294,0.08352488056970281
test-14295,0.14625218370864182
test-14296,0.023872371641054053
test-14297,0.014691155483803515
test-14298,0.08773577562799419
test-14299,0.14249753086975311
test-143,0.011349043564613437
test-1430,0.011001744900590376
test-14300,0.03677221313895686
test-14301,0.07134379986108448
test-14302,0.022564282637256693
test-14303,0.015120837700370728
test-14304,0.01418369341866158
test-14305,0.06837716154279296
test-14306,0.03195723770396826
test-14307,0.010468339156493683
test-14308,0.17952937019851234
test-14309,0.12088790425696586
test-1431,0.044179972783737705
test-14310,0.03382761445695616
test-14311,0.19012815803744987
test-14312,0.027671343032770888
test-14313,0.04628322086628268
test-14314,0.06888115910872605
test-14315,0.27343913258771085
test-14316,0.1900258626328395
test-14317,0.054691879291120675
test-14318,0.03427285910296444
test-14319,0.012559150641718671
test-1432,0.019282303579943573
test-14320,0.31639113532117935
test-14321,0.3401765501460692
test-14322,0.020911002301251452
test-14323,0.04037275768232447
test-14324,0.092645646454815
test-14325,0.04819094013224884
test-14326,0.03528650264421148
test-14327,0.12957168525003848
test-14328,0.01037361481924678
test-14329,0.07093690268164553
test-1433,0.01076348841095611
test-14330,0.013035505440989144
test-14331,0.10775224707145398
test-14332,0.28852687748532424
test-14333,0.014987193595461672
test-14334,0.0637231183820191
test-14335,0.23122237771827112
test-14336,0.04995992052864614
test-14337,0.17830845977333507
test-14338,0.009182708904177902
test-14339,0.05815077418640508
test-1434,0.015809891377191725
test-14340,0.21137345546457462
test-14341,0.03758132345373125
test-14342,0.2286317110534662
test-14343,0.1900258626328395
test-14344,0.040286497648058125
test-14345,0.10574837442401161
test-14346,0.10263449337097112
test-14347,0.02127396441158239
test-14348,0.18339801351062696
test-14349,0.09300472574560614
test-1435,0.26174380259051183
test-14350,0.00900513510810355
test-14351,0.0985165161880429
test-14352,0.2745975882758048
test-14353,0.32412656905913556
test-14354,0.2596343759669318
test-14355,0.31519264485908316
test-14356,0.32121302793510337
test-14357,0.08196973207204497
test-14358,0.267070320006485
test-14359,0.027087754561978684
test-1436,0.2687923153480761
test-14360,0.3021050025454257
test-14361,0.14653560068734536
test-14362,0.14660621249274897
test-14363,0.02676708281797911
test-14364,0.0243756809329567
test-14365,0.010721340125093718
test-14366,0.032383251185814955
test-14367,0.025702730729715184
test-14368,0.20269734832092962
test-14369,0.013717097153853107
test-1437,0.0409638097752647
test-14370,0.028446037402812378
test-14371,0.12768853595545482
test-14372,0.062295672647558746
test-14373,0.03235545395299992
test-14374,0.023462041809312658
test-14375,0.029582850167351685
test-14376,0.013591903143612569
test-14377,0.009821543754256942
test-14378,0.09346776865359502
test-14379,0.013680922595960281
test-1438,0.20414661079388555
test-14380,0.008069569483947759
test-14381,0.07564187602682827
test-14382,0.008631964143554669
test-14383,0.04090844379779764
test-14384,0.04520850138518151
test-14385,0.009497076132630022
test-14386,0.010591724489278139
test-14387,0.4252554837280234
test-14388,0.08367868497037381
test-14389,0.0073564685462153435
test-1439,0.053980849648687025
test-14390,0.25078656505672065
test-14391,0.01023392993707666
test-14392,0.03316994615028521
test-14393,0.1401669079856906
test-14394,0.28175080190731716
test-14395,0.026717698938162872
test-14396,0.3177209780356649
test-14397,0.1823003741496559
test-14398,0.010139102401699483
test-14399,0.2131423217433278
test-144,0.15930222631656915
test-1440,0.019881633859025534
test-14400,0.019174578302397948
test-14401,0.040695030576269844
test-14402,0.039827774046745944
test-14403,0.25438247457343305
test-14404,0.1766382291323276
test-14405,0.015601689148419015
test-14406,0.04019935806004712
test-14407,0.013750835097830537
test-14408,0.1491182270353743
test-14409,0.2757061771167815
test-1441,0.016900579432292295
test-14410,0.08006481907465986
test-14411,0.2290633232194293
test-14412,0.04075543723419701
test-14413,0.013098082138223176
test-14414,0.038607208120121625
test-14415,0.33743757300222693
test-14416,0.013546522148942792
test-14417,0.19423589176079317
test-14418,0.10022332301988479
test-14419,0.07807872085554522
test-1442,0.016188388074334602
test-14420,0.06983136155849988
test-14421,0.2961694778299362
test-14422,0.05708897783578092
test-14423,0.013665238269376788
test-14424,0.010002462056467694
test-14425,0.06803412447426488
test-14426,0.012637857763808859
test-14427,0.02157240881754364
test-14428,0.054402770862366105
test-14429,0.3136040974364507
test-1443,0.04468926947671779
test-14430,0.033275671989596335
test-14431,0.01552973407478621
test-14432,0.06786994361528852
test-14433,0.042074880177672296
test-14434,0.02368594654320974
test-14435,0.027426089362236818
test-14436,0.0905625122364646
test-14437,0.02598049569371233
test-14438,0.04415505867311452
test-14439,0.007625007502448541
test-1444,0.21332683174674005
test-14440,0.009630932888092558
test-14441,0.3551966811186103
test-14442,0.2392029944261544
test-14443,0.23381786991723857
test-14444,0.017834342540233247
test-14445,0.013412230525473225
test-14446,0.044007773804504165
test-14447,0.1426075123235703
test-14448,0.02658097240888975
test-14449,0.028321516935485458
test-1445,0.014992978401602056
test-14450,0.17579795359393147
test-14451,0.0689911106684602
test-14452,0.012637397863476533
test-14453,0.12464923443616588
test-14454,0.04252105837468247
test-14455,0.021444615924330338
test-14456,0.21926389119128925
test-14457,0.35318802373055586
test-14458,0.015435356659239997
test-14459,0.021554457983135336
test-1446,0.029213662079569328
test-14460,0.22112854654023478
test-14461,0.09095363519959088
test-14462,0.12199541788481556
test-14463,0.011055256675109995
test-14464,0.03578583327095891
test-14465,0.10135147787955867
test-14466,0.12724018844969162
test-14467,0.019533331184266544
test-14468,0.14341590628354015
test-14469,0.09364287636918485
test-1447,0.040036434232552064
test-14470,0.12878860356243613
test-14471,0.0751332706005262
test-14472,0.028658792134881768
test-14473,0.01926467390822369
test-14474,0.11147305685088446
test-14475,0.04549313333214411
test-14476,0.015945881361409373
test-14477,0.12283535309858468
test-14478,0.04296338106023122
test-14479,0.04036661799613826
test-1448,0.26905772254220034
test-14480,0.014675783144617061
test-14481,0.33355016430829454
test-14482,0.016628010405056452
test-14483,0.03174442490735237
test-14484,0.10849742442829555
test-14485,0.021203235751427813
test-14486,0.21294289156376534
test-14487,0.11364315381689973
test-14488,0.024897777949482853
test-14489,0.09787796055403811
test-1449,0.061538631999127937
test-14490,0.061577899304617906
test-14491,0.02168763155814586
test-14492,0.018837185478372015
test-14493,0.10373811943857802
test-14494,0.13775918575813118
test-14495,0.029678137091268028
test-14496,0.027486440256876524
test-14497,0.017017594390925716
test-14498,0.009071822177896698
test-14499,0.00937729804481116
test-145,0.2904692453630716
test-1450,0.08518673587734057
test-14500,0.008477314346827917
test-14501,0.0322560369895652
test-14502,0.007560439816767133
test-14503,0.008991504856650335
test-14504,0.044200675822435566
test-14505,0.02356106675047363
test-14506,0.018150953322234237
test-14507,0.1287897261424885
test-14508,0.25425830275953704
test-14509,0.3158331335248813
test-1451,0.022460614183830573
test-14510,0.028074783218479962
test-14511,0.1734909018798061
test-14512,0.015663871534245307
test-14513,0.009741505599969771
test-14514,0.033584882621283556
test-14515,0.2876925703546179
test-14516,0.05339307069340168
test-14517,0.019641518275486738
test-14518,0.09209295486290713
test-14519,0.28397265056529764
test-1452,0.017264518944651818
test-14520,0.09826903189960028
test-14521,0.2342573167023018
test-14522,0.28813784084611077
test-14523,0.01688662055027305
test-14524,0.15672730726157189
test-14525,0.02879808234895544
test-14526,0.05152667677052641
test-14527,0.1293856309011467
test-14528,0.29324385493677696
test-14529,0.03830603528520967
test-1453,0.09929309670886338
test-14530,0.26630642630070755
test-14531,0.062087077155700054
test-14532,0.0440657323391955
test-14533,0.056460328165961436
test-14534,0.03853797241110304
test-14535,0.02597038748748735
test-14536,0.008013167900160545
test-14537,0.0992906015203499
test-14538,0.01787324844662315
test-14539,0.0833545512865549
test-1454,0.11823722448860402
test-14540,0.047906892701527475
test-14541,0.19297840824987575
test-14542,0.15089778980394616
test-14543,0.1614334683841284
test-14544,0.07622922736698107
test-14545,0.07251204507768456
test-14546,0.06551351904328022
test-14547,0.05635549484732553
test-14548,0.08322708753448788
test-14549,0.008910264787685454
test-1455,0.012123805561820045
test-14550,0.024587608261745626
test-14551,0.11716002511534869
test-14552,0.029364201129228218
test-14553,0.1693495211889661
test-14554,0.06344871640948173
test-14555,0.045433752550532946
test-14556,0.07958009128105223
test-14557,0.16193294014187037
test-14558,0.2300375673027063
test-14559,0.03088988151065486
test-1456,0.2921408309036412
test-14560,0.4517997835976266
test-14561,0.011091676564266628
test-14562,0.056043748612104614
test-14563,0.00856229364658381
test-14564,0.03827953237509843
test-14565,0.012075704752698844
test-14566,0.08788120190007584
test-14567,0.041994584683696344
test-14568,0.008833433729878996
test-14569,0.12494911714106051
test-1457,0.03827443411712433
test-14570,0.038913139384467894
test-14571,0.14584971832814003
test-14572,0.19917126801920534
test-14573,0.009986446338304951
test-14574,0.01961229524549631
test-14575,0.17587858132603157
test-14576,0.07896917855603469
test-14577,0.14649150163239555
test-14578,0.01112405784413733
test-14579,0.06038153484029314
test-1458,0.01024553774622439
test-14580,0.02740253533281677
test-14581,0.007188844677934037
test-14582,0.054293171775032796
test-14583,0.08398432728574921
test-14584,0.014247715723497622
test-14585,0.10725423336999337
test-14586,0.014162138764485207
test-14587,0.03174055071153354
test-14588,0.0229905270070961
test-14589,0.011716098399771786
test-1459,0.04297097657816236
test-14590,0.0669392073111586
test-14591,0.030407832122023647
test-14592,0.21374212616947358
test-14593,0.02415564419149177
test-14594,0.01594455496318132
test-14595,0.1034127534507956
test-14596,0.03355403077527231
test-14597,0.011085430577733405
test-14598,0.006182776259578949
test-14599,0.020633238046274593
test-146,0.18203052215646007
test-1460,0.22138937086720573
test-14600,0.40051128735302255
test-14601,0.022072485469397052
test-14602,0.16758310803012066
test-14603,0.1345549530111471
test-14604,0.2807051049852604
test-14605,0.14920653440465276
test-14606,0.05339307069340168
test-14607,0.025310392635561365
test-14608,0.06966667974880154
test-14609,0.01599071404730855
test-1461,0.00848390841339102
test-14610,0.08528906245595572
test-14611,0.02829928382999244
test-14612,0.04893908154150747
test-14613,0.2928858235530391
test-14614,0.03539925098925498
test-14615,0.28395496788566144
test-14616,0.02839892918479165
test-14617,0.09787796055403811
test-14618,0.03277352605400467
test-14619,0.024063362347757397
test-1462,0.03591670105010407
test-14620,0.007954236229884146
test-14621,0.035794429211458756
test-14622,0.03652434820477524
test-14623,0.038755043364030566
test-14624,0.09109106915543343
test-14625,0.08855129238180084
test-14626,0.030912295986156066
test-14627,0.025978811560887917
test-14628,0.057510437448325305
test-14629,0.0669392073111586
test-1463,0.12473652851251714
test-14630,0.1035605372983855
test-14631,0.061194340093685184
test-14632,0.09238432317454845
test-14633,0.18317330247931404
test-14634,0.010912810189165527
test-14635,0.040047541897283656
test-14636,0.12445857412746149
test-14637,0.07199888725464136
test-14638,0.01845011831854662
test-14639,0.022110355072685987
test-1464,0.04321404927292132
test-14640,0.012803348572537706
test-14641,0.0669392073111586
test-14642,0.036592687707977335
test-14643,0.03242352507069569
test-14644,0.18354074944017812
test-14645,0.12099176132734665
test-14646,0.09456466912495104
test-14647,0.13520475947047342
test-14648,0.0669392073111586
test-14649,0.05731906349172888
test-1465,0.018323371809772775
test-14650,0.1599206762287927
test-14651,0.09787796055403811
test-14652,0.015689196396553112
test-14653,0.4123612153931427
test-14654,0.01198296148252561
test-14655,0.08003083037374147
test-14656,0.12796851635119139
test-14657,0.02663298210448609
test-14658,0.02511310777684112
test-14659,0.040633861898641675
test-1466,0.13097788987197126
test-14660,0.012541799477369048
test-14661,0.031032426224310246
test-14662,0.03850972105416782
test-14663,0.019796511166981907
test-14664,0.22215399990364434
test-14665,0.019961136963862876
test-14666,0.10742711228229655
test-14667,0.03341847573915413
test-14668,0.020828218917150244
test-14669,0.03224085141054245
test-1467,0.2799568878385419
test-14670,0.12663596937894922
test-14671,0.08003083037374147
test-14672,0.04973803027372902
test-14673,0.16695447271917302
test-14674,0.09787796055403811
test-14675,0.006691215164551264
test-14676,0.03367286751253495
test-14677,0.07287513663214307
test-14678,0.18656966613310413
test-14679,0.025539205775786927
test-1468,0.020368110725304794
test-14680,0.015823850882751535
test-14681,0.2759795588842995
test-14682,0.03030227924427924
test-14683,0.25231888216252873
test-14684,0.2102551051020817
test-14685,0.07851896097445257
test-14686,0.08110413393213176
test-14687,0.024648964395100267
test-14688,0.18677138741357222
test-14689,0.13048279808286
test-1469,0.01455809108972847
test-14690,0.05290353958228971
test-14691,0.01978276933282377
test-14692,0.1536347887875907
test-14693,0.05339307069340168
test-14694,0.03787484802980843
test-14695,0.0669392073111586
test-14696,0.33068129812203256
test-14697,0.037952646268094886
test-14698,0.26850196659260944
test-14699,0.024340398841636843
test-147,0.025349061120537236
test-1470,0.010166133532853698
test-14700,0.14604057887985744
test-14701,0.010151838219493873
test-14702,0.01899505997126942
test-14703,0.02146291844824576
test-14704,0.01663058456256404
test-14705,0.027857428243618438
test-14706,0.21355472941907816
test-14707,0.021222833972812587
test-14708,0.04053800956872165
test-14709,0.04201587544696237
test-1471,0.01934715641274428
test-14710,0.03154705460930348
test-14711,0.02063080681225798
test-14712,0.044200675822435566
test-14713,0.2416245704326701
test-14714,0.03240910034181702
test-14715,0.20383612521715558
test-14716,0.17708686862991582
test-14717,0.007370985805092818
test-14718,0.1910773106504765
test-14719,0.04201587544696237
test-1472,0.02238718139724095
test-14720,0.0669392073111586
test-14721,0.24122792347747563
test-14722,0.013386843261556805
test-14723,0.05480179621731363
test-14724,0.04992602504619911
test-14725,0.11526844423998438
test-14726,0.015617293519824306
test-14727,0.021923929880352237
test-14728,0.10016106950207247
test-14729,0.047556648333942464
test-1473,0.01498003381694541
test-14730,0.01464029689526375
test-14731,0.05881664158730843
test-14732,0.02958401515721688
test-14733,0.011626791898594837
test-14734,0.01927033284490251
test-14735,0.017088757346385725
test-14736,0.008201606982692905
test-14737,0.05774297976529019
test-14738,0.048644369805508715
test-14739,0.031189105334535148
test-1474,0.019133543980964063
test-14740,0.180190238479765
test-14741,0.09340240511623754
test-14742,0.015286726939058543
test-14743,0.08568409908972925
test-14744,0.12291337134795517
test-14745,0.018113017286836546
test-14746,0.018034044056789458
test-14747,0.021186811907739175
test-14748,0.1441798344726179
test-14749,0.10098069506471297
test-1475,0.006884436733097328
test-14750,0.02224177431698411
test-14751,0.05196477366679683
test-14752,0.03037080682633089
test-14753,0.05123719170605263
test-14754,0.09560148816553171
test-14755,0.025408706194036432
test-14756,0.06980957092528972
test-14757,0.02982749101007277
test-14758,0.1760746086625714
test-14759,0.032039855717219984
test-1476,0.03026634045911707
test-14760,0.28579526957461326
test-14761,0.07672630367799198
test-14762,0.23306268904086122
test-14763,0.04475351461529831
test-14764,0.30313540833240643
test-14765,0.024772659872924166
test-14766,0.015137565595574226
test-14767,0.041538149995107174
test-14768,0.0613681651231438
test-14769,0.19350591208331472
test-1477,0.029274955142981538
test-14770,0.33651518616029824
test-14771,0.09787796055403811
test-14772,0.024735776623710917
test-14773,0.0862198604027153
test-14774,0.0051061168128236
test-14775,0.17903802988922818
test-14776,0.15811944086405474
test-14777,0.025967303112570977
test-14778,0.1430147415049101
test-14779,0.09787796055403811
test-1478,0.01810891571282792
test-14780,0.03793313222961808
test-14781,0.038375884908658814
test-14782,0.029996525645066437
test-14783,0.1430393734442289
test-14784,0.04001496776296371
test-14785,0.16801109313018672
test-14786,0.026034097051990474
test-14787,0.11718766561547338
test-14788,0.13429409713392804
test-14789,0.013490079753466699
test-1479,0.013529404284543646
test-14790,0.015055800035140246
test-14791,0.02358102295896586
test-14792,0.006353433658562466
test-14793,0.08003083037374147
test-14794,0.06599891615541364
test-14795,0.18869748643489204
test-14796,0.34935126324645965
test-14797,0.34113621690266216
test-14798,0.024829796508104438
test-14799,0.13584648180255504
test-148,0.020987290286368226
test-1480,0.06108085344638038
test-14800,0.0666488187661712
test-14801,0.0210801430737674
test-14802,0.09456466912495104
test-14803,0.12756464018589395
test-14804,0.05857388695501383
test-14805,0.014282522624354045
test-14806,0.22176174901734483
test-14807,0.07984600052248031
test-14808,0.03460117488585673
test-14809,0.023226343409104712
test-1481,0.09691721000615992
test-14810,0.06107244868006746
test-14811,0.19359100990225173
test-14812,0.06909158730745352
test-14813,0.008881174170253468
test-14814,0.4045305580164596
test-14815,0.11609320875231623
test-14816,0.010717944192025724
test-14817,0.06803412447426488
test-14818,0.05339307069340168
test-14819,0.009170328778085875
test-1482,0.09505128929273306
test-14820,0.024694496801864876
test-14821,0.1274881974339762
test-14822,0.10893213999898937
test-14823,0.2630782737463049
test-14824,0.06523120473554564
test-14825,0.1394463013726253
test-14826,0.05339307069340168
test-14827,0.007230344070679318
test-14828,0.0059620487982122595
test-14829,0.24374423141946508
test-1483,0.059578978820059476
test-14830,0.023550742994515216
test-14831,0.2815433892420855
test-14832,0.11214084111008622
test-14833,0.1461490489916173
test-14834,0.05431503600963705
test-14835,0.01597769353079578
test-14836,0.03274460838778707
test-14837,0.20509796447886236
test-14838,0.16140774758097912
test-14839,0.028578924470912273
test-1484,0.00858110262482468
test-14840,0.013517923030280281
test-14841,0.1115642376391236
test-14842,0.17179310681148527
test-14843,0.0669392073111586
test-14844,0.14733718102124282
test-14845,0.024902830914879593
test-14846,0.024791891983646695
test-14847,0.0256910219781938
test-14848,0.017113812931215208
test-14849,0.009535333138712071
test-1485,0.3267316099443742
test-14850,0.13830743809882362
test-14851,0.3668273534014926
test-14852,0.022110583466119344
test-14853,0.0523570135160611
test-14854,0.03720563977754303
test-14855,0.1944346418129891
test-14856,0.07896917855603469
test-14857,0.09858396583355514
test-14858,0.023835119159916224
test-14859,0.12164760201557083
test-1486,0.10206604594788081
test-14860,0.07896917855603469
test-14861,0.09789451880241475
test-14862,0.14595709685839786
test-14863,0.010181828203564652
test-14864,0.0909606303824485
test-14865,0.01154114497224222
test-14866,0.06033906355133095
test-14867,0.24406528299253533
test-14868,0.03291794936520425
test-14869,0.15632520858118146
test-1487,0.3942552692867602
test-14870,0.01810291002881179
test-14871,0.021064597206870674
test-14872,0.030781103620546018
test-14873,0.04349192388294728
test-14874,0.06966703984726792
test-14875,0.10062551206765444
test-14876,0.21936077317660874
test-14877,0.009214919209459632
test-14878,0.1832656650549758
test-14879,0.023169222873179584
test-1488,0.2120784259352439
test-14880,0.0870806403739782
test-14881,0.009778088685577125
test-14882,0.05859284437221035
test-14883,0.021484185834483346
test-14884,0.00884589455857126
test-14885,0.09787796055403811
test-14886,0.008835928495885116
test-14887,0.0593867845934881
test-14888,0.030214877238958722
test-14889,0.163975278593869
test-1489,0.24533734674571356
test-14890,0.04143701086184354
test-14891,0.0193526657139072
test-14892,0.039056486816039286
test-14893,0.008039526386238956
test-14894,0.07973131249157046
test-14895,0.05339307069340168
test-14896,0.0643654486464588
test-14897,0.02669190366696835
test-14898,0.01255676831104394
test-14899,0.2084267616388086
test-149,0.14584971832814003
test-1490,0.014179381253656559
test-14900,0.12663753848384218
test-14901,0.009584517339131559
test-14902,0.03124303148072607
test-14903,0.02403168801781399
test-14904,0.14823432690371374
test-14905,0.011363852186269282
test-14906,0.2031467111305508
test-14907,0.01590519808470711
test-14908,0.07343387627257876
test-14909,0.22634297173026205
test-1491,0.36887600896157735
test-14910,0.01436891598321057
test-14911,0.10576914673396416
test-14912,0.02752430489415614
test-14913,0.02420353449582486
test-14914,0.007842769373212726
test-14915,0.04065776101415974
test-14916,0.10091792782363986
test-14917,0.05591491040930066
test-14918,0.004430519556112682
test-14919,0.0066112284652752405
test-1492,0.06769089613322582
test-14920,0.018898960356710667
test-14921,0.03151116804213809
test-14922,0.008472394219771168
test-14923,0.3021951759969919
test-14924,0.04906259088813036
test-14925,0.01845011831854662
test-14926,0.2462101720399151
test-14927,0.00928812140400781
test-14928,0.13844485831116107
test-14929,0.033986359060294444
test-1493,0.2288007929718316
test-14930,0.02010157044134472
test-14931,0.2433949855939424
test-14932,0.02345356583916744
test-14933,0.02691376876012998
test-14934,0.04402220989583012
test-14935,0.06613128233036399
test-14936,0.020500278924503873
test-14937,0.027249449743925652
test-14938,0.01323817564959788
test-14939,0.12644761870553298
test-1494,0.014018772161545979
test-14940,0.01887283316996552
test-14941,0.014412525180855642
test-14942,0.0643354235948734
test-14943,0.17764799808282192
test-14944,0.08110413393213176
test-14945,0.022190158175240424
test-14946,0.015381404847325138
test-14947,0.013445354990824885
test-14948,0.013497430034791742
test-14949,0.26276080743743213
test-1495,0.274204329420819
test-14950,0.150184366749941
test-14951,0.08781294946799593
test-14952,0.014437152949607715
test-14953,0.23797498716727658
test-14954,0.12669521753714805
test-14955,0.02702052478679224
test-14956,0.06769227346933265
test-14957,0.05416277583037124
test-14958,0.22301422968636153
test-14959,0.05339307069340168
test-1496,0.05328405173200749
test-14960,0.11460577834454251
test-14961,0.02029788492831324
test-14962,0.034700893102032435
test-14963,0.010152384244818465
test-14964,0.08110413393213176
test-14965,0.0058803046784364175
test-14966,0.03979794130234186
test-14967,0.0181723351546068
test-14968,0.1762914417967816
test-14969,0.06997239540107644
test-1497,0.0657586493070291
test-14970,0.11512090361708836
test-14971,0.06404463976593713
test-14972,0.042526497004472766
test-14973,0.01732441891284
test-14974,0.093700891906443
test-14975,0.14138636719782186
test-14976,0.013793908108851085
test-14977,0.31380257983712506
test-14978,0.013399040470890546
test-14979,0.01804811351721556
test-1498,0.12366632774524698
test-14980,0.2940069834262363
test-14981,0.014474110702409601
test-14982,0.11607553849948815
test-14983,0.03991427570930743
test-14984,0.01281392510589735
test-14985,0.0356226072334013
test-14986,0.1198450332701838
test-14987,0.09238432317454845
test-14988,0.15476990947720298
test-14989,0.051812449865419684
test-1499,0.023891095748954354
test-14990,0.2088335069139127
test-14991,0.024325515518196443
test-14992,0.31939396202793396
test-14993,0.08761676630677633
test-14994,0.031280659832135176
test-14995,0.10625881768352088
test-14996,0.12734071354506094
test-14997,0.02446370470307574
test-14998,0.03064121009433336
test-14999,0.01152151950504776
test-15,0.09027861923083974
test-150,0.08264086430575664
test-1500,0.4063727899228229
test-15000,0.01020458664832174
test-15001,0.06769089613322582
test-15002,0.020175839025803565
test-15003,0.09787796055403811
test-15004,0.06829840929765911
test-15005,0.03233592546917102
test-15006,0.056967475472184774
test-15007,0.020313263507461547
test-15008,0.38029732419397044
test-15009,0.018641948105267033
test-1501,0.012073512502487066
test-15010,0.023712481878388546
test-15011,0.09477743102062279
test-15012,0.010823358649941982
test-15013,0.0900454659795162
test-15014,0.032210734184143434
test-15015,0.09621911320896186
test-15016,0.03079504553467897
test-15017,0.025064907579398565
test-15018,0.0200567000747906
test-15019,0.18883868602682408
test-1502,0.2346881488212274
test-15020,0.16909979242970177
test-15021,0.036130439142293885
test-15022,0.12003428623085241
test-15023,0.01133787644550853
test-15024,0.036251445420689976
test-15025,0.01845011831854662
test-15026,0.07896917855603469
test-15027,0.02528436320741609
test-15028,0.019990967554189706
test-15029,0.1850643340053426
test-1503,0.10022332301988479
test-15030,0.022487548992525405
test-15031,0.040036434232552064
test-15032,0.022113075602564113
test-15033,0.022084567627071075
test-15034,0.08073358628539846
test-15035,0.017608609227574606
test-15036,0.025586540984637345
test-15037,0.08880147030610865
test-15038,0.01785910515855819
test-15039,0.05214727962543853
test-1504,0.01827543605472707
test-15040,0.030301776047695187
test-15041,0.18233041260119667
test-15042,0.25525774829250236
test-15043,0.07198534901322919
test-15044,0.03991427570930743
test-15045,0.012921189748758348
test-15046,0.013589637852131351
test-15047,0.060812994270367446
test-15048,0.0615328934562729
test-15049,0.03774666297175961
test-1505,0.00641410433400503
test-15050,0.018410936076810394
test-15051,0.013755170244131455
test-15052,0.11597897420329101
test-15053,0.03694600461263636
test-15054,0.08128663815922169
test-15055,0.016767946867111787
test-15056,0.09072734222619955
test-15057,0.01720471896352475
test-15058,0.13457765789488607
test-15059,0.10016106950207247
test-1506,0.027822125903867765
test-15060,0.19461751499996827
test-15061,0.2754241825800075
test-15062,0.2917086743568966
test-15063,0.0156348153088511
test-15064,0.016585280544287984
test-15065,0.14643464605784945
test-15066,0.1792482265321818
test-15067,0.07317949356094791
test-15068,0.02042441439864548
test-15069,0.1890782160884167
test-1507,0.14974204125714097
test-15070,0.04735607360298993
test-15071,0.0145697889412291
test-15072,0.018643537347759778
test-15073,0.0246292827023258
test-15074,0.021284093010180236
test-15075,0.01339225313601311
test-15076,0.010898198688930709
test-15077,0.01337835537326307
test-15078,0.02509032596886759
test-15079,0.2262887729828075
test-1508,0.011162162993215832
test-15080,0.1844552504459823
test-15081,0.291208402023684
test-15082,0.0878877778603893
test-15083,0.1821642501848056
test-15084,0.03732369810720908
test-15085,0.020134276965516753
test-15086,0.013551149826011574
test-15087,0.0998680989457238
test-15088,0.19431060854276086
test-15089,0.33512003909941135
test-1509,0.013114953528380548
test-15090,0.07575577862200479
test-15091,0.04130967410311295
test-15092,0.07094096371373193
test-15093,0.27194535407050646
test-15094,0.1796333268735288
test-15095,0.15225046121868552
test-15096,0.21269548577540878
test-15097,0.0669392073111586
test-15098,0.04037855629022545
test-15099,0.05606794838110589
test-151,0.021897757146381508
test-1510,0.10839178450269965
test-15100,0.23473222646530623
test-15101,0.22737999900736103
test-15102,0.009916690657465178
test-15103,0.21179859492827716
test-15104,0.2870948932465192
test-15105,0.07500358593236434
test-15106,0.014339986309234836
test-15107,0.31321860713588656
test-15108,0.024399095181243426
test-15109,0.07515523999548554
test-1511,0.05591491040930066
test-15110,0.04484820883364802
test-15111,0.3202803639379476
test-15112,0.020106509107160987
test-15113,0.011162114767796483
test-15114,0.02104565171800219
test-15115,0.06406100464239264
test-15116,0.27671903055521846
test-15117,0.13919012465966588
test-15118,0.014507564762370065
test-15119,0.08110413393213176
test-1512,0.010591388397901337
test-15120,0.030243068318423126
test-15121,0.27008260783365723
test-15122,0.04587838441821932
test-15123,0.020059419238101537
test-15124,0.042498464652186235
test-15125,0.020589864590399437
test-15126,0.14208432958231362
test-15127,0.006982779756623047
test-15128,0.01178795389185112
test-15129,0.022255364706285193
test-1513,0.010474655190099142
test-15130,0.18562225321121692
test-15131,0.3708921976616254
test-15132,0.019221623707417198
test-15133,0.01888114590909955
test-15134,0.034462792400414846
test-15135,0.020496323152607653
test-15136,0.06992149894830313
test-15137,0.05825226084393773
test-15138,0.01187522510878402
test-15139,0.01687424882965404
test-1514,0.03700526734245091
test-15140,0.02105043452516333
test-15141,0.31859499434299676
test-15142,0.22318839352362804
test-15143,0.027842235927368134
test-15144,0.09332873264947827
test-15145,0.25718214363479475
test-15146,0.14368848423523187
test-15147,0.09065309482547411
test-15148,0.020075896803647263
test-15149,0.18451617143824303
test-1515,0.1474756816783581
test-15150,0.034462792400414846
test-15151,0.009067228972000498
test-15152,0.29615877859940015
test-15153,0.009396144201726828
test-15154,0.13757561270044646
test-15155,0.024520498293924414
test-15156,0.0707119985986715
test-15157,0.023719416224524482
test-15158,0.008388166072142775
test-15159,0.03608741631562299
test-1516,0.017361942212887765
test-15160,0.01215376370541715
test-15161,0.020705049486284342
test-15162,0.03350919588029596
test-15163,0.0262839338279305
test-15164,0.019444498622876345
test-15165,0.18225136749846724
test-15166,0.190459582457216
test-15167,0.014674084508117254
test-15168,0.021462240131492314
test-15169,0.01541966150745238
test-1517,0.029146386908989866
test-15170,0.054877028831153606
test-15171,0.01886370289821055
test-15172,0.03275754445374959
test-15173,0.008349952222107486
test-15174,0.029794924977852192
test-15175,0.01224114366978813
test-15176,0.023581325712360088
test-15177,0.17911993765020542
test-15178,0.058201811310891825
test-15179,0.04118879934460743
test-1518,0.02886298394850808
test-15180,0.024821167829643682
test-15181,0.11663490222465693
test-15182,0.01604621509099441
test-15183,0.20076579714671464
test-15184,0.03991427570930743
test-15185,0.08698617866183053
test-15186,0.24278861685360972
test-15187,0.014931733416862608
test-15188,0.1955880988424251
test-15189,0.007139981343485929
test-1519,0.09353406426113405
test-15190,0.17613800250115272
test-15191,0.012845489530690778
test-15192,0.08460299489563046
test-15193,0.13092739275910928
test-15194,0.0411033329146718
test-15195,0.012541831211535995
test-15196,0.08110413393213176
test-15197,0.06967475982394702
test-15198,0.024444714555159043
test-15199,0.3072441948647488
test-152,0.032037386213171315
test-1520,0.008194152556132924
test-15200,0.021326971587041013
test-15201,0.015619835311834217
test-15202,0.09135708259142648
test-15203,0.009256600130851904
test-15204,0.025087692639469805
test-15205,0.05471408370542459
test-15206,0.09435854111353265
test-15207,0.039889683061768245
test-15208,0.007510207703828766
test-15209,0.018666313575944615
test-1521,0.043944474121825325
test-15210,0.07742767884236121
test-15211,0.020353264508161488
test-15212,0.02967023146326265
test-15213,0.010734397515872005
test-15214,0.021530250976603695
test-15215,0.1247282384843349
test-15216,0.023163187702840527
test-15217,0.056944506443163456
test-15218,0.07779925044998214
test-15219,0.042881802484193536
test-1522,0.08446298650961538
test-15220,0.03616517586230407
test-15221,0.31550847351172256
test-15222,0.1803688738599434
test-15223,0.3309057069807
test-15224,0.02168763155814586
test-15225,0.09673533330374554
test-15226,0.06259100480523434
test-15227,0.13082544095103874
test-15228,0.023102702419059578
test-15229,0.03151668773036451
test-1523,0.08003083037374147
test-15230,0.027331676450878053
test-15231,0.0687179355593399
test-15232,0.04958003848986081
test-15233,0.3292897166163662
test-15234,0.15490273446737707
test-15235,0.013014190609361547
test-15236,0.05339307069340168
test-15237,0.007590240423586719
test-15238,0.1983831758723178
test-15239,0.1192852442111224
test-1524,0.034494669996841254
test-15240,0.08533779866879053
test-15241,0.06879031898528654
test-15242,0.060830464168921544
test-15243,0.014704573092841925
test-15244,0.022273894488479103
test-15245,0.07403405058130529
test-15246,0.054675047215319066
test-15247,0.012195651923332123
test-15248,0.3147502131079928
test-15249,0.0360244951431322
test-1525,0.018610145754784226
test-15250,0.047621203170373605
test-15251,0.31126452841531443
test-15252,0.15541482732738607
test-15253,0.13844894539992394
test-15254,0.24063508473194475
test-15255,0.01595702223967633
test-15256,0.0846182167635542
test-15257,0.012084274732838221
test-15258,0.09456466912495104
test-15259,0.020020983711372863
test-1526,0.030888633864627778
test-15260,0.05412490490156945
test-15261,0.19116130199823472
test-15262,0.007839816966496342
test-15263,0.009640755666874943
test-15264,0.19516572589766093
test-15265,0.03888525683164213
test-15266,0.022022932627505716
test-15267,0.11645059651685202
test-15268,0.10812230317096443
test-15269,0.009644095471519582
test-1527,0.0687732139720173
test-15270,0.21418518631176522
test-15271,0.3519643993075685
test-15272,0.009950196147338906
test-15273,0.04656203932191667
test-15274,0.14061500063676427
test-15275,0.009757930209360792
test-15276,0.02758222031628137
test-15277,0.028215527796812124
test-15278,0.029634274894458
test-15279,0.007185221532366532
test-1528,0.021428228337527635
test-15280,0.015371258000744384
test-15281,0.0949050063243251
test-15282,0.20009108562795347
test-15283,0.01291630540499467
test-15284,0.05110965176705894
test-15285,0.013201186811366944
test-15286,0.029022194395581277
test-15287,0.021116316564853965
test-15288,0.06256918508956653
test-15289,0.25850690307369045
test-1529,0.059497350267777124
test-15290,0.08581051867867512
test-15291,0.04857972565929009
test-15292,0.014135085100310672
test-15293,0.20026154501740848
test-15294,0.012961445251186735
test-15295,0.05339307069340168
test-15296,0.10712628855523984
test-15297,0.030989522423967353
test-15298,0.029118041249346104
test-15299,0.21141098376806902
test-153,0.15343122444838
test-1530,0.016180479798509863
test-15300,0.025430634558281574
test-15301,0.04039927385323203
test-15302,0.06330289721276378
test-15303,0.017491069818773904
test-15304,0.011846295797832845
test-15305,0.03803776584467119
test-15306,0.1525954482140682
test-15307,0.027870352047492882
test-15308,0.3615644181486601
test-15309,0.023905599813710487
test-1531,0.03728873430749769
test-15310,0.025439181464114502
test-15311,0.08149800410009267
test-15312,0.009627610380847567
test-15313,0.1120710055160622
test-15314,0.039221148175185405
test-15315,0.2266783217980733
test-15316,0.10602620111792849
test-15317,0.027326491621909803
test-15318,0.09860381645007209
test-15319,0.01924557170142916
test-1532,0.06522635201623674
test-15320,0.09456466912495104
test-15321,0.04806592165699748
test-15322,0.06947917766349943
test-15323,0.037056248963493514
test-15324,0.024304026659719195
test-15325,0.00910319379897418
test-15326,0.03556458907743341
test-15327,0.030371044394012742
test-15328,0.10673786017485724
test-15329,0.03797689154841904
test-1533,0.031908951140050844
test-15330,0.03699231991618385
test-15331,0.10634286174550034
test-15332,0.04992602504619911
test-15333,0.18852645308463437
test-15334,0.08363966642288058
test-15335,0.006012611894193495
test-15336,0.007706206852383579
test-15337,0.12082153687562817
test-15338,0.009835718885900025
test-15339,0.014674038492947027
test-1534,0.09586743304730369
test-15340,0.03217148106861156
test-15341,0.011679309948148203
test-15342,0.07758144935115592
test-15343,0.0942979609241875
test-15344,0.018564820949045265
test-15345,0.1783511639130933
test-15346,0.21435779295493432
test-15347,0.12796851635119139
test-15348,0.009375981930322333
test-15349,0.010818921578655544
test-1535,0.08124040518273115
test-15350,0.30295456704301366
test-15351,0.048366544389711365
test-15352,0.03598031934246165
test-15353,0.08535738105966982
test-15354,0.061577899304617906
test-15355,0.011465152755054046
test-15356,0.021577232910568393
test-15357,0.09787796055403811
test-15358,0.011167835018831167
test-15359,0.029849753018125067
test-1536,0.06039888908012484
test-15360,0.018447154251972863
test-15361,0.12376787332098503
test-15362,0.0489843091834363
test-15363,0.18310812726266323
test-15364,0.025836415017236523
test-15365,0.020435944047328285
test-15366,0.07931039596884132
test-15367,0.017093392416690667
test-15368,0.030591526334407308
test-15369,0.009945039938595952
test-1537,0.1750406071054695
test-15370,0.018317439514026396
test-15371,0.06075542851643983
test-15372,0.013131820067274274
test-15373,0.019778901658213836
test-15374,0.08082056462712263
test-15375,0.023819487594257987
test-15376,0.09566234522269847
test-15377,0.10469565429693092
test-15378,0.08990994839478329
test-15379,0.044200675822435566
test-1538,0.22747851223748852
test-15380,0.074830115769366
test-15381,0.11607553849948815
test-15382,0.03182675376168042
test-15383,0.0362857589672912
test-15384,0.14747454981184374
test-15385,0.016956378492705138
test-15386,0.013325722619306596
test-15387,0.009672889007462486
test-15388,0.012933597423869233
test-15389,0.02802908078920683
test-1539,0.286758838958622
test-15390,0.029444087952311147
test-15391,0.07382005570899727
test-15392,0.13673421521006132
test-15393,0.0186126717744353
test-15394,0.12621933585906506
test-15395,0.2607911892678295
test-15396,0.1100812978405749
test-15397,0.023307267268393293
test-15398,0.10116685268685828
test-15399,0.17619040903367994
test-154,0.03651751482718425
test-1540,0.07623925422576897
test-15400,0.03710587927792934
test-15401,0.04818199390132729
test-15402,0.012031823854533897
test-15403,0.10464528196691006
test-15404,0.01728389846082881
test-15405,0.25210949279671263
test-15406,0.01187534054064677
test-15407,0.12201535651286981
test-15408,0.22616369046057452
test-15409,0.06822680767875813
test-1541,0.021897757146381508
test-15410,0.06390585972311909
test-15411,0.047509050118547315
test-15412,0.0734238194770512
test-15413,0.07891761795920617
test-15414,0.03481700784726414
test-15415,0.029858484098784374
test-15416,0.14564907175744427
test-15417,0.06690038581559167
test-15418,0.011454542336213415
test-15419,0.06866260127631668
test-1542,0.07924045822192854
test-15420,0.02916110598926978
test-15421,0.05339307069340168
test-15422,0.13844485831116107
test-15423,0.040808458436539886
test-15424,0.008940486856849809
test-15425,0.023007980864477886
test-15426,0.05997031636792433
test-15427,0.07807872085554522
test-15428,0.08155515934779828
test-15429,0.16401738958420614
test-1543,0.032228709777226174
test-15430,0.022022932627505716
test-15431,0.11276715586889265
test-15432,0.03242081345302764
test-15433,0.1869213515024209
test-15434,0.1144593136138608
test-15435,0.3628047464175172
test-15436,0.15804396115036673
test-15437,0.012661507780885052
test-15438,0.02403168801781399
test-15439,0.22559709567793304
test-1544,0.02543073079879199
test-15440,0.07782071281746397
test-15441,0.02090111277714628
test-15442,0.09987131729732862
test-15443,0.05167764713358559
test-15444,0.013278702569751012
test-15445,0.15669310510844656
test-15446,0.030853165405187562
test-15447,0.3475881554326525
test-15448,0.09860381645007209
test-15449,0.027847897454725653
test-1545,0.007110189152012833
test-15450,0.33897997336483093
test-15451,0.019667320979640805
test-15452,0.019155687063941912
test-15453,0.10859126080869387
test-15454,0.04315587774234556
test-15455,0.04241752800774799
test-15456,0.32641958553279166
test-15457,0.010708656683550727
test-15458,0.00830077515487446
test-15459,0.12819412947753134
test-1546,0.05036434181547101
test-15460,0.3917010130262079
test-15461,0.09787796055403811
test-15462,0.09787796055403811
test-15463,0.1490516569896876
test-15464,0.06928350136965782
test-15465,0.04506415727040127
test-15466,0.2520944155446072
test-15467,0.08917696959522206
test-15468,0.032620055584339176
test-15469,0.07736971131561239
test-1547,0.2985015145155192
test-15470,0.17773312833867352
test-15471,0.029586233135652742
test-15472,0.02506483905053316
test-15473,0.027339169405425103
test-15474,0.0109916825198083
test-15475,0.022843086534148287
test-15476,0.10812230317096443
test-15477,0.007977013214690604
test-15478,0.25640986493598944
test-15479,0.28729062349487405
test-1548,0.020159952824358087
test-15480,0.03552780661564926
test-15481,0.1893510612843385
test-15482,0.03137768589777032
test-15483,0.24782168864499474
test-15484,0.1845098691925207
test-15485,0.19722081551827236
test-15486,0.01378366048448472
test-15487,0.02517813069534632
test-15488,0.29382590383978296
test-15489,0.08526110187021778
test-1549,0.011876300308022733
test-15490,0.08788120190007584
test-15491,0.04157373183982273
test-15492,0.21440057006225713
test-15493,0.06569882115573068
test-15494,0.0846182167635542
test-15495,0.09908332915532818
test-15496,0.24894281450267913
test-15497,0.014448734846048809
test-15498,0.15545551630010426
test-15499,0.11568035226037206
test-155,0.2097175660502435
test-1550,0.07141629672655497
test-15500,0.011416926453840091
test-15501,0.01029991430495189
test-15502,0.09864163394242616
test-15503,0.012643799048145919
test-15504,0.03324216937101056
test-15505,0.048323086491796625
test-15506,0.11930798742934495
test-15507,0.11512351736983528
test-15508,0.0669392073111586
test-15509,0.023801562540947476
test-1551,0.048783060356289105
test-15510,0.00900513510810355
test-15511,0.16097263443990656
test-15512,0.15893130494944288
test-15513,0.026885354162380973
test-15514,0.011257518446592374
test-15515,0.012146966688151526
test-15516,0.01515195601552688
test-15517,0.11598176802919365
test-15518,0.0907371737815685
test-15519,0.032240514600182575
test-1552,0.01048398515489461
test-15520,0.02281307812744202
test-15521,0.0687732139720173
test-15522,0.049621221838547766
test-15523,0.03659485164952502
test-15524,0.06268437474236344
test-15525,0.019172431002573063
test-15526,0.03810495562487775
test-15527,0.010435693796259896
test-15528,0.03336322158462031
test-15529,0.07831767435462943
test-1553,0.006541460955145926
test-15530,0.015065775204403897
test-15531,0.04455356445495195
test-15532,0.39472291956002004
test-15533,0.0781466068810577
test-15534,0.021893995953574753
test-15535,0.02732671020558285
test-15536,0.09526063506268198
test-15537,0.13645197587436173
test-15538,0.04475351461529831
test-15539,0.025170323723375677
test-1554,0.19262929384436603
test-15540,0.0962994335527908
test-15541,0.019053038388218462
test-15542,0.01397675103601954
test-15543,0.33638974456817866
test-15544,0.17257902640906375
test-15545,0.017213918767610536
test-15546,0.029405102768131585
test-15547,0.02257691706180006
test-15548,0.010115681995949864
test-15549,0.013440870916428364
test-1555,0.008512526051836092
test-15550,0.040487067900433944
test-15551,0.07193271873862561
test-15552,0.04500448815352451
test-15553,0.007069855600111593
test-15554,0.024821167829643682
test-15555,0.011435410581946567
test-15556,0.11378154905890729
test-15557,0.17662072446430724
test-15558,0.007304221745712251
test-15559,0.02265772677151071
test-1556,0.014371662010114477
test-15560,0.03714270569120012
test-15561,0.05712713896854033
test-15562,0.08719755038109307
test-15563,0.03605421018361057
test-15564,0.17817562125010072
test-15565,0.09985649801372733
test-15566,0.009553485449723396
test-15567,0.0102375828877143
test-15568,0.20783237503161947
test-15569,0.04295799371186797
test-1557,0.0355960723717401
test-15570,0.01605005645028198
test-15571,0.01774717374527413
test-15572,0.20688773022792553
test-15573,0.03888085742223207
test-15574,0.015037177346963472
test-15575,0.04594021086063505
test-15576,0.04123794537545114
test-15577,0.10812230317096443
test-15578,0.02812774547977176
test-15579,0.01936946582506969
test-1558,0.13140753140587383
test-15580,0.01637697474636509
test-15581,0.10965939824380729
test-15582,0.007441918093209954
test-15583,0.044465446136819506
test-15584,0.015268220588564219
test-15585,0.01115237865216124
test-15586,0.1600888447539984
test-15587,0.1824638509239134
test-15588,0.14628438380864167
test-15589,0.019704714429966873
test-1559,0.13658982789398116
test-15590,0.07154554671561687
test-15591,0.011726038118252024
test-15592,0.06721921724124871
test-15593,0.132856259068751
test-15594,0.19572996519702343
test-15595,0.026972730978117542
test-15596,0.20772336529114807
test-15597,0.04815304499224502
test-15598,0.03291753474293656
test-15599,0.09847415553271124
test-156,0.08192144800194635
test-1560,0.05155676143902152
test-15600,0.05256371319634507
test-15601,0.06041552905860763
test-15602,0.014703511520187992
test-15603,0.06519519068769586
test-15604,0.07371788201891652
test-15605,0.04503244225231702
test-15606,0.03788823155960254
test-15607,0.010462586471648518
test-15608,0.32747943683624037
test-15609,0.07162939954260288
test-1561,0.037211025947255096
test-15610,0.07590676411146113
test-15611,0.4057695569898916
test-15612,0.07192237911302436
test-15613,0.10952263493482255
test-15614,0.24348907496856748
test-15615,0.024337450367141245
test-15616,0.11193580569260206
test-15617,0.03991427570930743
test-15618,0.029608840922568727
test-15619,0.011359659525609973
test-1562,0.1613565453711851
test-15620,0.01095297789524586
test-15621,0.16842780600154708
test-15622,0.019632571564670968
test-15623,0.10849311745818162
test-15624,0.08469207989574525
test-15625,0.014645726925250221
test-15626,0.01397675103601954
test-15627,0.00816069860790143
test-15628,0.010528611997588809
test-15629,0.04252105837468247
test-1563,0.02324860888357399
test-15630,0.21678875889430085
test-15631,0.006569962095125704
test-15632,0.0881528246744881
test-15633,0.026603872035614685
test-15634,0.010463413149435026
test-15635,0.04414241320368952
test-15636,0.009064357944181369
test-15637,0.3391516253436453
test-15638,0.024014676822573314
test-15639,0.19152540933445059
test-1564,0.15513662009914841
test-15640,0.040532793689842556
test-15641,0.023507054176201997
test-15642,0.026963607796232168
test-15643,0.17791338431759804
test-15644,0.1852650369416024
test-15645,0.07058308417631101
test-15646,0.07242960069651237
test-15647,0.07803639497770783
test-15648,0.18263391592160003
test-15649,0.018221201740713223
test-1565,0.009975814094294853
test-15650,0.005008152962974511
test-15651,0.024996454589811493
test-15652,0.17645226684991447
test-15653,0.273608933937485
test-15654,0.11364194695226283
test-15655,0.048758961588395364
test-15656,0.0740560663841495
test-15657,0.030221285320764093
test-15658,0.068056918369282
test-15659,0.05339307069340168
test-1566,0.010196066518519007
test-15660,0.026891769242884674
test-15661,0.09737701894235223
test-15662,0.04260113675472069
test-15663,0.04969381409468048
test-15664,0.014492305905803754
test-15665,0.08094537963935393
test-15666,0.04860289900616324
test-15667,0.2841344241325897
test-15668,0.10386608355933334
test-15669,0.26336976315695704
test-1567,0.010986918577627193
test-15670,0.15168831194021104
test-15671,0.03361959338313396
test-15672,0.3409585166182975
test-15673,0.20968143810747938
test-15674,0.15207666263163636
test-15675,0.06466500025731257
test-15676,0.044693572919255665
test-15677,0.05339307069340168
test-15678,0.3368445885509592
test-15679,0.04304510970869637
test-1568,0.007711653582308646
test-15680,0.17261752591391524
test-15681,0.008533493858994932
test-15682,0.08003083037374147
test-15683,0.2526203776913451
test-15684,0.007103459395646547
test-15685,0.0744759739511813
test-15686,0.06542722624638282
test-15687,0.13503899869721286
test-15688,0.05652636713934997
test-15689,0.2156959238341851
test-1569,0.019832516403877183
test-15690,0.04338443845361421
test-15691,0.01861738157058377
test-15692,0.017856527026678157
test-15693,0.00566673971499739
test-15694,0.18229157560812104
test-15695,0.0082251831905988
test-15696,0.018416070707967823
test-15697,0.022851342697201814
test-15698,0.07287513663214307
test-15699,0.049872144121849954
test-157,0.1796011902199872
test-1570,0.021966915775229707
test-15700,0.022105492935266962
test-15701,0.03475013208317849
test-15702,0.01778417229696383
test-15703,0.09787796055403811
test-15704,0.01787324844662315
test-15705,0.03670122016892799
test-15706,0.011585463309570918
test-15707,0.03407285932199737
test-15708,0.034462792400414846
test-15709,0.03136379355373054
test-1571,0.15234075110858994
test-15710,0.0481597362295003
test-15711,0.08739485527271336
test-15712,0.04475351461529831
test-15713,0.019255332334596555
test-15714,0.02186949590090388
test-15715,0.011392960966022186
test-15716,0.1412779098929594
test-15717,0.03335886831497241
test-15718,0.022234643837630477
test-15719,0.014609897803422459
test-1572,0.016933561758845167
test-15720,0.27171592896335317
test-15721,0.13775918575813118
test-15722,0.014377183760628366
test-15723,0.05734322137068206
test-15724,0.1597211270562477
test-15725,0.0183653151906315
test-15726,0.11543498080582862
test-15727,0.018638177251742365
test-15728,0.13731171035429612
test-15729,0.16558146013767439
test-1573,0.026806803914835996
test-15730,0.14402928177570365
test-15731,0.005994934702993852
test-15732,0.025568093499175427
test-15733,0.01989951218286851
test-15734,0.022654206269716346
test-15735,0.17737864871471815
test-15736,0.060423240229774286
test-15737,0.2462850450461358
test-15738,0.08318470054355681
test-15739,0.12161194197824174
test-1574,0.025310327925789952
test-15740,0.32074435426697023
test-15741,0.21594122744570207
test-15742,0.012968957386626049
test-15743,0.022472455686888347
test-15744,0.02241256998261909
test-15745,0.1685457744624704
test-15746,0.08469207989574525
test-15747,0.2252742380750863
test-15748,0.09752979142781895
test-15749,0.16695447271917302
test-1575,0.02163642200258068
test-15750,0.029962301639045983
test-15751,0.021572821796995593
test-15752,0.012708982152069809
test-15753,0.1655861575881614
test-15754,0.2530220561881601
test-15755,0.12274534298674951
test-15756,0.16796144320050377
test-15757,0.07451358831433018
test-15758,0.055148312911940674
test-15759,0.013434900950470216
test-1576,0.017063282582736258
test-15760,0.08769235543619541
test-15761,0.09681526173888853
test-15762,0.09364790829494561
test-15763,0.05078542300551132
test-15764,0.04515503831380387
test-15765,0.19905928878220697
test-15766,0.130808824342662
test-15767,0.2220780109758091
test-15768,0.4004945350442932
test-15769,0.014330774499245923
test-1577,0.1063545716567794
test-15770,0.06439515780447627
test-15771,0.09520169571554134
test-15772,0.051369509490828656
test-15773,0.03322692645662499
test-15774,0.026156096810600608
test-15775,0.024332435407312104
test-15776,0.01997416232712856
test-15777,0.02034410645162025
test-15778,0.08962782951307559
test-15779,0.05003697088968722
test-1578,0.055509562760184754
test-15780,0.04498634419118113
test-15781,0.024884763461595898
test-15782,0.009538998399251233
test-15783,0.2255233688766979
test-15784,0.18354865703429618
test-15785,0.07958009128105223
test-15786,0.014785604730374942
test-15787,0.04430178832969818
test-15788,0.12161757626223017
test-15789,0.127132347947015
test-1579,0.023740042435580484
test-15790,0.03132703086769196
test-15791,0.3415994485703691
test-15792,0.3738580166516657
test-15793,0.1797178871192587
test-15794,0.04367297952527148
test-15795,0.01859758426847535
test-15796,0.1614054074826047
test-15797,0.05368058579374111
test-15798,0.24470408408986136
test-15799,0.07955672582119087
test-158,0.009338201774531457
test-1580,0.0247606752881603
test-15800,0.010847170184334337
test-15801,0.1498790469677485
test-15802,0.10258412762872683
test-15803,0.056552924991906284
test-15804,0.028038770263933657
test-15805,0.030530356281956415
test-15806,0.2315459682976291
test-15807,0.045920025719919794
test-15808,0.4130406270039422
test-15809,0.19695483543831402
test-1581,0.1004287465521755
test-15810,0.012522954427031286
test-15811,0.1818235589313261
test-15812,0.014881073597383204
test-15813,0.04252105837468247
test-15814,0.028609168194829948
test-15815,0.025951315208256363
test-15816,0.05339307069340168
test-15817,0.08035605686036625
test-15818,0.007546998174911658
test-15819,0.05546087368585262
test-1582,0.11365756748457148
test-15820,0.031462234643827025
test-15821,0.021892294755223418
test-15822,0.07799433853261355
test-15823,0.10567108957690274
test-15824,0.08788120190007584
test-15825,0.02396946366237381
test-15826,0.01845011831854662
test-15827,0.008312957084262319
test-15828,0.020580233911306558
test-15829,0.01787324844662315
test-1583,0.09274266618164838
test-15830,0.3179419678948506
test-15831,0.04371739997126556
test-15832,0.09870796579632887
test-15833,0.050697496658845737
test-15834,0.08651627012986852
test-15835,0.1198450332701838
test-15836,0.09787796055403811
test-15837,0.01162002255737999
test-15838,0.011424842134808901
test-15839,0.00807723309087314
test-1584,0.10252570038259905
test-15840,0.04415505867311452
test-15841,0.030535020776830183
test-15842,0.04252105837468247
test-15843,0.05373675590708567
test-15844,0.12819412947753134
test-15845,0.023776933492452933
test-15846,0.25267741419196754
test-15847,0.06860571491586533
test-15848,0.020705446742417817
test-15849,0.021861809340423907
test-1585,0.22023402535652523
test-15850,0.02160678382988693
test-15851,0.014583265261287833
test-15852,0.10972311197222046
test-15853,0.02153375663482662
test-15854,0.02267387676247967
test-15855,0.022056466302850405
test-15856,0.029725351669494953
test-15857,0.1372901045853439
test-15858,0.01906931150857093
test-15859,0.16029905213898119
test-1586,0.05562561660501647
test-15860,0.07282319045063486
test-15861,0.026514628785560063
test-15862,0.007186164966974376
test-15863,0.022800197505370535
test-15864,0.019967341495851762
test-15865,0.18551976187994143
test-15866,0.24916551979313764
test-15867,0.017486314575914937
test-15868,0.27604449903341755
test-15869,0.03957797408190487
test-1587,0.03708976866446506
test-15870,0.2396610032597559
test-15871,0.1896637259073871
test-15872,0.05689697745873188
test-15873,0.027596690730926726
test-15874,0.044131581894522244
test-15875,0.03534129172596895
test-15876,0.17888425633165456
test-15877,0.09553564804069901
test-15878,0.058145825712093355
test-15879,0.04012834200626773
test-1588,0.019163171724504532
test-15880,0.11690782927104641
test-15881,0.03536676388012474
test-15882,0.04936408736552907
test-15883,0.03611663395578433
test-15884,0.4252554837280234
test-15885,0.09487137527566049
test-15886,0.05591491040930066
test-15887,0.010033785748775769
test-15888,0.012319928187023627
test-15889,0.11870993168095523
test-1589,0.03406877682226695
test-15890,0.07305911273342602
test-15891,0.01992059990090833
test-15892,0.10135147787955867
test-15893,0.08469207989574525
test-15894,0.2206380630158211
test-15895,0.1889525314482321
test-15896,0.0929764869615841
test-15897,0.019005111624465512
test-15898,0.03567829797049373
test-15899,0.0861915504119661
test-159,0.013755130610008593
test-1590,0.05356874191328855
test-15900,0.2025107009828024
test-15901,0.09170354223413851
test-15902,0.04899331073011668
test-15903,0.023226662637543236
test-15904,0.03313668058470056
test-15905,0.0669392073111586
test-15906,0.0669392073111586
test-15907,0.016740870732518703
test-15908,0.2623778854688857
test-15909,0.027542951385361763
test-1591,0.06718971435682641
test-15910,0.16695447271917302
test-15911,0.02715733092359772
test-15912,0.011095490354952884
test-15913,0.015706938960062814
test-15914,0.11819979815354195
test-15915,0.04331837785014734
test-15916,0.009606346420184365
test-15917,0.04140869502534147
test-15918,0.24122334882073942
test-15919,0.0712139918814103
test-1592,0.04371739997126556
test-15920,0.012502865297058133
test-15921,0.022083044120245813
test-15922,0.026788102900721582
test-15923,0.08150105590962538
test-15924,0.03253783055702789
test-15925,0.08855129238180084
test-15926,0.06990277187560451
test-15927,0.019736170150145723
test-15928,0.01758648109259473
test-15929,0.22251871157479605
test-1593,0.12819412947753134
test-15930,0.019027674301522208
test-15931,0.13972591901394005
test-15932,0.030503657013464528
test-15933,0.07055862418515603
test-15934,0.20578960986367437
test-15935,0.07958009128105223
test-15936,0.10849311745818162
test-15937,0.0669392073111586
test-15938,0.038167898736829846
test-15939,0.12070016833513814
test-1594,0.22410232215331402
test-15940,0.2677074968192157
test-15941,0.015184703280367529
test-15942,0.011207944826114409
test-15943,0.02216654570327601
test-15944,0.02461116144665354
test-15945,0.0787718604191346
test-15946,0.03381823352253804
test-15947,0.08412593021076255
test-15948,0.26209742913662154
test-15949,0.05137514131859108
test-1595,0.123817286149575
test-15950,0.3736374232355681
test-15951,0.05591491040930066
test-15952,0.005481822050088561
test-15953,0.209217345652331
test-15954,0.13376161192236177
test-15955,0.015058196778963922
test-15956,0.18404060829244062
test-15957,0.048969403441419854
test-15958,0.01637697474636509
test-15959,0.00869167113034092
test-1596,0.017210639360710576
test-15960,0.30902669917001296
test-15961,0.2520944155446072
test-15962,0.02744852650651984
test-15963,0.013951226168585204
test-15964,0.33527117669315787
test-15965,0.2129752933442284
test-15966,0.01997150192168285
test-15967,0.016434911298487186
test-15968,0.012607908160020435
test-15969,0.14063237447823843
test-1597,0.011206606047868897
test-15970,0.29766466898683636
test-15971,0.13845215963198768
test-15972,0.30261046855303275
test-15973,0.008443481737337723
test-15974,0.021108359134168645
test-15975,0.009984776730042668
test-15976,0.01828687776660681
test-15977,0.05667634320166674
test-15978,0.011942102509070482
test-15979,0.01944865988887175
test-1598,0.042476793133139554
test-15980,0.26033290021150457
test-15981,0.07085115216622992
test-15982,0.024761510294506295
test-15983,0.31460037613534203
test-15984,0.02256005131286876
test-15985,0.17736489312730572
test-15986,0.0669392073111586
test-15987,0.10740431621332219
test-15988,0.02816496862718364
test-15989,0.09787796055403811
test-1599,0.02342117894018251
test-15990,0.016897084809181166
test-15991,0.008651415063227351
test-15992,0.16609352682211717
test-15993,0.23051304932793598
test-15994,0.0836160361599026
test-15995,0.11114854258001082
test-15996,0.019550877401299748
test-15997,0.1390298489430102
test-15998,0.022018537650354223
test-15999,0.01067522404565874
test-16,0.23277533651070623
test-160,0.007700093856316483
test-1600,0.052587175427313934
test-16000,0.049773207526467515
test-16001,0.32554197005912683
test-16002,0.018487811456801444
test-16003,0.16695447271917302
test-16004,0.014390477085816452
test-16005,0.014819227503329303
test-16006,0.33348453910433307
test-16007,0.018671008646488935
test-16008,0.015906007138482565
test-16009,0.12190502714783692
test-1601,0.27822257025256325
test-16010,0.34355046959569185
test-16011,0.034345165827251944
test-16012,0.06069957141338766
test-16013,0.03913529286816438
test-16014,0.009099558916175192
test-16015,0.06700027669642404
test-16016,0.1444060278248972
test-16017,0.10145244554168924
test-16018,0.03326751679760316
test-16019,0.14065143725689533
test-1602,0.1040462830189888
test-16020,0.20433850341631718
test-16021,0.022010337383810096
test-16022,0.08156162179970922
test-16023,0.01667212922568145
test-16024,0.054272669433002484
test-16025,0.008871870523588031
test-16026,0.05339307069340168
test-16027,0.022387282373070697
test-16028,0.0765176442062777
test-16029,0.027685512698045072
test-1603,0.046009648738188004
test-16030,0.07464266029249254
test-16031,0.09083417600013838
test-16032,0.01656161206881105
test-16033,0.01987999356451551
test-16034,0.015885712761223716
test-16035,0.07806239023688703
test-16036,0.025678144458796685
test-16037,0.04948365253013074
test-16038,0.05448631683298711
test-16039,0.03957797408190487
test-1604,0.007103459395646547
test-16040,0.030414860473510476
test-16041,0.13258446563624865
test-16042,0.09787796055403811
test-16043,0.21030078987182296
test-16044,0.05156037440353982
test-16045,0.2512582477612903
test-16046,0.08227449316788707
test-16047,0.15697506986647436
test-16048,0.18564494112073524
test-16049,0.012059379896954355
test-1605,0.008772756795152846
test-16050,0.026695743909242252
test-16051,0.17246045986059186
test-16052,0.029407589261254367
test-16053,0.41338463643058293
test-16054,0.10481859758928998
test-16055,0.028125724087829873
test-16056,0.027940201429365704
test-16057,0.02203290357903194
test-16058,0.01675674475060755
test-16059,0.0856328642066372
test-1606,0.12390114645900303
test-16060,0.029054744443819537
test-16061,0.10812230317096443
test-16062,0.1527908173977836
test-16063,0.03897666591629338
test-16064,0.021159228733526613
test-16065,0.061577899304617906
test-16066,0.014684200038307104
test-16067,0.17818127041337758
test-16068,0.0518381465081525
test-16069,0.04906984181357477
test-1607,0.07599767826399342
test-16070,0.08717609769385454
test-16071,0.19320836848938805
test-16072,0.11037266572211425
test-16073,0.017759020963952623
test-16074,0.1605856673324971
test-16075,0.20757256665245644
test-16076,0.10893213999898937
test-16077,0.06061549149579929
test-16078,0.18647198707953178
test-16079,0.10955945390239219
test-1608,0.012684811602666941
test-16080,0.014390686459390477
test-16081,0.01295109350482895
test-16082,0.0738930105875601
test-16083,0.008362744249904406
test-16084,0.25527207447762684
test-16085,0.011293515643241957
test-16086,0.009883207207340289
test-16087,0.07891761795920617
test-16088,0.05339307069340168
test-16089,0.08592132109463028
test-1609,0.007427805393664293
test-16090,0.0463563566580181
test-16091,0.027290628442258553
test-16092,0.00998840892802271
test-16093,0.023203174773628366
test-16094,0.09787796055403811
test-16095,0.31859499434299676
test-16096,0.027471521470755177
test-16097,0.021734657385770427
test-16098,0.037056248963493514
test-16099,0.3271828421079376
test-161,0.021121001421753414
test-1610,0.176020571933657
test-16100,0.07818199085971785
test-16101,0.016498224915023577
test-16102,0.16638055192675255
test-16103,0.011078732108054608
test-16104,0.030503657013464528
test-16105,0.013153017964600546
test-16106,0.03025344715171388
test-16107,0.34903163916690877
test-16108,0.1518985293611624
test-16109,0.03339662419184798
test-1611,0.018394142568329226
test-16110,0.1371850533669848
test-16111,0.22058657988506114
test-16112,0.01977924966613323
test-16113,0.021861442634371505
test-16114,0.011242951009948638
test-16115,0.09803160638950795
test-16116,0.37872643262387007
test-16117,0.023903491679990466
test-16118,0.014436471271842305
test-16119,0.09119339770255026
test-1612,0.007697536551849628
test-16120,0.13726071573070886
test-16121,0.04165408023979136
test-16122,0.0669392073111586
test-16123,0.014507564762370065
test-16124,0.062445789936720154
test-16125,0.015504427617043378
test-16126,0.040695030576269844
test-16127,0.26264034753291254
test-16128,0.007100136531745075
test-16129,0.018702742038447673
test-1613,0.11942276000080296
test-16130,0.11240587115974329
test-16131,0.038320231681002265
test-16132,0.15534948425432318
test-16133,0.01317380005419688
test-16134,0.023336028254969624
test-16135,0.10778999607291632
test-16136,0.028110726193361916
test-16137,0.1734528017622262
test-16138,0.013832751230692438
test-16139,0.07512180394517347
test-1614,0.02187691052103928
test-16140,0.009737027601908308
test-16141,0.013539642774535668
test-16142,0.00970552876954632
test-16143,0.04746765570668354
test-16144,0.02473531425840139
test-16145,0.05003489375022534
test-16146,0.2056901643488244
test-16147,0.04484699037267273
test-16148,0.35421796604638695
test-16149,0.019039260329778762
test-1615,0.08896085440555211
test-16150,0.04561178452385928
test-16151,0.016590518902217806
test-16152,0.20276581986925826
test-16153,0.059783513405010494
test-16154,0.32109039664668665
test-16155,0.19511317991110746
test-16156,0.0200441186485235
test-16157,0.06498927446506411
test-16158,0.1322088881238695
test-16159,0.007070106297113392
test-1616,0.4024062687318917
test-16160,0.09321271430232174
test-16161,0.03502472377497773
test-16162,0.026546980895990106
test-16163,0.1803831407525411
test-16164,0.03066175889668184
test-16165,0.04625170945792475
test-16166,0.014441209137399352
test-16167,0.26685624690538945
test-16168,0.04652789477264208
test-16169,0.019097875916124583
test-1617,0.0707119985986715
test-16170,0.024690438571479983
test-16171,0.0378689504293933
test-16172,0.03991427570930743
test-16173,0.017582436864678055
test-16174,0.03499879046380743
test-16175,0.2700978885541094
test-16176,0.11628970482821825
test-16177,0.012840029224992616
test-16178,0.049395455409826636
test-16179,0.019381074012488446
test-1618,0.009536093995688557
test-16180,0.020370700322542717
test-16181,0.3304749527764625
test-16182,0.20215291969018429
test-16183,0.1860072245841265
test-16184,0.11299663748255385
test-16185,0.007607830055189385
test-16186,0.013618043531354129
test-16187,0.05754198459185378
test-16188,0.21138972155867433
test-16189,0.22471400801222696
test-1619,0.0866233929571897
test-16190,0.07154554671561687
test-16191,0.028230769161717944
test-16192,0.15716131661761454
test-16193,0.16695447271917302
test-16194,0.020708507883082497
test-16195,0.029082209044084935
test-16196,0.013589297766433963
test-16197,0.009705472885705377
test-16198,0.021773552579151825
test-16199,0.04699237683438119
test-162,0.011612473964595303
test-1620,0.2754162487100515
test-16200,0.04051182369827448
test-16201,0.016056061891928687
test-16202,0.01196000907169734
test-16203,0.010865154306093174
test-16204,0.3726571942257373
test-16205,0.02145817602612854
test-16206,0.1003780496486593
test-16207,0.06570526136030785
test-16208,0.2521286896316547
test-16209,0.25561895904408594
test-1621,0.04966565083808039
test-16210,0.05890776517799499
test-16211,0.031679115603311714
test-16212,0.18561180422609577
test-16213,0.04526910096224766
test-16214,0.2694873792737727
test-16215,0.01970634345921904
test-16216,0.05015468531813707
test-16217,0.007912533457737778
test-16218,0.17143331203696482
test-16219,0.06879860020577158
test-1622,0.025148096493978332
test-16220,0.019630618086809274
test-16221,0.05015468531813707
test-16222,0.04475351461529831
test-16223,0.03481252612287621
test-16224,0.25351336406812663
test-16225,0.23371418252773463
test-16226,0.17332043978410278
test-16227,0.009841312758969474
test-16228,0.1674706297904951
test-16229,0.01031664283071258
test-1623,0.3399115432973241
test-16230,0.12534102679650658
test-16231,0.015750545235185598
test-16232,0.28977698289475445
test-16233,0.09787796055403811
test-16234,0.06880959917956188
test-16235,0.07802819961977205
test-16236,0.06769227346933265
test-16237,0.02540659785250717
test-16238,0.08287687233596294
test-16239,0.020343549876063956
test-1624,0.19852151452153158
test-16240,0.15210944005586347
test-16241,0.1732155447192417
test-16242,0.10879357227254181
test-16243,0.18005812585948494
test-16244,0.10016106950207247
test-16245,0.06866260127631668
test-16246,0.2123508705778741
test-16247,0.21568215497338628
test-16248,0.12806093795949167
test-16249,0.009060154038362236
test-1625,0.20174207786466936
test-16250,0.025201276531843862
test-16251,0.06655918472901096
test-16252,0.04969371641733201
test-16253,0.2832459111168714
test-16254,0.029365399000494747
test-16255,0.017545037076762658
test-16256,0.09860381645007209
test-16257,0.14718418587837692
test-16258,0.0279928023704105
test-16259,0.02093400091829019
test-1626,0.012480882894161851
test-16260,0.124105504772902
test-16261,0.01745261968599907
test-16262,0.39791465891427785
test-16263,0.35332675763330407
test-16264,0.19000191713635706
test-16265,0.08809124184492405
test-16266,0.019110710310681494
test-16267,0.32735398845995567
test-16268,0.027360167856926812
test-16269,0.009155521974440067
test-1627,0.2586038272939209
test-16270,0.0328162837013581
test-16271,0.24927689983171317
test-16272,0.02173129123750481
test-16273,0.04258573654396754
test-16274,0.2200537274156734
test-16275,0.27110529710472375
test-16276,0.19231728667164455
test-16277,0.1198754769283564
test-16278,0.19912251615318935
test-16279,0.027471521470755177
test-1628,0.010926875401293968
test-16280,0.02338472234962449
test-16281,0.01129391692469548
test-16282,0.16468805062760047
test-16283,0.007851812302455905
test-16284,0.07666413761860694
test-16285,0.4111549543449699
test-16286,0.08762557382351117
test-16287,0.17446495972508097
test-16288,0.12756464018589395
test-16289,0.027365250387588285
test-1629,0.09865881284589686
test-16290,0.024312481653285856
test-16291,0.0681125196682653
test-16292,0.06755601682491011
test-16293,0.09507627697535487
test-16294,0.13933641316060333
test-16295,0.2670513026547872
test-16296,0.0694091059232986
test-16297,0.059501922873155644
test-16298,0.0327176475037165
test-16299,0.03963114636402512
test-163,0.1133771342802583
test-1630,0.12553437290751165
test-16300,0.188822631412835
test-16301,0.01210533349608702
test-16302,0.08227846911830587
test-16303,0.05184526227864367
test-16304,0.029254601910633577
test-16305,0.022565191206231162
test-16306,0.09628070857692574
test-16307,0.0669392073111586
test-16308,0.0669392073111586
test-16309,0.1053355212818436
test-1631,0.018136923007248677
test-16310,0.17764402358229314
test-16311,0.23597352558437665
test-16312,0.09616184223501151
test-16313,0.02895177221219496
test-16314,0.028948996772608086
test-16315,0.033708836414265135
test-16316,0.010614887057196789
test-16317,0.07121136129017742
test-16318,0.010634350655663464
test-16319,0.1147669841026722
test-1632,0.11890417487470603
test-16320,0.03155985694062581
test-16321,0.15866643380837853
test-16322,0.014680587224061653
test-16323,0.13955210070200896
test-16324,0.05803883219741891
test-16325,0.03186370288460922
test-16326,0.31380257983712506
test-16327,0.3147502131079928
test-16328,0.025342404537829554
test-16329,0.07169547542313937
test-1633,0.17695332336933497
test-16330,0.08783183916466222
test-16331,0.10750972901490642
test-16332,0.06047783025825948
test-16333,0.022518527287514307
test-16334,0.009346108736996398
test-16335,0.17150479021072323
test-16336,0.044010788943556575
test-16337,0.029705257637545994
test-16338,0.021509133008138517
test-16339,0.09435854111353265
test-1634,0.10016106950207247
test-16340,0.3545130273708134
test-16341,0.03411309725411415
test-16342,0.013122894793584597
test-16343,0.10022332301988479
test-16344,0.18099367353370002
test-16345,0.02759166708198836
test-16346,0.07297512967249434
test-16347,0.0852601475347849
test-16348,0.026625755206346274
test-16349,0.08719755038109307
test-1635,0.06894572841907602
test-16350,0.18393951108033452
test-16351,0.0321614787822833
test-16352,0.03291753474293656
test-16353,0.06160671528165105
test-16354,0.016186416369884243
test-16355,0.2937117299783505
test-16356,0.01664274663306509
test-16357,0.01469757286032815
test-16358,0.028074783218479962
test-16359,0.016426560556089938
test-1636,0.007166952823132744
test-16360,0.06418338554609807
test-16361,0.01558616120161634
test-16362,0.07512180394517347
test-16363,0.0707119985986715
test-16364,0.06933945528441951
test-16365,0.05695753496286509
test-16366,0.009247440890716902
test-16367,0.016899178032014416
test-16368,0.009658866917147084
test-16369,0.061577899304617906
test-1637,0.01765987050262795
test-16370,0.006516888520322399
test-16371,0.007320097304247837
test-16372,0.024575539040331756
test-16373,0.08978948741015619
test-16374,0.10159686607685393
test-16375,0.009473824481582354
test-16376,0.012810377420581795
test-16377,0.010325175883333215
test-16378,0.14733718102124282
test-16379,0.04171640118110272
test-1638,0.20076579714671464
test-16380,0.011988633942451291
test-16381,0.08234963297653736
test-16382,0.16840574143018167
test-16383,0.011525984072451086
test-16384,0.0084789155527347
test-16385,0.0940291175467514
test-16386,0.16477210368835363
test-16387,0.03025589831458684
test-16388,0.060499500478155444
test-16389,0.08003083037374147
test-1639,0.19961736861604248
test-16390,0.005469253783843438
test-16391,0.06569882115573068
test-16392,0.020333891084279933
test-16393,0.24176459378234316
test-16394,0.02452202062168519
test-16395,0.20425089733738827
test-16396,0.37964382709700545
test-16397,0.017754566810273462
test-16398,0.027997513878161344
test-16399,0.12243265641665092
test-164,0.010722247350078718
test-1640,0.022899168361426456
test-16400,0.06252852094723492
test-16401,0.2913604719619336
test-16402,0.03957797408190487
test-16403,0.011515784692565645
test-16404,0.056471432167117384
test-16405,0.051145790333035054
test-16406,0.08750093828393538
test-16407,0.160576350325198
test-16408,0.09598975994943688
test-16409,0.18062770985805704
test-1641,0.02492133883675729
test-16410,0.09377539579204858
test-16411,0.12750083480216265
test-16412,0.1675477208015003
test-16413,0.0448253112365162
test-16414,0.01626245559134187
test-16415,0.011395699642069547
test-16416,0.017596668000096297
test-16417,0.025539205775786927
test-16418,0.04083139983035942
test-16419,0.008274153769659185
test-1642,0.013661636577303285
test-16420,0.032831243968955114
test-16421,0.19358517613719145
test-16422,0.187550291619094
test-16423,0.1140873148537606
test-16424,0.021158894719967205
test-16425,0.1073571144626934
test-16426,0.008650850369918223
test-16427,0.06463034622092476
test-16428,0.019026624299277182
test-16429,0.024393913550712285
test-1643,0.11779974236106966
test-16430,0.01078748530387577
test-16431,0.05208860722528237
test-16432,0.19301021021016376
test-16433,0.04381467355551779
test-16434,0.021387939257675265
test-16435,0.00854094058082266
test-16436,0.03714988897915884
test-16437,0.031199745491004557
test-16438,0.010823920664669872
test-16439,0.08903343551307567
test-1644,0.011911170297357875
test-16440,0.0881528246744881
test-16441,0.023539640391795517
test-16442,0.02451839579008553
test-16443,0.07220793272801093
test-16444,0.02466572337590596
test-16445,0.00799703152987778
test-16446,0.12660352943904724
test-16447,0.02106094124181315
test-16448,0.041760145987371086
test-16449,0.03413401459449968
test-1645,0.12992196869828784
test-16450,0.0263886023294697
test-16451,0.030286099597336663
test-16452,0.07224782318830687
test-16453,0.1791621059736701
test-16454,0.020780008565400982
test-16455,0.011626249303870403
test-16456,0.011997630537411942
test-16457,0.18773189571157256
test-16458,0.009485646103645343
test-16459,0.01834147253635074
test-1646,0.020359834849302733
test-16460,0.20873046475902324
test-16461,0.014580269698274632
test-16462,0.18947731966529524
test-16463,0.01563368312666278
test-16464,0.02746932235708438
test-16465,0.07284814530989947
test-16466,0.08114841147375515
test-16467,0.09435854111353265
test-16468,0.025744251056867826
test-16469,0.35148824873943585
test-1647,0.03851976003759426
test-16470,0.03826146139980138
test-16471,0.021922090090653178
test-16472,0.019214665047881614
test-16473,0.0068491452304746845
test-16474,0.02403168801781399
test-16475,0.062393636188383055
test-16476,0.21792191761679078
test-16477,0.07767732955352893
test-16478,0.16948764875643343
test-16479,0.04103465291380004
test-1648,0.019545800236797934
test-16480,0.0977652546816113
test-16481,0.07283569478264135
test-16482,0.02423971279369221
test-16483,0.13775918575813118
test-16484,0.05347929313284538
test-16485,0.12449838378769064
test-16486,0.04011892843708404
test-16487,0.11340086533624295
test-16488,0.0525965269954985
test-16489,0.1620386035395028
test-1649,0.06291051057280525
test-16490,0.031235174551953147
test-16491,0.09548334916706815
test-16492,0.035290676410094625
test-16493,0.018094088547353875
test-16494,0.017844219396958832
test-16495,0.03537671871074066
test-16496,0.01667627631501256
test-16497,0.035312468633710896
test-16498,0.12727296883900338
test-16499,0.12663596937894922
test-165,0.025099980967888604
test-1650,0.007457892477874653
test-16500,0.03611663395578433
test-16501,0.07403405058130529
test-16502,0.29963814978759706
test-16503,0.1491484122237239
test-16504,0.013894727757378619
test-16505,0.19842024065363925
test-16506,0.030899633236671144
test-16507,0.028765063435996177
test-16508,0.1068957801401023
test-16509,0.25829613949308483
test-1651,0.013915839037246115
test-16510,0.20578553601639735
test-16511,0.016897084809181166
test-16512,0.09649284871853812
test-16513,0.045125389231814306
test-16514,0.024096545365370942
test-16515,0.03403254564709647
test-16516,0.0256009902942013
test-16517,0.08219192647824698
test-16518,0.015606271968476674
test-16519,0.03517554983071838
test-1652,0.03808926221621729
test-16520,0.3099294865608188
test-16521,0.01245099410749524
test-16522,0.11512038068346948
test-16523,0.014058667242197367
test-16524,0.015742173452226883
test-16525,0.019444927096140235
test-16526,0.34739444745433473
test-16527,0.09817368091547332
test-16528,0.0394866603015737
test-16529,0.0352962253252383
test-1653,0.026209495749367668
test-16530,0.01573887579247165
test-16531,0.026026299177236183
test-16532,0.018319439199869572
test-16533,0.25011453306112147
test-16534,0.1152015462400605
test-16535,0.025084727639413447
test-16536,0.009112165939545646
test-16537,0.018741225264286655
test-16538,0.013372415218990382
test-16539,0.03795201244870296
test-1654,0.033014927627331055
test-16540,0.046767557429460815
test-16541,0.05596924879502918
test-16542,0.015729151628665453
test-16543,0.25147157948506693
test-16544,0.011206606047868897
test-16545,0.02139175382087812
test-16546,0.01525861404909154
test-16547,0.015506265331224262
test-16548,0.019353827632289183
test-16549,0.13841371608492115
test-1655,0.018278035064354603
test-16550,0.04665274119636854
test-16551,0.0484882087433519
test-16552,0.1298224469080179
test-16553,0.15645864261857245
test-16554,0.042472878376686
test-16555,0.008085317935045074
test-16556,0.1877572257874348
test-16557,0.02886172987777617
test-16558,0.16366282197078647
test-16559,0.11857443391136309
test-1656,0.05410739181064715
test-16560,0.026515644851235563
test-16561,0.09407009729664456
test-16562,0.012264069554110435
test-16563,0.12694181783908062
test-16564,0.00858694386961252
test-16565,0.031999335846200114
test-16566,0.02619457174923354
test-16567,0.03955304644019563
test-16568,0.09126804130072848
test-16569,0.28400419414785283
test-1657,0.15156179301831146
test-16570,0.16442068614352118
test-16571,0.0182160685161371
test-16572,0.028927218593552274
test-16573,0.042998328474002805
test-16574,0.030785565057259084
test-16575,0.1371000460784467
test-16576,0.021577232910568393
test-16577,0.03254333775321583
test-16578,0.006182776259578949
test-16579,0.3257253218515523
test-1658,0.014196789017162634
test-16580,0.16384325366431682
test-16581,0.04334346943196803
test-16582,0.09079877083786915
test-16583,0.024573646050950023
test-16584,0.10135147787955867
test-16585,0.014804285986585376
test-16586,0.01046087352309972
test-16587,0.049693817288644304
test-16588,0.025472946296609584
test-16589,0.40999545496215944
test-1659,0.015621421802825232
test-16590,0.028188798945738714
test-16591,0.07564187602682827
test-16592,0.048480441382186545
test-16593,0.17047600304304558
test-16594,0.01757811220400827
test-16595,0.11353702622088997
test-16596,0.032228709777226174
test-16597,0.09787796055403811
test-16598,0.11543498080582862
test-16599,0.07821374299252576
test-166,0.011180074806636936
test-1660,0.01928847357097102
test-16600,0.011005398602143788
test-16601,0.0626435332805819
test-16602,0.029032968166853603
test-16603,0.07205167765943346
test-16604,0.024657213875664462
test-16605,0.015898237688501966
test-16606,0.01911994914873752
test-16607,0.357081036970147
test-16608,0.06227685303753055
test-16609,0.019630387297961
test-1661,0.06877237030890872
test-16610,0.1131544532039118
test-16611,0.3727940172974186
test-16612,0.0246512310294815
test-16613,0.09646298246531163
test-16614,0.007318346064857941
test-16615,0.09992790370108935
test-16616,0.1327947453070342
test-16617,0.10671390399245326
test-16618,0.03727135004126927
test-16619,0.2753707183817788
test-1662,0.019769992326914735
test-16620,0.11861007192013558
test-16621,0.1265834329482006
test-16622,0.05766869201602362
test-16623,0.1885637409521268
test-16624,0.01787324844662315
test-16625,0.06127948724721313
test-16626,0.02997637529608452
test-16627,0.13775918575813118
test-16628,0.06929328600727336
test-16629,0.04665810997456942
test-1663,0.008409276670129747
test-16630,0.2566632622048588
test-16631,0.04445079275461274
test-16632,0.019366701371442866
test-16633,0.03697906117163682
test-16634,0.07947411752721788
test-16635,0.0617175962755376
test-16636,0.038480282689940165
test-16637,0.01131802106392118
test-16638,0.30566381535526793
test-16639,0.03083257962149572
test-1664,0.02001987287470372
test-16640,0.03178267017647411
test-16641,0.021889261697348433
test-16642,0.12767524537082525
test-16643,0.1081662994657249
test-16644,0.03808926221621729
test-16645,0.07224806351686643
test-16646,0.3432654708626904
test-16647,0.16706777434559628
test-16648,0.35696067014503846
test-16649,0.2585386406548888
test-1665,0.04210678093796681
test-16650,0.008615024124743458
test-16651,0.009381741746411328
test-16652,0.032214727245357434
test-16653,0.14260869259920725
test-16654,0.2026209335247561
test-16655,0.020982787513930384
test-16656,0.2127121162471409
test-16657,0.07894685919058653
test-16658,0.016041593287104167
test-16659,0.06107244868006746
test-1666,0.03061554179699867
test-16660,0.11585041497385823
test-16661,0.018201404716987567
test-16662,0.0341037269630367
test-16663,0.06569882115573068
test-16664,0.014702811295370558
test-16665,0.389606039667169
test-16666,0.04893069260336305
test-16667,0.02726173734852214
test-16668,0.06613128233036399
test-16669,0.008336300677247294
test-1667,0.21663005549954117
test-16670,0.17286536195859875
test-16671,0.03519330815000142
test-16672,0.01658024821569367
test-16673,0.017066800938763428
test-16674,0.01304164621052352
test-16675,0.06419019258709846
test-16676,0.07947427448220629
test-16677,0.05339307069340168
test-16678,0.0846182167635542
test-16679,0.028046273414667706
test-1668,0.24402786692157497
test-16680,0.010848849213182913
test-16681,0.08625980539621994
test-16682,0.035722213770712025
test-16683,0.33625857340464105
test-16684,0.22558947435299515
test-16685,0.08110413393213176
test-16686,0.32580356895529605
test-16687,0.012041883760553141
test-16688,0.1543693773528168
test-16689,0.03563965779772
test-1669,0.25453752245194944
test-16690,0.013509250797862022
test-16691,0.13660329313914957
test-16692,0.26972195700551027
test-16693,0.023299518694089513
test-16694,0.17766671121199387
test-16695,0.09257207020362822
test-16696,0.007983276328162075
test-16697,0.14607565985614943
test-16698,0.23804474951167204
test-16699,0.2191057174208407
test-167,0.021048861799833316
test-1670,0.29803241324788987
test-16700,0.30315255063446334
test-16701,0.017074131835990956
test-16702,0.018036776451475115
test-16703,0.02720737251395873
test-16704,0.32886706446702013
test-16705,0.20112534528635206
test-16706,0.0352206946026154
test-16707,0.14584971832814003
test-16708,0.1680070704356802
test-16709,0.007475835273968958
test-1671,0.16478767982466105
test-16710,0.025898848078506276
test-16711,0.0279237507999517
test-16712,0.03652329277626367
test-16713,0.00837085071566384
test-16714,0.30627134070131684
test-16715,0.15257244592453686
test-16716,0.20999375659479141
test-16717,0.05015468531813707
test-16718,0.26402089814155094
test-16719,0.012327788004684198
test-1672,0.1832928731573782
test-16720,0.024378004309351952
test-16721,0.06625743186419873
test-16722,0.24510154233603004
test-16723,0.19930401870129552
test-16724,0.009950999088700294
test-16725,0.010827036694049762
test-16726,0.19045273786011088
test-16727,0.10016106950207247
test-16728,0.007555115979922597
test-16729,0.12199496339494523
test-1673,0.031189105334535148
test-16730,0.015922756875369055
test-16731,0.0669392073111586
test-16732,0.015959016641597927
test-16733,0.19632024349265403
test-16734,0.0050734579930372965
test-16735,0.19364024465318241
test-16736,0.0784110351675444
test-16737,0.08008836274845638
test-16738,0.037381401956896466
test-16739,0.26856223868677703
test-1674,0.2754724482148186
test-16740,0.00807546796353774
test-16741,0.25541852355787653
test-16742,0.009718343617078157
test-16743,0.08003083037374147
test-16744,0.007794037318917838
test-16745,0.2511160720578056
test-16746,0.31550847351172256
test-16747,0.09073214132610997
test-16748,0.05597513425322627
test-16749,0.05266261909476349
test-1675,0.012225703887135028
test-16750,0.06613128233036399
test-16751,0.024514728621468203
test-16752,0.2062000166813161
test-16753,0.04002990845528347
test-16754,0.012007795069339825
test-16755,0.022754778527276916
test-16756,0.02177039503589973
test-16757,0.020785413051632375
test-16758,0.040123904008520006
test-16759,0.10622708439979636
test-1676,0.014812476461201863
test-16760,0.09235585519241225
test-16761,0.013574975228745585
test-16762,0.02224177431698411
test-16763,0.024673064127198968
test-16764,0.04201587544696237
test-16765,0.15071261327754834
test-16766,0.2917169728907477
test-16767,0.036284779526377785
test-16768,0.3279873329593428
test-16769,0.29976392552553055
test-1677,0.012554826233283996
test-16770,0.017514814096808103
test-16771,0.30336003215595847
test-16772,0.03235545395299992
test-16773,0.05642107338985479
test-16774,0.13931297269790835
test-16775,0.036343391330416766
test-16776,0.07990520368371101
test-16777,0.029334726168008078
test-16778,0.19598843309404887
test-16779,0.10197509586979128
test-1678,0.1710014347657777
test-16780,0.040840619523624305
test-16781,0.20940950113916135
test-16782,0.023052571974200384
test-16783,0.11140480162269964
test-16784,0.07984600052248031
test-16785,0.0179922235944473
test-16786,0.017779801664186384
test-16787,0.00883708076470403
test-16788,0.02955711645446058
test-16789,0.3093113758151918
test-1679,0.09362524377549346
test-16790,0.06229798807608833
test-16791,0.005833566774588486
test-16792,0.00983565613655646
test-16793,0.30673220631571635
test-16794,0.040695030576269844
test-16795,0.03774746584405804
test-16796,0.008291644037511078
test-16797,0.09787796055403811
test-16798,0.03205395711146765
test-16799,0.18513886553724015
test-168,0.022793413152147543
test-1680,0.011068253337298715
test-16800,0.0785436605049553
test-16801,0.05032778070085482
test-16802,0.07914653389498597
test-16803,0.0164844288710179
test-16804,0.079085343038518
test-16805,0.01000286287389913
test-16806,0.0361866919932289
test-16807,0.017278274405686595
test-16808,0.01755254268170528
test-16809,0.013409683215984871
test-1681,0.010567957688488259
test-16810,0.31877665429104085
test-16811,0.03330970051009143
test-16812,0.0846182167635542
test-16813,0.1515357297082348
test-16814,0.26262635508132437
test-16815,0.21449008115826007
test-16816,0.03957797408190487
test-16817,0.03422396444437857
test-16818,0.023953938201517644
test-16819,0.03581403550047068
test-1682,0.26954507424562274
test-16820,0.020208326042152065
test-16821,0.012256559785211393
test-16822,0.015752297675091325
test-16823,0.06402669052788963
test-16824,0.012011830862991936
test-16825,0.021711566089631342
test-16826,0.012297972450857838
test-16827,0.09238432317454845
test-16828,0.03957797408190487
test-16829,0.0596775845707852
test-1683,0.2551871832583175
test-16830,0.1760123226768415
test-16831,0.030051828207204912
test-16832,0.020572399930889315
test-16833,0.06803412447426488
test-16834,0.05339307069340168
test-16835,0.011419405690667945
test-16836,0.26966571303839765
test-16837,0.12692482962488566
test-16838,0.018231467881340245
test-16839,0.14951688524655718
test-1684,0.024708955878281536
test-16840,0.08469207989574525
test-16841,0.09874010286910291
test-16842,0.00606958934264156
test-16843,0.07958009128105223
test-16844,0.2239888770280768
test-16845,0.05081962950172036
test-16846,0.024141282781923734
test-16847,0.22654672333492412
test-16848,0.009121365683372547
test-16849,0.33956499122991207
test-1685,0.18687356281017262
test-16850,0.05658164787189211
test-16851,0.02513645512284919
test-16852,0.17746356421440193
test-16853,0.12226362458118079
test-16854,0.18233041260119667
test-16855,0.010583152323689934
test-16856,0.03468397836216628
test-16857,0.021651511478663427
test-16858,0.008604001139259769
test-16859,0.010585255791774748
test-1686,0.0172850656852574
test-16860,0.11986635142811504
test-16861,0.019268937128470106
test-16862,0.03326562142201424
test-16863,0.055386806759924266
test-16864,0.3279434221877674
test-16865,0.019645916381601337
test-16866,0.15282527328234227
test-16867,0.02182469803316909
test-16868,0.08890115724917734
test-16869,0.01641586002958251
test-1687,0.007941880632707052
test-16870,0.02155440180917808
test-16871,0.07512180394517347
test-16872,0.021920612126561077
test-16873,0.0335735520501512
test-16874,0.05148303425157449
test-16875,0.016888000707262842
test-16876,0.02672303872011241
test-16877,0.07958009128105223
test-16878,0.20927369869654774
test-16879,0.02987935349842879
test-1688,0.18974131588314627
test-16880,0.20107731558098885
test-16881,0.025374239973396294
test-16882,0.18398858786178274
test-16883,0.07796934744318088
test-16884,0.012219406932403202
test-16885,0.07368970802550642
test-16886,0.027918054186136295
test-16887,0.011982824354586643
test-16888,0.04403874524069518
test-16889,0.018800655105635306
test-1689,0.027110317357812913
test-16890,0.03132454857211009
test-16891,0.04853174945302693
test-16892,0.024166490648624937
test-16893,0.20893309673209842
test-16894,0.1793457573537491
test-16895,0.1869213515024209
test-16896,0.16204346156503951
test-16897,0.005572249738993662
test-16898,0.31540337878741115
test-16899,0.06651677902653007
test-169,0.014953627596337712
test-1690,0.12913253738235023
test-16900,0.018753741150362636
test-16901,0.024139086608167777
test-16902,0.06007031728018209
test-16903,0.31639113532117935
test-16904,0.020860636135337618
test-16905,0.04260141753806414
test-16906,0.02610085804883142
test-16907,0.05053106596559426
test-16908,0.018616769248399594
test-16909,0.17224229079419345
test-1691,0.252861528250903
test-16910,0.38801185148855927
test-16911,0.028069848701137226
test-16912,0.026352196825883963
test-16913,0.010102375742762414
test-16914,0.12451165020644489
test-16915,0.010271233686557621
test-16916,0.02474451965312328
test-16917,0.009039492518077863
test-16918,0.17847158456777307
test-16919,0.06569882115573068
test-1692,0.1269539939060145
test-16920,0.02995751083543788
test-16921,0.01856179356954277
test-16922,0.009883207207340289
test-16923,0.014923310071368278
test-16924,0.013165027119014277
test-16925,0.0835772936502634
test-16926,0.3202933874257321
test-16927,0.31939396202793396
test-16928,0.0189270532469227
test-16929,0.11201793299056413
test-1693,0.010093394281799102
test-16930,0.0898774960524088
test-16931,0.00801231528674514
test-16932,0.014988230294189006
test-16933,0.019011054333485176
test-16934,0.04929032193591795
test-16935,0.13522397121758145
test-16936,0.33943846480282536
test-16937,0.012276425946694076
test-16938,0.03370618115869601
test-16939,0.021471735582526782
test-1694,0.00962305085381179
test-16940,0.21916175331082038
test-16941,0.04201587544696237
test-16942,0.02034491180578672
test-16943,0.07190959069516557
test-16944,0.18839776807863337
test-16945,0.020373107639746646
test-16946,0.3147502131079928
test-16947,0.1388635303282525
test-16948,0.09394507126896243
test-16949,0.041712903001275024
test-1695,0.2923651747590735
test-16950,0.038560300604516484
test-16951,0.0761829666803868
test-16952,0.015900447248087264
test-16953,0.03279479717475596
test-16954,0.013688744725907835
test-16955,0.013093536827606138
test-16956,0.13139769518479713
test-16957,0.20744178823630932
test-16958,0.2753715144504212
test-16959,0.033184746787526136
test-1696,0.15285138792355085
test-16960,0.04790121360610377
test-16961,0.022971065534720437
test-16962,0.036625798588216255
test-16963,0.04704009325191334
test-16964,0.02079348193134919
test-16965,0.04931780775605258
test-16966,0.13844485831116107
test-16967,0.20520296710110855
test-16968,0.028422684100626427
test-16969,0.03003144876061405
test-1697,0.32367752417250684
test-16970,0.04506628880119513
test-16971,0.01881727663740763
test-16972,0.14584971832814003
test-16973,0.04132759379346391
test-16974,0.21768066281542814
test-16975,0.06900054079156487
test-16976,0.017984407407791437
test-16977,0.03678592283034829
test-16978,0.0669392073111586
test-16979,0.12663596937894922
test-1698,0.05758588922320332
test-16980,0.29768633729161476
test-16981,0.014018915541727177
test-16982,0.009017012264703214
test-16983,0.06589118950534484
test-16984,0.02831610359595063
test-16985,0.17943955930531102
test-16986,0.0764230715264247
test-16987,0.07392913330522938
test-16988,0.008945078636812355
test-16989,0.04304510970869637
test-1699,0.24744411879258038
test-16990,0.07564187602682827
test-16991,0.044468144409149576
test-16992,0.0707119985986715
test-16993,0.07984600052248031
test-16994,0.014305928811555393
test-16995,0.011867952005594196
test-16996,0.028091475470488524
test-16997,0.017497095182010848
test-16998,0.02061490219245412
test-16999,0.0426907609399689
test-17,0.008443481737337723
test-170,0.11764546501866649
test-1700,0.021004678129505117
test-17000,0.020687851181157867
test-17001,0.03402960718434952
test-17002,0.0669392073111586
test-17003,0.01853602343060267
test-17004,0.18719126830415858
test-17005,0.14584971832814003
test-17006,0.07259799905324041
test-17007,0.08345035645319317
test-17008,0.01655371471808132
test-17009,0.10475344094220779
test-1701,0.312530197847182
test-17010,0.21141214830891997
test-17011,0.01708795377307525
test-17012,0.26870109169239936
test-17013,0.06982664892547422
test-17014,0.009789518411346948
test-17015,0.05148951697156887
test-17016,0.027180132711577876
test-17017,0.013678231405908334
test-17018,0.014003437494623575
test-17019,0.07870577274007806
test-1702,0.17056737353958626
test-17020,0.2215808240564418
test-17021,0.12460507488050093
test-17022,0.15605033983108157
test-17023,0.014764928985818188
test-17024,0.1914806172038264
test-17025,0.028492045251768204
test-17026,0.035406162113371394
test-17027,0.013727498055835395
test-17028,0.15505776979249236
test-17029,0.05939008961749298
test-1703,0.007824187713530278
test-17030,0.02061922438388927
test-17031,0.32372745703757216
test-17032,0.07410070789771973
test-17033,0.012089591290699631
test-17034,0.026780463109749405
test-17035,0.01604006887535922
test-17036,0.03154144432653552
test-17037,0.0091119697118891
test-17038,0.06767418640814335
test-17039,0.0801953694129738
test-1704,0.12400027420663287
test-17040,0.21392729608430924
test-17041,0.04427406633891115
test-17042,0.009514685303196806
test-17043,0.09312655672071789
test-17044,0.015216333546035236
test-17045,0.1357244677233818
test-17046,0.031392070965820064
test-17047,0.017287090060249425
test-17048,0.026656386425945647
test-17049,0.11192954368951438
test-1705,0.027930571694057372
test-17050,0.014371662010114477
test-17051,0.00979070654069902
test-17052,0.006543942034748434
test-17053,0.016989766823618222
test-17054,0.09163939918499467
test-17055,0.020283693276791335
test-17056,0.09447087324239004
test-17057,0.01207704694487111
test-17058,0.028139703244944525
test-17059,0.12137087834216542
test-1706,0.029036560537926682
test-17060,0.07639707430358973
test-17061,0.06769227346933265
test-17062,0.008173742397472742
test-17063,0.03980871723324047
test-17064,0.05339307069340168
test-17065,0.260686008382042
test-17066,0.007360272174555646
test-17067,0.1265548602752399
test-17068,0.028576463868164315
test-17069,0.061074166667259656
test-1707,0.06007031728018209
test-17070,0.03292383779975126
test-17071,0.021042058785937758
test-17072,0.4099946512021147
test-17073,0.023775380470524413
test-17074,0.09047002921002445
test-17075,0.03179077004200127
test-17076,0.13938574877773244
test-17077,0.05339307069340168
test-17078,0.06769227346933265
test-17079,0.09474773173352102
test-1708,0.014325064798533679
test-17080,0.030055276855327016
test-17081,0.0687732139720173
test-17082,0.02879768738411773
test-17083,0.1713294846829212
test-17084,0.0062524478437025665
test-17085,0.16810592225482596
test-17086,0.03229809300154815
test-17087,0.28175080190731716
test-17088,0.03355724863031385
test-17089,0.1544602836757278
test-1709,0.06392288827804703
test-17090,0.04200294668254456
test-17091,0.020612646276568836
test-17092,0.1514606057694021
test-17093,0.16359483027480962
test-17094,0.030608877187794935
test-17095,0.04424284568643483
test-17096,0.020089595731633544
test-17097,0.020552911415228893
test-17098,0.021108317339841302
test-17099,0.05273939999786985
test-171,0.01681085626989673
test-1710,0.1131544532039118
test-17100,0.020107863848387118
test-17101,0.20668280163378577
test-17102,0.007301118713655302
test-17103,0.021444615924330338
test-17104,0.29608754324300424
test-17105,0.02537517459643332
test-17106,0.025568121009261143
test-17107,0.01598199212196071
test-17108,0.048208345572430845
test-17109,0.013428843715478823
test-1711,0.01988587819903891
test-17110,0.15097593384921354
test-17111,0.08227449316788707
test-17112,0.07013717606758778
test-17113,0.012136636348636355
test-17114,0.12035933403628885
test-17115,0.010484857899698
test-17116,0.09380364864082955
test-17117,0.044200675822435566
test-17118,0.16272538168222322
test-17119,0.025566445770974677
test-1712,0.016940142604120266
test-17120,0.08659457557360462
test-17121,0.014484207908159574
test-17122,0.12413990906743576
test-17123,0.3428093619505109
test-17124,0.02943044483693738
test-17125,0.08950843825420118
test-17126,0.20783237503161947
test-17127,0.054771905453208126
test-17128,0.042034560663595656
test-17129,0.035153579216013954
test-1713,0.08884743158153059
test-17130,0.02365318957879279
test-17131,0.013260997688477707
test-17132,0.3120012408584771
test-17133,0.02489659191533334
test-17134,0.029254430556636898
test-17135,0.05618846159027504
test-17136,0.1325908481624436
test-17137,0.046836177387123104
test-17138,0.02517360558190612
test-17139,0.26599303008808034
test-1714,0.025351612758684354
test-17140,0.012166338787977474
test-17141,0.020858175040066887
test-17142,0.06803412447426488
test-17143,0.06769227346933265
test-17144,0.20367008836378012
test-17145,0.007945603814230451
test-17146,0.14928289879624207
test-17147,0.018242833628021118
test-17148,0.03318265791590071
test-17149,0.24898402085434818
test-1715,0.017924646609077922
test-17150,0.06469214050042069
test-17151,0.07627176122525346
test-17152,0.02363990943461272
test-17153,0.22706549059706646
test-17154,0.26206150095525427
test-17155,0.013016664752654844
test-17156,0.009071822177896698
test-17157,0.015366035005140694
test-17158,0.18706284198353115
test-17159,0.2224480017243561
test-1716,0.3259696765438544
test-17160,0.12178863500518261
test-17161,0.007301191564824316
test-17162,0.013275165826372852
test-17163,0.09985649801372733
test-17164,0.09697256493189678
test-17165,0.03897666591629338
test-17166,0.011201709523389112
test-17167,0.012953702563227538
test-17168,0.26127518769823077
test-17169,0.02558887863721941
test-1717,0.014800451848198391
test-17170,0.21936706598138905
test-17171,0.02426464699128276
test-17172,0.004154193308470189
test-17173,0.01661117108445866
test-17174,0.02431741371540273
test-17175,0.015173148864994566
test-17176,0.03230927184820896
test-17177,0.023908622283035225
test-17178,0.043424036867161855
test-17179,0.08643729243930644
test-1718,0.015850903584899087
test-17180,0.2508048735689519
test-17181,0.015227646062876354
test-17182,0.031776322086618874
test-17183,0.014794350979984007
test-17184,0.33212820386301
test-17185,0.04984605287855657
test-17186,0.11235044235516266
test-17187,0.018807787057313775
test-17188,0.020446234033832653
test-17189,0.2502165222072184
test-1719,0.01665806137067748
test-17190,0.009122301764978058
test-17191,0.02762641720800468
test-17192,0.018454225608461577
test-17193,0.03517554983071838
test-17194,0.08003083037374147
test-17195,0.26636953502526634
test-17196,0.05407675127809987
test-17197,0.23981951791834977
test-17198,0.014128318354814205
test-17199,0.24607323207792653
test-172,0.011808246820660069
test-1720,0.03627522607514351
test-17200,0.05420696106458327
test-17201,0.061775685071724984
test-17202,0.07445648867750827
test-17203,0.06480157283923571
test-17204,0.01140641306337056
test-17205,0.2182040186815407
test-17206,0.07278892182117214
test-17207,0.22064103226538923
test-17208,0.14696205143009786
test-17209,0.01294632160815833
test-1721,0.14217942994412572
test-17210,0.03184200382955023
test-17211,0.12676173262634854
test-17212,0.05580130303333498
test-17213,0.011875205248449256
test-17214,0.020705446742417817
test-17215,0.02009528051670963
test-17216,0.10966425493892265
test-17217,0.13690430489412336
test-17218,0.014083659988348159
test-17219,0.014879510538836644
test-1722,0.012889026066022028
test-17220,0.07858103774332507
test-17221,0.31550847351172256
test-17222,0.0359355888428166
test-17223,0.03255841657661926
test-17224,0.06951716442057558
test-17225,0.0842985554844249
test-17226,0.07896917855603469
test-17227,0.012314683742205445
test-17228,0.13603943871675417
test-17229,0.014731937350138809
test-1723,0.12357266649134994
test-17230,0.006880617317654384
test-17231,0.17607386521547258
test-17232,0.22175831442204824
test-17233,0.010771344767589012
test-17234,0.029908283861302135
test-17235,0.08538309846342719
test-17236,0.010470971584594582
test-17237,0.008827877718493523
test-17238,0.010496207622258969
test-17239,0.02038602926052282
test-1724,0.04172082276537188
test-17240,0.012444926338849355
test-17241,0.01831449310942009
test-17242,0.15188337738613022
test-17243,0.21423894168154636
test-17244,0.019382266272784086
test-17245,0.0186734441296343
test-17246,0.013414864622922547
test-17247,0.06814669241232543
test-17248,0.20786023702903925
test-17249,0.030676335619032002
test-1725,0.053030270395264756
test-17250,0.15682711784503744
test-17251,0.26905772254220034
test-17252,0.14710620898127197
test-17253,0.012487773799653337
test-17254,0.20599960185973004
test-17255,0.19258973327399198
test-17256,0.019938511469633418
test-17257,0.022944535181318705
test-17258,0.02516519099583211
test-17259,0.1585361540181169
test-1726,0.2353440077500918
test-17260,0.009011508708542166
test-17261,0.034746588810469686
test-17262,0.01517552446226218
test-17263,0.09596072726086148
test-17264,0.041763394760214255
test-17265,0.103097879636751
test-17266,0.25871011169142794
test-17267,0.11685198652634504
test-17268,0.03418152349937225
test-17269,0.31846692540030586
test-1727,0.016977194386513333
test-17270,0.03190994478203966
test-17271,0.015067903314428581
test-17272,0.06564334507454683
test-17273,0.03224366841656297
test-17274,0.13207564119353027
test-17275,0.022917847658513353
test-17276,0.03957797408190487
test-17277,0.01699296175221749
test-17278,0.14194652598907045
test-17279,0.04441854883388449
test-1728,0.008581341450804065
test-17280,0.0338166067555404
test-17281,0.09711193367524559
test-17282,0.07503606931080964
test-17283,0.00665140291095464
test-17284,0.09454498070346276
test-17285,0.1848807855825778
test-17286,0.01480789883692935
test-17287,0.011082051018715226
test-17288,0.04201587544696237
test-17289,0.021207290777486974
test-1729,0.04744836284985823
test-17290,0.059134998830605835
test-17291,0.02597839501700956
test-17292,0.02889438709477188
test-17293,0.043064707157203876
test-17294,0.019053872746141245
test-17295,0.09077757500704738
test-17296,0.05993614326611849
test-17297,0.03350849521772419
test-17298,0.055575614534095034
test-17299,0.02508630040372488
test-173,0.29079850129535717
test-1730,0.015672805941241028
test-17300,0.29072920116375583
test-17301,0.12099176132734665
test-17302,0.17618431359045034
test-17303,0.12161553124760006
test-17304,0.08642435557426059
test-17305,0.012025515280548623
test-17306,0.01266697024390011
test-17307,0.07706400364475845
test-17308,0.11957871968261417
test-17309,0.31380257983712506
test-1731,0.1875948996775098
test-17310,0.04902975299473603
test-17311,0.022374938194086896
test-17312,0.28309756851400286
test-17313,0.011229887810995976
test-17314,0.09126805270809048
test-17315,0.0671855618651796
test-17316,0.012940487016209258
test-17317,0.09842248958499943
test-17318,0.015562126834082644
test-17319,0.03305328431815801
test-1732,0.1729057613972669
test-17320,0.0812637786510732
test-17321,0.007785501302675856
test-17322,0.03754178045794785
test-17323,0.1939836262784484
test-17324,0.02666763473013368
test-17325,0.028068502304691854
test-17326,0.011486078386068398
test-17327,0.0650694914334946
test-17328,0.26496983238773103
test-17329,0.1925744596124753
test-1733,0.014639814511698218
test-17330,0.04042955820832899
test-17331,0.3436774549037175
test-17332,0.08771939818482093
test-17333,0.010568289006952654
test-17334,0.0172516846453715
test-17335,0.028218495596262067
test-17336,0.02549194483781767
test-17337,0.14765025733307013
test-17338,0.1452139309394131
test-17339,0.1394463013726253
test-1734,0.01950097663998751
test-17340,0.07896917855603469
test-17341,0.008383019392004568
test-17342,0.10284052138061732
test-17343,0.36456808273015295
test-17344,0.10284864344431607
test-17345,0.012559286970614826
test-17346,0.07851690838260988
test-17347,0.13903577883077142
test-17348,0.19880774776985727
test-17349,0.03035180740024932
test-1735,0.2552589876124644
test-17350,0.07382005570899727
test-17351,0.0074648416360214714
test-17352,0.04414204543323404
test-17353,0.03654177801868696
test-17354,0.036678214123261846
test-17355,0.04429223610236392
test-17356,0.04562440978885204
test-17357,0.030793715287396026
test-17358,0.025204533789678678
test-17359,0.01932531651038087
test-1736,0.16186719979755265
test-17360,0.056106138112546715
test-17361,0.06286080331187806
test-17362,0.20187006382994502
test-17363,0.12460507488050093
test-17364,0.16093563229249153
test-17365,0.05462725448698615
test-17366,0.036713034368749474
test-17367,0.055405749326785554
test-17368,0.08742981472721043
test-17369,0.017570641069852216
test-1737,0.042604386666604224
test-17370,0.022516644800624923
test-17371,0.02508201506802959
test-17372,0.02432406295784637
test-17373,0.18101752907328023
test-17374,0.147392058900988
test-17375,0.0846182167635542
test-17376,0.13584648180255504
test-17377,0.06107244868006746
test-17378,0.008142341901177876
test-17379,0.2707401869182315
test-1738,0.00932330036119397
test-17380,0.10812230317096443
test-17381,0.09231870597344345
test-17382,0.034462792400414846
test-17383,0.3720647071217329
test-17384,0.07161657638007184
test-17385,0.027559458467559916
test-17386,0.01203996633773094
test-17387,0.07154554671561687
test-17388,0.041204382320148523
test-17389,0.010835473765823868
test-1739,0.18636042128422428
test-17390,0.25410790322514937
test-17391,0.1534683121203419
test-17392,0.05849740324817666
test-17393,0.10320197392910704
test-17394,0.027220025429004414
test-17395,0.010517264015564133
test-17396,0.1615109628081676
test-17397,0.012608849974985814
test-17398,0.018301279680661812
test-17399,0.013025561554456963
test-174,0.1144593136138608
test-1740,0.03376662358747579
test-17400,0.2698359959922084
test-17401,0.019430491568357862
test-17402,0.09139753198058895
test-17403,0.15257244592453686
test-17404,0.011419392769061228
test-17405,0.25878191311727905
test-17406,0.01815608194510664
test-17407,0.05212157166760156
test-17408,0.021772301372091032
test-17409,0.018230781069629592
test-1741,0.02659919861188415
test-17410,0.06505963117248166
test-17411,0.014998950325453238
test-17412,0.21078174153988208
test-17413,0.034462792400414846
test-17414,0.016887962368969712
test-17415,0.014178545104405003
test-17416,0.19853606319281927
test-17417,0.07154554671561687
test-17418,0.07406179485738844
test-17419,0.06611019618936939
test-1742,0.03071409692503377
test-17420,0.028811591504725367
test-17421,0.018484716175268878
test-17422,0.024524472379295427
test-17423,0.11709343371842393
test-17424,0.0066976389114798114
test-17425,0.01570066645835909
test-17426,0.007679433339991662
test-17427,0.022800710888614118
test-17428,0.06431327996289586
test-17429,0.2598368402271047
test-1743,0.01074635737178932
test-17430,0.39564909082173705
test-17431,0.1923779848044961
test-17432,0.11585444768291607
test-17433,0.256554010511993
test-17434,0.024989864675868497
test-17435,0.020575293822374136
test-17436,0.10022332301988479
test-17437,0.08731025320846172
test-17438,0.02131493227524228
test-17439,0.01521400969481853
test-1744,0.015657662845397227
test-17440,0.10372753568544538
test-17441,0.04667278133127287
test-17442,0.0992873971012534
test-17443,0.009127338571126423
test-17444,0.01452563292637581
test-17445,0.04835369050648721
test-17446,0.09299970669883983
test-17447,0.031233384809993606
test-17448,0.025017737761193353
test-17449,0.07309526863761552
test-1745,0.09879515563943184
test-17450,0.021588856853476744
test-17451,0.19726279410018782
test-17452,0.012816032939321086
test-17453,0.08428495840505579
test-17454,0.03849385307396757
test-17455,0.0734238194770512
test-17456,0.028317039375289874
test-17457,0.03636327456679316
test-17458,0.011465152755054046
test-17459,0.07660545356826652
test-1746,0.06880883919260025
test-17460,0.020585286711682246
test-17461,0.07356719263375135
test-17462,0.04020655026318445
test-17463,0.010484147567595015
test-17464,0.13844485831116107
test-17465,0.038322308821791384
test-17466,0.10812230317096443
test-17467,0.07154554671561687
test-17468,0.3490241275964279
test-17469,0.03133315576912499
test-1747,0.012815777852668693
test-17470,0.09456466912495104
test-17471,0.0669392073111586
test-17472,0.015270989738149998
test-17473,0.029076874478259927
test-17474,0.11709343371842393
test-17475,0.008752277592698438
test-17476,0.009597247500880627
test-17477,0.25425830275953704
test-17478,0.0653387015565063
test-17479,0.20674059617269075
test-1748,0.13938574877773244
test-17480,0.09028211589183217
test-17481,0.037105041846329984
test-17482,0.10972695116499522
test-17483,0.014363922428934334
test-17484,0.00609679226542648
test-17485,0.1944824773718707
test-17486,0.05197391283138509
test-17487,0.031232591913697216
test-17488,0.007114116633095072
test-17489,0.020967451489227223
test-1749,0.02688808280924944
test-17490,0.14610372346210213
test-17491,0.10095478406573405
test-17492,0.11699415596980142
test-17493,0.015739038211971732
test-17494,0.014095539153609215
test-17495,0.04832456665554672
test-17496,0.015640567842012086
test-17497,0.01504409605260465
test-17498,0.016515546354808678
test-17499,0.012248502464349447
test-175,0.02236474705871216
test-1750,0.052803384042532486
test-17500,0.011358913874675034
test-17501,0.16214093013375402
test-17502,0.15903018352604845
test-17503,0.2655456691512206
test-17504,0.020682659861242566
test-17505,0.02176709647436066
test-17506,0.019825068572042737
test-17507,0.13980550641447664
test-17508,0.09171525874887224
test-17509,0.009671624305379692
test-1751,0.013657671633772003
test-17510,0.07014673511928562
test-17511,0.015684022269753517
test-17512,0.007619025069210814
test-17513,0.033623764700378415
test-17514,0.21475646841478746
test-17515,0.07958009128105223
test-17516,0.017658083363345022
test-17517,0.02546487116531571
test-17518,0.10279217596403738
test-17519,0.07347000921208723
test-1752,0.02839486435513105
test-17520,0.3937301534634637
test-17521,0.08045015644888329
test-17522,0.07954800971423864
test-17523,0.13496092870975265
test-17524,0.011451162447672384
test-17525,0.016985086124056973
test-17526,0.029464430150035102
test-17527,0.05916654374320788
test-17528,0.01821179705326662
test-17529,0.010097009262029968
test-1753,0.010282335004126118
test-17530,0.044689260717378713
test-17531,0.12867528402986597
test-17532,0.0784718339030148
test-17533,0.029139609473991586
test-17534,0.08897354976711266
test-17535,0.04194486907146342
test-17536,0.030171141572705732
test-17537,0.19367610870996213
test-17538,0.308589022319554
test-17539,0.36914690670271666
test-1754,0.033373273949076576
test-17540,0.014837970419371614
test-17541,0.02774681017125274
test-17542,0.022704705465044495
test-17543,0.32929041431384287
test-17544,0.035172817869625686
test-17545,0.029412339342087618
test-17546,0.01388089716102966
test-17547,0.025277399001710058
test-17548,0.019148932183164172
test-17549,0.09557975897981964
test-1755,0.06647973975477553
test-17550,0.01984179948386335
test-17551,0.04906984181357477
test-17552,0.17178526926877175
test-17553,0.25228286699473235
test-17554,0.10631964799660923
test-17555,0.06920836269035241
test-17556,0.06829840929765911
test-17557,0.019385141923499948
test-17558,0.06252377948562454
test-17559,0.03441084656852913
test-1756,0.1597598913928633
test-17560,0.03447462573481763
test-17561,0.010847170184334337
test-17562,0.009114556396956288
test-17563,0.18622976775818859
test-17564,0.17519119120745383
test-17565,0.012973708398653522
test-17566,0.11817778020653101
test-17567,0.04201587544696237
test-17568,0.07736971131561239
test-17569,0.04984693257218869
test-1757,0.06769227346933265
test-17570,0.03411630114960313
test-17571,0.10396062073326494
test-17572,0.19743206482037587
test-17573,0.015680486375239753
test-17574,0.034236948142109716
test-17575,0.02311948487349074
test-17576,0.06769227346933265
test-17577,0.07798975346640286
test-17578,0.17948023432499263
test-17579,0.008140446082891791
test-1758,0.012976068833565871
test-17580,0.3408099874125816
test-17581,0.046080903532490065
test-17582,0.01088775701604951
test-17583,0.02506679358069431
test-17584,0.0962419513871418
test-17585,0.037043510433878664
test-17586,0.023221050692038878
test-17587,0.08219192647824698
test-17588,0.03301386054470941
test-17589,0.03355403077527231
test-1759,0.08098013058845206
test-17590,0.18960474916871248
test-17591,0.03751262195062008
test-17592,0.013522827941961862
test-17593,0.1962412999529821
test-17594,0.1986572797795596
test-17595,0.21006957417038338
test-17596,0.024039459345153006
test-17597,0.03143161580519756
test-17598,0.057946617276641306
test-17599,0.05004460559160083
test-176,0.025268747953125743
test-1760,0.0463630298797408
test-17600,0.07287513663214307
test-17601,0.02213940115576285
test-17602,0.032316004014231695
test-17603,0.2533168473107885
test-17604,0.16720809105262757
test-17605,0.026413267772328386
test-17606,0.0988587159779225
test-17607,0.02857686275676566
test-17608,0.031918350690467764
test-17609,0.02845644211677869
test-1761,0.006870573414811671
test-17610,0.009277777260324398
test-17611,0.09673533330374554
test-17612,0.03454562203420908
test-17613,0.008614120815261278
test-17614,0.0580274361534023
test-17615,0.12006588332410806
test-17616,0.020464340041205252
test-17617,0.01111796882046727
test-17618,0.01266697024390011
test-17619,0.026168297301616777
test-1762,0.011196794005503902
test-17620,0.07131357176604623
test-17621,0.01158368902595724
test-17622,0.05827515960884133
test-17623,0.25027401599194143
test-17624,0.07825714499228684
test-17625,0.014538055400504315
test-17626,0.07476021845184139
test-17627,0.17897976795915657
test-17628,0.07995118387683771
test-17629,0.025289569580357534
test-1763,0.10098069506471297
test-17630,0.03527451802193063
test-17631,0.006625787625410045
test-17632,0.15348688636427282
test-17633,0.01771389349996169
test-17634,0.3179323210741416
test-17635,0.015782777806369143
test-17636,0.017332159749360535
test-17637,0.25550847646777697
test-17638,0.047784818331021585
test-17639,0.017469049283343356
test-1764,0.015866804333469375
test-17640,0.23522477951155904
test-17641,0.09787796055403811
test-17642,0.013099620236089042
test-17643,0.23077386509437808
test-17644,0.007367407806630141
test-17645,0.034044952201851233
test-17646,0.2841487567181372
test-17647,0.07742767884236121
test-17648,0.010934811251881551
test-17649,0.14134368261577004
test-1765,0.060795573823116726
test-17650,0.09305594892480253
test-17651,0.04020298023124524
test-17652,0.25814485947549054
test-17653,0.07097412885645901
test-17654,0.02105155831472695
test-17655,0.020288596265422298
test-17656,0.039683168977096665
test-17657,0.02453321478097623
test-17658,0.02082674943431338
test-17659,0.0669392073111586
test-1766,0.12614711902775436
test-17660,0.046474244023831705
test-17661,0.020785413051632375
test-17662,0.10734157745244273
test-17663,0.0107140514587158
test-17664,0.033150142887580274
test-17665,0.10787748701492172
test-17666,0.03985531546945554
test-17667,0.11803087843920418
test-17668,0.02978880096054872
test-17669,0.1202531798889819
test-1767,0.011142936688023995
test-17670,0.03808926221621729
test-17671,0.01937240120983132
test-17672,0.042430332025060316
test-17673,0.10166831658968906
test-17674,0.007864687884397694
test-17675,0.16695447271917302
test-17676,0.02384257635097862
test-17677,0.034462792400414846
test-17678,0.09787796055403811
test-17679,0.10948269669424424
test-1768,0.03248590184030996
test-17680,0.08867071823055467
test-17681,0.025740512641742184
test-17682,0.01514361574891683
test-17683,0.2270508544222702
test-17684,0.029898820979739373
test-17685,0.009295410161759618
test-17686,0.17463717387638827
test-17687,0.008937301196708346
test-17688,0.028933101484641514
test-17689,0.02707821166141536
test-1769,0.02462215315020735
test-17690,0.07063080978578486
test-17691,0.013131820067274274
test-17692,0.12693853033951388
test-17693,0.06250737648342308
test-17694,0.02640804116847228
test-17695,0.01262175823599246
test-17696,0.2044799643817732
test-17697,0.009445787304392652
test-17698,0.04071674275541253
test-17699,0.009639227819860987
test-177,0.04868322271281905
test-1770,0.009273881211548648
test-17700,0.007382050445964555
test-17701,0.18788654487661507
test-17702,0.033203899169599385
test-17703,0.045671636913476345
test-17704,0.0896003591457785
test-17705,0.02149079321066784
test-17706,0.04061597488615447
test-17707,0.05779077841861447
test-17708,0.04052726618835182
test-17709,0.010412031231811692
test-1771,0.2702221659276855
test-17710,0.22219047517206073
test-17711,0.31771655395299847
test-17712,0.10923501376270907
test-17713,0.0326380588372344
test-17714,0.0329911065002157
test-17715,0.013024798222722836
test-17716,0.08962782951307559
test-17717,0.15965449062459794
test-17718,0.17899185634459316
test-17719,0.2157436414866245
test-1772,0.09633662306111986
test-17720,0.008679716647584289
test-17721,0.2150831162362995
test-17722,0.032883318934089564
test-17723,0.08003083037374147
test-17724,0.038142779241109925
test-17725,0.027230305000664735
test-17726,0.08675251963229894
test-17727,0.01085552057638937
test-17728,0.016922289057321998
test-17729,0.053839749045096044
test-1773,0.1854833146776544
test-17730,0.19116130199823472
test-17731,0.12735968326182798
test-17732,0.23659307215511508
test-17733,0.022205167946047037
test-17734,0.0430918491015837
test-17735,0.01063384629538399
test-17736,0.18721249944744944
test-17737,0.09673533330374554
test-17738,0.3055461295447189
test-17739,0.16695447271917302
test-1774,0.07984600052248031
test-17740,0.07272576005288361
test-17741,0.0242638145042155
test-17742,0.009071822177896698
test-17743,0.028965131918306557
test-17744,0.01838943608475835
test-17745,0.2921408309036412
test-17746,0.0846182167635542
test-17747,0.14584971832814003
test-17748,0.10642681427494319
test-17749,0.030385455629342795
test-1775,0.01036636732248958
test-17750,0.01621939428220594
test-17751,0.009514685303196806
test-17752,0.06262105804772342
test-17753,0.12495606174591331
test-17754,0.006049458930578651
test-17755,0.11605750684178578
test-17756,0.05610804347658278
test-17757,0.11663490222465693
test-17758,0.012730739699441405
test-17759,0.030018306166058512
test-1776,0.17344189406992763
test-17760,0.009999406341273297
test-17761,0.34170557308302524
test-17762,0.20523412207816144
test-17763,0.040065449598625236
test-17764,0.02793157900576299
test-17765,0.028446844792065332
test-17766,0.052219070384796715
test-17767,0.05208457129373567
test-17768,0.0085027878816854
test-17769,0.01207833733478955
test-1777,0.07799433853261355
test-17770,0.15327961324717537
test-17771,0.15402553770115068
test-17772,0.0641520886364032
test-17773,0.04727911288615965
test-17774,0.256178154141575
test-17775,0.04201587544696237
test-17776,0.037792841477612145
test-17777,0.05658066416197266
test-17778,0.01595785140581346
test-17779,0.010975502438865772
test-1778,0.022919576787163606
test-17780,0.19387383309315231
test-17781,0.027070715204093352
test-17782,0.028158690731535416
test-17783,0.022658807080338843
test-17784,0.13656700669656094
test-17785,0.3877499477712421
test-17786,0.04475351461529831
test-17787,0.1570947110642569
test-17788,0.06180775805495965
test-17789,0.021370624655672955
test-1779,0.023232975062007777
test-17790,0.034875457747988434
test-17791,0.0661821575404735
test-17792,0.031710669734421736
test-17793,0.1543693773528168
test-17794,0.21867438639937642
test-17795,0.02806574573639831
test-17796,0.01875336278281414
test-17797,0.021323810157429905
test-17798,0.18567616102818874
test-17799,0.21146321951712693
test-178,0.31939396202793396
test-1780,0.14216192005734085
test-17800,0.0479372303625673
test-17801,0.023629440276711947
test-17802,0.008937301196708346
test-17803,0.01668463949019469
test-17804,0.01194946881219321
test-17805,0.17842751568730184
test-17806,0.20265350866785528
test-17807,0.02216654570327601
test-17808,0.1440172214496929
test-17809,0.12910810347499574
test-1781,0.019995099606380143
test-17810,0.32641958553279166
test-17811,0.03764661414032188
test-17812,0.12974975277633535
test-17813,0.012962765446716897
test-17814,0.015054913135641475
test-17815,0.00783246196814153
test-17816,0.0533686041759081
test-17817,0.0939238666920206
test-17818,0.06005740955464646
test-17819,0.01234069580401031
test-1782,0.14480690178641123
test-17820,0.01728389846082881
test-17821,0.03390351888940096
test-17822,0.09694294317413431
test-17823,0.09507627697535487
test-17824,0.05411276847504554
test-17825,0.31639113532117935
test-17826,0.03547479788637748
test-17827,0.03958471858137933
test-17828,0.062308690390876574
test-17829,0.029551810719080637
test-1783,0.019884042118971802
test-17830,0.026424429060477466
test-17831,0.06613128233036399
test-17832,0.035781774805938325
test-17833,0.02344247334531339
test-17834,0.02421066519884455
test-17835,0.022735837632003396
test-17836,0.11593674367969195
test-17837,0.01782497264547724
test-17838,0.008124197260794122
test-17839,0.25541852355787653
test-1784,0.02976104011273445
test-17840,0.01876126545678575
test-17841,0.11240284386761527
test-17842,0.0068922577630724504
test-17843,0.037802933463891165
test-17844,0.08086385461013587
test-17845,0.0762873749374902
test-17846,0.02386522351543468
test-17847,0.018354800260633117
test-17848,0.011579162522257765
test-17849,0.13427187521081005
test-1785,0.2520944155446072
test-17850,0.03611663395578433
test-17851,0.12819412947753134
test-17852,0.1978638177278418
test-17853,0.15280840854137218
test-17854,0.01612203732453803
test-17855,0.014844095192046632
test-17856,0.09787796055403811
test-17857,0.164805747179847
test-17858,0.13708855576447077
test-17859,0.0729963885667901
test-1786,0.028355033220458997
test-17860,0.020385264174335546
test-17861,0.2404203741303968
test-17862,0.07340717644782829
test-17863,0.007772543907835982
test-17864,0.0830434423286461
test-17865,0.0390194295139287
test-17866,0.01019023861742928
test-17867,0.207776674036707
test-17868,0.018531553538923523
test-17869,0.26693057890405925
test-1787,0.15240061560073376
test-17870,0.017696063282669965
test-17871,0.07868654931285533
test-17872,0.0787718604191346
test-17873,0.011912661760794316
test-17874,0.332582718235798
test-17875,0.015051306683250826
test-17876,0.20322658420570444
test-17877,0.1285727876993293
test-17878,0.022105492935266962
test-17879,0.005862819788070287
test-1788,0.18497625957867478
test-17880,0.08287687233596294
test-17881,0.06986194723583708
test-17882,0.0846182167635542
test-17883,0.28295259971131886
test-17884,0.16948764875643343
test-17885,0.18457021113255542
test-17886,0.18009799397155743
test-17887,0.011966394635994219
test-17888,0.23319741032283992
test-17889,0.012252703802512609
test-1789,0.04461015286471344
test-17890,0.011915342082579017
test-17891,0.012870821140707702
test-17892,0.2215808240564418
test-17893,0.008137562660213465
test-17894,0.03523120003252598
test-17895,0.15756529587426227
test-17896,0.041644692851619175
test-17897,0.014052609781096844
test-17898,0.0064755743050686895
test-17899,0.0242368306054827
test-179,0.17760362761813725
test-1790,0.024035271494723672
test-17900,0.028902042548756057
test-17901,0.08174012218639101
test-17902,0.015497643263600591
test-17903,0.010271233686557621
test-17904,0.08118919316274584
test-17905,0.015224312249784357
test-17906,0.14553694076409418
test-17907,0.013208825274037508
test-17908,0.25559389283524714
test-17909,0.072808459890467
test-1791,0.006370205894054222
test-17910,0.011722377849337513
test-17911,0.0058803046784364175
test-17912,0.12663596937894922
test-17913,0.012478832291064805
test-17914,0.12204541234608131
test-17915,0.049805005852058194
test-17916,0.19297676100705227
test-17917,0.28658852668192814
test-17918,0.028814315007580235
test-17919,0.03253106122932946
test-1792,0.2775199709928531
test-17920,0.04735508664734987
test-17921,0.16695447271917302
test-17922,0.047568442819313585
test-17923,0.04848503436592343
test-17924,0.1347131851147458
test-17925,0.02120675599721974
test-17926,0.09145654343565555
test-17927,0.056786220208691465
test-17928,0.009071765271796563
test-17929,0.22391164520482004
test-1793,0.01886185872847177
test-17930,0.014471172354835525
test-17931,0.05388239658247874
test-17932,0.07723751110542583
test-17933,0.32403485535166354
test-17934,0.09734377007746313
test-17935,0.18020378739981702
test-17936,0.1843684281630073
test-17937,0.07096446565888062
test-17938,0.1833678630113633
test-17939,0.18716441407439227
test-1794,0.19073871143670293
test-17940,0.013798747716120276
test-17941,0.3394139247538089
test-17942,0.010943586126214813
test-17943,0.1402180156431727
test-17944,0.013098082138223176
test-17945,0.19715935911971585
test-17946,0.10137489672659208
test-17947,0.05196213073067302
test-17948,0.248630742992332
test-17949,0.05905141211869772
test-1795,0.01902415923569338
test-17950,0.055353832410477095
test-17951,0.13919012465966588
test-17952,0.08086385461013587
test-17953,0.11709343371842393
test-17954,0.09787796055403811
test-17955,0.11656393028709784
test-17956,0.013282985016369363
test-17957,0.11643721089413586
test-17958,0.028739347804951205
test-17959,0.15683410776034584
test-1796,0.032360088199957865
test-17960,0.07953975187765289
test-17961,0.1494031731861231
test-17962,0.060356192116148476
test-17963,0.11166555558337915
test-17964,0.04329395333265961
test-17965,0.05850062069384835
test-17966,0.20105263397453954
test-17967,0.05100987373451453
test-17968,0.017424535963517177
test-17969,0.13400389585764688
test-1797,0.013735814186933397
test-17970,0.05697438896595432
test-17971,0.014295349705123328
test-17972,0.01647468745479299
test-17973,0.18285926629478308
test-17974,0.1328992163609263
test-17975,0.01031102295853349
test-17976,0.01595785140581346
test-17977,0.3326147496028252
test-17978,0.0940330513105372
test-17979,0.02744852650651984
test-1798,0.10497652032926169
test-17980,0.17645226684991447
test-17981,0.021528190749961748
test-17982,0.013414864622922547
test-17983,0.010721340125093718
test-17984,0.024033082590376727
test-17985,0.1084422930920527
test-17986,0.09787796055403811
test-17987,0.007456623760370242
test-17988,0.014592620466995804
test-17989,0.020904243464754124
test-1799,0.014132588945997369
test-17990,0.01650860509187237
test-17991,0.014887085092704122
test-17992,0.39302953578699573
test-17993,0.16997413425428345
test-17994,0.16317030724170975
test-17995,0.20671483053357298
test-17996,0.029778034879541795
test-17997,0.05058212980169034
test-17998,0.0148357810369734
test-17999,0.016661859150662744
test-18,0.0707119985986715
test-180,0.32311302066101333
test-1800,0.27061542430377356
test-18000,0.05436452973050096
test-18001,0.018399418404478417
test-18002,0.08524319317366612
test-18003,0.018952753565847438
test-18004,0.0723020423339294
test-18005,0.013259963459726255
test-18006,0.005814115470579735
test-18007,0.26822877775660253
test-18008,0.04248581512234329
test-18009,0.10844777364709879
test-1801,0.013710094227000723
test-18010,0.20076579714671464
test-18011,0.021118935415367187
test-18012,0.008029326362355045
test-18013,0.018314338146147184
test-18014,0.09075875187148197
test-18015,0.033373273949076576
test-18016,0.24782615735307742
test-18017,0.13842109341271808
test-18018,0.038382873760666465
test-18019,0.10022332301988479
test-1802,0.008575352706444073
test-18020,0.0398766745785864
test-18021,0.16644478996100046
test-18022,0.023796883426278514
test-18023,0.025352814452203932
test-18024,0.02366364524591141
test-18025,0.04679125647025102
test-18026,0.02237207512070724
test-18027,0.07765548192385864
test-18028,0.015363464338000173
test-18029,0.012847637152557363
test-1803,0.05216733562015997
test-18030,0.00559951119017255
test-18031,0.019640944948729686
test-18032,0.007970403785279311
test-18033,0.06886333682576253
test-18034,0.09673533330374554
test-18035,0.019470895710965982
test-18036,0.011406859219549068
test-18037,0.008281406468222667
test-18038,0.02131451650635401
test-18039,0.34243193445862335
test-1804,0.027063382628049075
test-18040,0.12819412947753134
test-18041,0.03776885391726239
test-18042,0.019714383657232385
test-18043,0.012123805561820045
test-18044,0.009821369498539382
test-18045,0.04155688985275468
test-18046,0.055926600574086126
test-18047,0.025586495170093905
test-18048,0.018954347838734512
test-18049,0.016023565278325578
test-1805,0.028670803107570437
test-18050,0.011965930567153567
test-18051,0.028277848795343924
test-18052,0.04154351699599006
test-18053,0.07154554671561687
test-18054,0.0820323868992814
test-18055,0.036242497691780964
test-18056,0.025663536359285172
test-18057,0.022849370498190375
test-18058,0.01615131904228157
test-18059,0.029512507016343562
test-1806,0.008337049596140416
test-18060,0.009781142276767053
test-18061,0.016336156725915412
test-18062,0.04119529580068681
test-18063,0.017834342540233247
test-18064,0.17839559737897584
test-18065,0.1549288845970764
test-18066,0.09579461208842532
test-18067,0.005874363343791298
test-18068,0.14098037889988446
test-18069,0.14883833586401524
test-1807,0.15925156164486537
test-18070,0.039399641187934376
test-18071,0.057214199390735535
test-18072,0.031209839425393834
test-18073,0.01618119894584407
test-18074,0.38322268198722426
test-18075,0.029921063934133758
test-18076,0.28466519324145084
test-18077,0.01401752798827486
test-18078,0.17822235137018633
test-18079,0.013748709520506969
test-1808,0.10895801092038271
test-18080,0.014352696263170666
test-18081,0.013910403730631071
test-18082,0.11584795161649102
test-18083,0.24894281450267913
test-18084,0.022587189909285564
test-18085,0.0669392073111586
test-18086,0.02061349538904076
test-18087,0.05400256287771402
test-18088,0.02013509085995286
test-18089,0.011751739614482138
test-1809,0.014592620466995804
test-18090,0.11689514175195134
test-18091,0.07096335519693533
test-18092,0.31621057372049344
test-18093,0.11836691401519127
test-18094,0.02974659745104685
test-18095,0.17658224274478151
test-18096,0.012229103429423809
test-18097,0.021571099657733572
test-18098,0.10062551206765444
test-18099,0.031189105334535148
test-181,0.008154575098313329
test-1810,0.1285399246328854
test-18100,0.017523004861100897
test-18101,0.027860921275786606
test-18102,0.0669392073111586
test-18103,0.010472884999583045
test-18104,0.05851964057132358
test-18105,0.1463517111964851
test-18106,0.020090811530206074
test-18107,0.03262329354048342
test-18108,0.2630041210337636
test-18109,0.01977810592037329
test-1811,0.0652079655701249
test-18110,0.20689409214696663
test-18111,0.00968939418267906
test-18112,0.08459436055606144
test-18113,0.31458748133394027
test-18114,0.1502901637827113
test-18115,0.016875088151483197
test-18116,0.02197334909740573
test-18117,0.007235025078507707
test-18118,0.0257351184791601
test-18119,0.011869795748128596
test-1812,0.22581434605288792
test-18120,0.03157680006439106
test-18121,0.03125174394975723
test-18122,0.15597954886529164
test-18123,0.09843455529357369
test-18124,0.02432403218035524
test-18125,0.12796851635119139
test-18126,0.0938115939832203
test-18127,0.025084764477660376
test-18128,0.06765545945683495
test-18129,0.22096957938605616
test-1813,0.09538853959833127
test-18130,0.4467103826203904
test-18131,0.04927998043217112
test-18132,0.25453752245194944
test-18133,0.25263469811260014
test-18134,0.010850248752424928
test-18135,0.010561815605730385
test-18136,0.11635106144084761
test-18137,0.018762631194254073
test-18138,0.01601664506540398
test-18139,0.04924218539772429
test-1814,0.009544556014076454
test-18140,0.029908283861302135
test-18141,0.005675879355869583
test-18142,0.20109957806545214
test-18143,0.023180333434756256
test-18144,0.12211778027152141
test-18145,0.023934004126951316
test-18146,0.019885641114931102
test-18147,0.0889882604536219
test-18148,0.2015755055049162
test-18149,0.2616329018123655
test-1815,0.010405816201825126
test-18150,0.016515546354808678
test-18151,0.0669392073111586
test-18152,0.33512003909941135
test-18153,0.08437643831290924
test-18154,0.07096446565888062
test-18155,0.12791474762540003
test-18156,0.30887806445538424
test-18157,0.04748466591274489
test-18158,0.033434196860694564
test-18159,0.01015260090573795
test-1816,0.06274473008222103
test-18160,0.0054068222988436065
test-18161,0.23992283371255976
test-18162,0.09698068826147253
test-18163,0.3286054660364636
test-18164,0.04005471228145091
test-18165,0.037802933463891165
test-18166,0.042685028402897014
test-18167,0.030753221879846002
test-18168,0.018435457155926236
test-18169,0.023529104662335865
test-1817,0.05032778070085482
test-18170,0.26829864560431693
test-18171,0.03307044826506945
test-18172,0.2000923831544441
test-18173,0.05849542928708646
test-18174,0.03150285102657406
test-18175,0.0846182167635542
test-18176,0.22143659600055543
test-18177,0.09459023001880597
test-18178,0.024728522176492487
test-18179,0.05281542831582374
test-1818,0.00871125540909954
test-18180,0.019905990325220838
test-18181,0.006814675730205213
test-18182,0.013259963459726255
test-18183,0.2120725551102536
test-18184,0.008420296722419124
test-18185,0.0713931014959592
test-18186,0.14696205143009786
test-18187,0.1368321145500669
test-18188,0.12106253810091394
test-18189,0.2495405157185527
test-1819,0.11002521103620452
test-18190,0.024719025760303565
test-18191,0.006223786633920408
test-18192,0.0861915504119661
test-18193,0.01700697063035707
test-18194,0.05273939999786985
test-18195,0.00943182662075909
test-18196,0.010075616063745936
test-18197,0.025972341589831797
test-18198,0.22865491891745446
test-18199,0.06782920015374011
test-182,0.16856276480282711
test-1820,0.011803246860551822
test-18200,0.024734133832193753
test-18201,0.15441769160285726
test-18202,0.11968785787450234
test-18203,0.03592846913595172
test-18204,0.021247145833445925
test-18205,0.14013876779712633
test-18206,0.017079055827678505
test-18207,0.09935030145420644
test-18208,0.1503660491378806
test-18209,0.10012583445709818
test-1821,0.1543693773528168
test-18210,0.013725146211737427
test-18211,0.015010615339124728
test-18212,0.09960765552407641
test-18213,0.044179972783737705
test-18214,0.14008369582996277
test-18215,0.10972695116499522
test-18216,0.05248631654954943
test-18217,0.026332775428078638
test-18218,0.01519524321004887
test-18219,0.015957443698623505
test-1822,0.08043089850720082
test-18220,0.34940391022274964
test-18221,0.04252105837468247
test-18222,0.023912958505893037
test-18223,0.05912495102789714
test-18224,0.11981708738957111
test-18225,0.012518380240668722
test-18226,0.23023061784509347
test-18227,0.04596516789019453
test-18228,0.015706992873023524
test-18229,0.049121228252745765
test-1823,0.16804840281168987
test-18230,0.1313395705021038
test-18231,0.24782168864499474
test-18232,0.24867201635693922
test-18233,0.031327303605217474
test-18234,0.015048190128451334
test-18235,0.15549729139476165
test-18236,0.008573433527794655
test-18237,0.02013450589504789
test-18238,0.041853851399825774
test-18239,0.019928384331973224
test-1824,0.01337438281703804
test-18240,0.06160978032947095
test-18241,0.12242164113599613
test-18242,0.03608013773147883
test-18243,0.04172489627771491
test-18244,0.3476937877851141
test-18245,0.020175712243109163
test-18246,0.0076360894057197915
test-18247,0.028288215439958114
test-18248,0.13590882956249664
test-18249,0.03841397460780208
test-1825,0.03895496312185716
test-18250,0.25871983647700014
test-18251,0.1303110282289395
test-18252,0.014561595977396728
test-18253,0.03094127619818136
test-18254,0.028074783218479962
test-18255,0.17969919362864128
test-18256,0.31369383587534916
test-18257,0.010522344617161438
test-18258,0.1450772362985514
test-18259,0.18479520486960369
test-1826,0.03513212271655379
test-18260,0.031189105334535148
test-18261,0.011266880004432453
test-18262,0.06774009628796533
test-18263,0.23375159125204434
test-18264,0.10950444354875782
test-18265,0.04325098383369204
test-18266,0.020552032834530807
test-18267,0.033157136788861494
test-18268,0.033315841822851314
test-18269,0.043400226690935066
test-1827,0.29055257447563226
test-18270,0.012143464225882392
test-18271,0.01845011831854662
test-18272,0.15139145615818586
test-18273,0.014250822912701196
test-18274,0.00865430721358785
test-18275,0.05527113041701808
test-18276,0.01514124315506642
test-18277,0.03286716334690705
test-18278,0.1280339787175386
test-18279,0.033554673098024033
test-1828,0.05884636463014029
test-18280,0.007863580652676984
test-18281,0.0613643537424986
test-18282,0.03698022180859513
test-18283,0.16466872328676446
test-18284,0.16695447271917302
test-18285,0.09014556331031337
test-18286,0.03623357841498056
test-18287,0.19789182254109844
test-18288,0.07278892182117214
test-18289,0.12750472124348786
test-1829,0.040036434232552064
test-18290,0.0905869632991712
test-18291,0.03504660430839418
test-18292,0.08099914336568118
test-18293,0.05013148313022251
test-18294,0.06259100480523434
test-18295,0.1589022457498061
test-18296,0.3242611331474619
test-18297,0.03997735577496801
test-18298,0.049461904616293566
test-18299,0.041949426038528664
test-183,0.10949766233582342
test-1830,0.35713860772201744
test-18300,0.02748353342309467
test-18301,0.06107244868006746
test-18302,0.014480572420051926
test-18303,0.00625290433642814
test-18304,0.3053363320618174
test-18305,0.07958009128105223
test-18306,0.01269493950945714
test-18307,0.057026731341523494
test-18308,0.05624832523344406
test-18309,0.022794353839368
test-1831,0.19076042755846448
test-18310,0.06803412447426488
test-18311,0.19518506583871903
test-18312,0.22460291423744588
test-18313,0.16245219540169273
test-18314,0.0370178999960362
test-18315,0.03957797408190487
test-18316,0.15080586339390317
test-18317,0.08210262902577652
test-18318,0.017356079071355092
test-18319,0.019005111624465512
test-1832,0.10549698991459597
test-18320,0.06707543117323507
test-18321,0.1376252780142714
test-18322,0.08762266151382905
test-18323,0.03242157178813223
test-18324,0.050850735666246163
test-18325,0.017080208409362127
test-18326,0.05543061163395733
test-18327,0.028830747634083973
test-18328,0.17020373771528893
test-18329,0.21764564439897713
test-1833,0.055813056278426795
test-18330,0.010858599843903943
test-18331,0.007577295459045671
test-18332,0.11094171495979958
test-18333,0.009265801435173563
test-18334,0.16468514156400582
test-18335,0.06769227346933265
test-18336,0.0669392073111586
test-18337,0.1744387507081044
test-18338,0.14548603768711782
test-18339,0.05948539271495662
test-1834,0.0105448410564779
test-18340,0.11620376548595909
test-18341,0.13774157405628287
test-18342,0.032972430122725715
test-18343,0.16139857347004613
test-18344,0.11355423169460481
test-18345,0.10344889579289342
test-18346,0.06725519047539667
test-18347,0.25561895904408594
test-18348,0.18945415996561543
test-18349,0.00887709608893385
test-1835,0.02069208078074313
test-18350,0.010477757496013335
test-18351,0.02779803876800235
test-18352,0.09852621734673782
test-18353,0.020892578681834265
test-18354,0.09476065846259842
test-18355,0.0315414840882949
test-18356,0.0902697371993072
test-18357,0.020085751638411385
test-18358,0.20720090897435325
test-18359,0.3032406349743543
test-1836,0.02109784868622366
test-18360,0.029500500471460616
test-18361,0.08718162527045434
test-18362,0.02232157744853897
test-18363,0.01363923395978724
test-18364,0.05696161965524481
test-18365,0.1753512208036435
test-18366,0.024671405554097033
test-18367,0.024415671866917853
test-18368,0.07859197714629405
test-18369,0.013772052787078026
test-1837,0.02886938804916613
test-18370,0.007613123115779421
test-18371,0.01810442823136347
test-18372,0.033452347859723605
test-18373,0.01997622670476363
test-18374,0.331044493427029
test-18375,0.0669392073111586
test-18376,0.013444946971638425
test-18377,0.04371739997126556
test-18378,0.01816396258625003
test-18379,0.031020152263426408
test-1838,0.02688029610004067
test-18380,0.025895808660320447
test-18381,0.026370799252285318
test-18382,0.10135147787955867
test-18383,0.08612765963918625
test-18384,0.03494710551141526
test-18385,0.021228464072036515
test-18386,0.07765548192385864
test-18387,0.0187932806812275
test-18388,0.026554301495121467
test-18389,0.021521087906388018
test-1839,0.014422338266648684
test-18390,0.01859758426847535
test-18391,0.2262887729828075
test-18392,0.041644692851619175
test-18393,0.036511599972429296
test-18394,0.045365262609897525
test-18395,0.0784110351675444
test-18396,0.2896699818216412
test-18397,0.022764255740042913
test-18398,0.021174822703949128
test-18399,0.026822817409935088
test-184,0.09405357676599008
test-1840,0.01296118377637301
test-18400,0.043653899513224625
test-18401,0.010715837477236463
test-18402,0.014753521718597161
test-18403,0.09607602123751074
test-18404,0.04937716234769883
test-18405,0.019045614843017113
test-18406,0.02654253285912601
test-18407,0.015219989525615112
test-18408,0.01751359037769883
test-18409,0.021846649479007538
test-1841,0.2608606113982203
test-18410,0.008970676852761348
test-18411,0.011056261019922645
test-18412,0.028413331150701045
test-18413,0.021787645907425532
test-18414,0.03547653648209442
test-18415,0.19043972607291476
test-18416,0.2465001741050387
test-18417,0.04089519903612168
test-18418,0.31554992864978915
test-18419,0.025534317105047537
test-1842,0.025598927433969017
test-18420,0.012694259750612799
test-18421,0.05523490624394012
test-18422,0.020498774615011033
test-18423,0.1580423908817612
test-18424,0.10830255833809213
test-18425,0.010467941494618403
test-18426,0.015591057465956118
test-18427,0.11466053320799016
test-18428,0.05143341550618335
test-18429,0.12837497667501724
test-1843,0.01024395151387585
test-18430,0.10392201122373709
test-18431,0.06815918481410306
test-18432,0.016295841364460308
test-18433,0.14302740493532318
test-18434,0.021989746332068558
test-18435,0.019991383422369995
test-18436,0.019832952344530454
test-18437,0.12547743918467355
test-18438,0.006308869074207436
test-18439,0.09476964158454305
test-1844,0.14238316696559336
test-18440,0.15130469079668155
test-18441,0.09299334550036202
test-18442,0.004661381843854405
test-18443,0.3160112696601699
test-18444,0.03388858243739365
test-18445,0.013093536827606138
test-18446,0.21141214830891997
test-18447,0.0275104703988797
test-18448,0.27997364082500353
test-18449,0.03030032868580819
test-1845,0.023809089675779518
test-18450,0.05239350065746767
test-18451,0.07896917855603469
test-18452,0.013353475317059587
test-18453,0.016740870732518703
test-18454,0.008788554420231225
test-18455,0.09009767662409697
test-18456,0.030831503464687455
test-18457,0.01847008022327447
test-18458,0.07872524321923735
test-18459,0.2715541865320858
test-1846,0.13775918575813118
test-18460,0.036242497691780964
test-18461,0.08110413393213176
test-18462,0.13844485831116107
test-18463,0.18959496849690885
test-18464,0.08194021623526596
test-18465,0.10022332301988479
test-18466,0.006074283046903966
test-18467,0.013717431906824748
test-18468,0.04315587774234556
test-18469,0.23095885885735776
test-1847,0.020970175398431903
test-18470,0.07307684525777518
test-18471,0.017196695875600264
test-18472,0.01839124482182392
test-18473,0.11890417487470603
test-18474,0.12418438505479572
test-18475,0.03398184160676354
test-18476,0.09246535467411557
test-18477,0.012950173466608164
test-18478,0.0329853088867944
test-18479,0.018690975352871446
test-1848,0.04760115686953074
test-18480,0.008134254785869906
test-18481,0.0349800660431136
test-18482,0.13207564119353027
test-18483,0.00986424551854009
test-18484,0.08769045370734971
test-18485,0.028043598881549038
test-18486,0.28443170716935734
test-18487,0.02063976602740363
test-18488,0.13927068719510596
test-18489,0.07465687963689648
test-1849,0.031688293503101074
test-18490,0.31550847351172256
test-18491,0.04730295686447753
test-18492,0.019889835669789455
test-18493,0.23818669283344882
test-18494,0.03913257304863083
test-18495,0.09581124272527981
test-18496,0.026517054697627027
test-18497,0.05496740800004087
test-18498,0.01902307046308608
test-18499,0.0175790944071612
test-185,0.017517240030152568
test-1850,0.0232911499626386
test-18500,0.09787796055403811
test-18501,0.006376465937515026
test-18502,0.12819412947753134
test-18503,0.289475831227707
test-18504,0.09960250667683017
test-18505,0.08489253972158496
test-18506,0.1539118184453992
test-18507,0.23632872543831399
test-18508,0.23878155275623633
test-18509,0.19910346931388853
test-1851,0.0288256965280256
test-18510,0.018097046766763027
test-18511,0.022401279162809044
test-18512,0.04082967218922589
test-18513,0.16695447271917302
test-18514,0.025349416974306004
test-18515,0.07980146759866821
test-18516,0.04195356100971181
test-18517,0.023059559369184614
test-18518,0.09894217917792562
test-18519,0.25448181387305246
test-1852,0.052191732964247714
test-18520,0.029222393962908582
test-18521,0.07770070479320158
test-18522,0.028314447008889986
test-18523,0.03375377800126748
test-18524,0.2564721760748661
test-18525,0.05805414486741352
test-18526,0.009100952580614956
test-18527,0.1906207660326727
test-18528,0.04102862807592863
test-18529,0.16081506401583984
test-1853,0.06624674390446017
test-18530,0.03097054067888921
test-18531,0.09725414960670566
test-18532,0.06968465585233036
test-18533,0.12918576059224046
test-18534,0.010848365109189555
test-18535,0.0157691741328382
test-18536,0.009601844397618816
test-18537,0.049058874745930986
test-18538,0.07736971131561239
test-18539,0.02784835461398378
test-1854,0.05049890618405692
test-18540,0.017672991953071128
test-18541,0.2651789909631188
test-18542,0.2294450465601125
test-18543,0.2519907039033014
test-18544,0.12536310081272498
test-18545,0.018454225608461577
test-18546,0.16695447271917302
test-18547,0.046673070348440336
test-18548,0.04351191409335309
test-18549,0.020094110329857452
test-1855,0.10914177958638682
test-18550,0.0687732139720173
test-18551,0.26754384498604716
test-18552,0.012539257391579604
test-18553,0.012091057528108315
test-18554,0.0870118817857867
test-18555,0.017987774844706338
test-18556,0.015362122784543573
test-18557,0.02128808210350073
test-18558,0.014008075504383237
test-18559,0.12460507488050093
test-1856,0.12663596937894922
test-18560,0.10849311745818162
test-18561,0.16344830039709268
test-18562,0.03501710170848993
test-18563,0.24853935420164974
test-18564,0.11389031523584435
test-18565,0.13120845231235395
test-18566,0.3652780802049191
test-18567,0.06761899316227173
test-18568,0.21210392293593663
test-18569,0.19583504058740633
test-1857,0.09412443393013953
test-18570,0.1616407233721173
test-18571,0.12460507488050093
test-18572,0.02804664968111098
test-18573,0.24792505773370271
test-18574,0.020911782575520784
test-18575,0.05618045814719229
test-18576,0.14053773189680624
test-18577,0.00887709608893385
test-18578,0.019641518275486738
test-18579,0.019459939478596738
test-1858,0.019855157490167967
test-18580,0.04396583625245771
test-18581,0.26296576773535263
test-18582,0.08718282289448624
test-18583,0.053841776801755316
test-18584,0.04166971932024224
test-18585,0.010249381648775781
test-18586,0.024029157769681928
test-18587,0.0572275275123108
test-18588,0.008443481737337723
test-18589,0.035797004886432476
test-1859,0.0689791433020392
test-18590,0.05077684749263345
test-18591,0.028870616491932653
test-18592,0.08110413393213176
test-18593,0.06803536342065492
test-18594,0.07448127821708642
test-18595,0.11189850529772204
test-18596,0.2932563605476191
test-18597,0.007565600039332692
test-18598,0.18431321261214484
test-18599,0.01986324140299942
test-186,0.03397970973945525
test-1860,0.14688759791428976
test-18600,0.008719461522968198
test-18601,0.006096455389816338
test-18602,0.19301012440476245
test-18603,0.01554800530493246
test-18604,0.035424678669387824
test-18605,0.016579847337816294
test-18606,0.11917742257836739
test-18607,0.08866087753420364
test-18608,0.06698560001477041
test-18609,0.17179310681148527
test-1861,0.13775918575813118
test-18610,0.010629577694575239
test-18611,0.009139667948918184
test-18612,0.012239536047069366
test-18613,0.11084624888241132
test-18614,0.010343100915003083
test-18615,0.274514158949924
test-18616,0.008920415590040564
test-18617,0.04998303035448254
test-18618,0.008657516477733988
test-18619,0.012070462680701251
test-1862,0.018087173699594714
test-18620,0.01317380005419688
test-18621,0.03025971665337404
test-18622,0.31380257983712506
test-18623,0.10609322472817996
test-18624,0.02067849477305438
test-18625,0.1543693773528168
test-18626,0.25126022129202025
test-18627,0.0687732139720173
test-18628,0.15594270400283508
test-18629,0.013118550330796893
test-1863,0.034807912158548
test-18630,0.009397093497874971
test-18631,0.06100309323703079
test-18632,0.1580181161414248
test-18633,0.13821235268021012
test-18634,0.2926619154756492
test-18635,0.2532415816117029
test-18636,0.023748545878281895
test-18637,0.03422504254714219
test-18638,0.023009831244914777
test-18639,0.044200675822435566
test-1864,0.022405100672536354
test-18640,0.009507251852524323
test-18641,0.014654079341217105
test-18642,0.009611023849211937
test-18643,0.00716789707758147
test-18644,0.08466819520171825
test-18645,0.011241192977480358
test-18646,0.061577899304617906
test-18647,0.0420342631896784
test-18648,0.17472777447814722
test-18649,0.034751142778051206
test-1865,0.10111443778658342
test-18650,0.1865015173071359
test-18651,0.04315587774234556
test-18652,0.16146130637280157
test-18653,0.02080047688140409
test-18654,0.014531477328768326
test-18655,0.12988248682647902
test-18656,0.02629982512569481
test-18657,0.01956768890144906
test-18658,0.09095363519959088
test-18659,0.1744387507081044
test-1866,0.014099524457365042
test-18660,0.05349396533118749
test-18661,0.042775636879540536
test-18662,0.061577899304617906
test-18663,0.1509499913641611
test-18664,0.020846516394319916
test-18665,0.018371440189559853
test-18666,0.008198534103493069
test-18667,0.012119194794560471
test-18668,0.009630248304416644
test-18669,0.04171640118110272
test-1867,0.03668834300033589
test-18670,0.04002128634966219
test-18671,0.021204500739289735
test-18672,0.05916089790296553
test-18673,0.020373107639746646
test-18674,0.07885370404606426
test-18675,0.01147819579155948
test-18676,0.042074880177672296
test-18677,0.015922950873165344
test-18678,0.26025914847411946
test-18679,0.028980084675372688
test-1868,0.011385186335865567
test-18680,0.012073512502487066
test-18681,0.01968027225795483
test-18682,0.04953858611954152
test-18683,0.05015468531813707
test-18684,0.08516421639735723
test-18685,0.023589154595651727
test-18686,0.0732858674232542
test-18687,0.10769179491477508
test-18688,0.13201024971684516
test-18689,0.010293197285930077
test-1869,0.4252554837280234
test-18690,0.03048304860654705
test-18691,0.013783847169889637
test-18692,0.11765561652194213
test-18693,0.04201587544696237
test-18694,0.12416644321373581
test-18695,0.05499340430462175
test-18696,0.010922563486814944
test-18697,0.04475351461529831
test-18698,0.015254582261157256
test-18699,0.020376944784804358
test-187,0.029014988780338997
test-1870,0.13999224654470044
test-18700,0.018841435297415398
test-18701,0.08307592512197962
test-18702,0.021235543542907073
test-18703,0.023260288419312113
test-18704,0.13867377168656142
test-18705,0.035013109366513945
test-18706,0.3019674350797607
test-18707,0.029985580879557102
test-18708,0.015621972087313215
test-18709,0.022162216202011035
test-1871,0.1614071331912101
test-18710,0.05620506143347307
test-18711,0.0868884526264283
test-18712,0.09558923866076777
test-18713,0.037658600636406254
test-18714,0.13960499673474727
test-18715,0.1155947682505615
test-18716,0.013470579307073422
test-18717,0.0669392073111586
test-18718,0.020982787513930384
test-18719,0.06737478385569629
test-1872,0.15810872196872433
test-18720,0.012589867781583646
test-18721,0.24456114987550398
test-18722,0.028787607920415438
test-18723,0.04073090619812652
test-18724,0.07473368294645777
test-18725,0.04450096024924972
test-18726,0.32264692991846405
test-18727,0.049727199891001855
test-18728,0.12819412947753134
test-18729,0.008299783119558984
test-1873,0.05017632389832547
test-18730,0.2919423668092339
test-18731,0.06144409729375613
test-18732,0.1657062932394708
test-18733,0.11025666896035011
test-18734,0.009643810089283186
test-18735,0.09194783673438216
test-18736,0.10903962375797746
test-18737,0.12614711902775436
test-18738,0.0639130065152548
test-18739,0.1970354257907757
test-1874,0.006743243020147785
test-18740,0.015516916219973555
test-18741,0.07576571456892409
test-18742,0.009227040649464516
test-18743,0.013437034634960545
test-18744,0.014244875009878751
test-18745,0.06466373418134436
test-18746,0.31621057372049344
test-18747,0.15537122528558647
test-18748,0.16350900768949814
test-18749,0.09787796055403811
test-1875,0.014390477085816452
test-18750,0.024143008555502624
test-18751,0.046661956705240856
test-18752,0.030897486638182675
test-18753,0.3154744355936554
test-18754,0.13108904054286935
test-18755,0.04013806717842781
test-18756,0.05081012526979665
test-18757,0.06321181898190219
test-18758,0.150184366749941
test-18759,0.016256730439523692
test-1876,0.024820578549971155
test-18760,0.15373619118629028
test-18761,0.04914689943985059
test-18762,0.05300577485512337
test-18763,0.17106317781570557
test-18764,0.009818900575629352
test-18765,0.032316004014231695
test-18766,0.1020687982680937
test-18767,0.046303783060715684
test-18768,0.21088894614569934
test-18769,0.01270533414269736
test-1877,0.32638176962481935
test-18770,0.010614887057196789
test-18771,0.21847495756044188
test-18772,0.010707840120334974
test-18773,0.028505274012039186
test-18774,0.16780212609422623
test-18775,0.11497616763004309
test-18776,0.024033082590376727
test-18777,0.012794986440227018
test-18778,0.0951196829165784
test-18779,0.018777873468277816
test-1878,0.12137033067599531
test-18780,0.03243822641883887
test-18781,0.12944892012576575
test-18782,0.0930074955027338
test-18783,0.01213298158083581
test-18784,0.03194012012227037
test-18785,0.012884096318979759
test-18786,0.02276739107895374
test-18787,0.08890115724917734
test-18788,0.014663249380063723
test-18789,0.024415477045340885
test-1879,0.07274251577366436
test-18790,0.02695577323631822
test-18791,0.17778693929446174
test-18792,0.04689126967445379
test-18793,0.009861492535931158
test-18794,0.0669392073111586
test-18795,0.03609951936886364
test-18796,0.013838403614823136
test-18797,0.36372154483678587
test-18798,0.03178844703783546
test-18799,0.013620382156434737
test-188,0.006711757430658934
test-1880,0.007604774335720401
test-18800,0.07945177656606253
test-18801,0.007103459395646547
test-18802,0.0185018723366356
test-18803,0.05667112368248725
test-18804,0.12338151702177375
test-18805,0.08227449316788707
test-18806,0.2554044436003909
test-18807,0.026372372374516787
test-18808,0.045276465513011205
test-18809,0.01948421603663196
test-1881,0.05208457129373567
test-18810,0.016824402675561043
test-18811,0.030126092785546513
test-18812,0.022193962283723247
test-18813,0.025972579569973345
test-18814,0.015372129517491508
test-18815,0.01977810592037329
test-18816,0.02383539572160032
test-18817,0.13360144295452359
test-18818,0.16695447271917302
test-18819,0.13731171035429612
test-1882,0.01621939428220594
test-18820,0.03176092115164815
test-18821,0.03841053718821393
test-18822,0.170561527327402
test-18823,0.33612040257252823
test-18824,0.009984776730042668
test-18825,0.01569954802810854
test-18826,0.1543693773528168
test-18827,0.03582141848172386
test-18828,0.02618390744042015
test-18829,0.10135147787955867
test-1883,0.1695001939984404
test-18830,0.07526068996404384
test-18831,0.11602862749152244
test-18832,0.05662686744083776
test-18833,0.016435559117169395
test-18834,0.029390975492498563
test-18835,0.08124309336913033
test-18836,0.2107010042282439
test-18837,0.11942276000080296
test-18838,0.2067752895477028
test-18839,0.04315070134358664
test-1884,0.24681162683192762
test-18840,0.022469760654056273
test-18841,0.006715106077875006
test-18842,0.07278892182117214
test-18843,0.018014991991872467
test-18844,0.027393154524159174
test-18845,0.12756464018589395
test-18846,0.03442631806135778
test-18847,0.019266145932857248
test-18848,0.008656501965784148
test-18849,0.09787796055403811
test-1885,0.02303951127026093
test-18850,0.10610611166906388
test-18851,0.01841490453884205
test-18852,0.03598784573739425
test-18853,0.07305911273342602
test-18854,0.020255828184716773
test-18855,0.012665759153364386
test-18856,0.06237191427012048
test-18857,0.1348410621306308
test-18858,0.08290872674684348
test-18859,0.02812774547977176
test-1886,0.12265274016120944
test-18860,0.00881490558630503
test-18861,0.028234216051369675
test-18862,0.07013717606758778
test-18863,0.014063964566040763
test-18864,0.009836142964764188
test-18865,0.07187643527922576
test-18866,0.009217104313853903
test-18867,0.05053106596559426
test-18868,0.01641255185525874
test-18869,0.014037020071340936
test-1887,0.06958637127098054
test-18870,0.05232684344853097
test-18871,0.02364563970694299
test-18872,0.048074462191686526
test-18873,0.026618962511771316
test-18874,0.026036795833068005
test-18875,0.019350810988514135
test-18876,0.012128495265134268
test-18877,0.03544080451276304
test-18878,0.22634297173026205
test-18879,0.027759683149263
test-1888,0.3552984152826141
test-18880,0.030316439525085833
test-18881,0.010422142951386715
test-18882,0.014540154873623373
test-18883,0.25541852355787653
test-18884,0.059690428537824185
test-18885,0.14959252965654854
test-18886,0.028916441383527683
test-18887,0.08676426786931425
test-18888,0.016421400675762535
test-18889,0.14920974889138464
test-1889,0.17818127041337758
test-18890,0.01098713053397949
test-18891,0.02013555890884442
test-18892,0.13097788987197126
test-18893,0.0400213253689543
test-18894,0.10120174652824634
test-18895,0.12756464018589395
test-18896,0.012015713671625608
test-18897,0.08003083037374147
test-18898,0.021894649848557685
test-18899,0.33821040638304645
test-189,0.1888415502865083
test-1890,0.14950590733177962
test-18900,0.017213978933575576
test-18901,0.3578350841051054
test-18902,0.08363966642288058
test-18903,0.03317357571672344
test-18904,0.14347492960784716
test-18905,0.19090127094219606
test-18906,0.1538954543665039
test-18907,0.12399326469784344
test-18908,0.08048914415490417
test-18909,0.04808473283636
test-1891,0.1428204861697665
test-18910,0.010671886046033852
test-18911,0.07527094239219917
test-18912,0.11245565308415252
test-18913,0.09787796055403811
test-18914,0.031160411970340925
test-18915,0.12845220721598302
test-18916,0.16940939745412553
test-18917,0.046624752767468344
test-18918,0.020911125837000676
test-18919,0.11041277772852744
test-1892,0.07846638629136003
test-18920,0.06887436715049339
test-18921,0.2520944155446072
test-18922,0.03563965779772
test-18923,0.09750447906410654
test-18924,0.029939962074001417
test-18925,0.05654934641777071
test-18926,0.021452277228807177
test-18927,0.007712368557951876
test-18928,0.015094481526953377
test-18929,0.029242055147961188
test-1893,0.13654924892752562
test-18930,0.07184354683521023
test-18931,0.01098820940417564
test-18932,0.17645226684991447
test-18933,0.08732911349904998
test-18934,0.0770032336995195
test-18935,0.061577899304617906
test-18936,0.14660621249274897
test-18937,0.16584768044331827
test-18938,0.0074337497487647185
test-18939,0.01623362697045847
test-1894,0.02058631010357139
test-18940,0.14962539717174875
test-18941,0.028422684100626427
test-18942,0.08978040085962093
test-18943,0.013872765151069935
test-18944,0.015816189492687864
test-18945,0.1869213515024209
test-18946,0.0328779937642134
test-18947,0.023422296183981926
test-18948,0.05693909492910569
test-18949,0.06943596476805879
test-1895,0.03866021447006709
test-18950,0.36662849944850034
test-18951,0.17304689575379814
test-18952,0.023370184341685835
test-18953,0.1140873148537606
test-18954,0.1692764138641703
test-18955,0.17366555839356837
test-18956,0.027395814665024262
test-18957,0.04539049505076171
test-18958,0.02600262480203982
test-18959,0.013230610280461122
test-1896,0.2251731152885085
test-18960,0.013912243282540473
test-18961,0.09435854111353265
test-18962,0.08375705996739378
test-18963,0.23459583319697588
test-18964,0.27000667930156885
test-18965,0.027187978929417142
test-18966,0.3685302092255129
test-18967,0.09668911892070689
test-18968,0.009937227849881916
test-18969,0.022604138405951102
test-1897,0.029679316187233712
test-18970,0.05167397212613984
test-18971,0.12808666153931675
test-18972,0.020030982809638564
test-18973,0.01276231449360166
test-18974,0.014537374097224057
test-18975,0.05652636713934997
test-18976,0.0351024833238556
test-18977,0.020285862857362263
test-18978,0.01937702265690396
test-18979,0.25561895904408594
test-1898,0.26531561601619463
test-18980,0.030228792633564268
test-18981,0.0279928023704105
test-18982,0.020983810664757768
test-18983,0.11597897420329101
test-18984,0.05015468531813707
test-18985,0.08464091459622748
test-18986,0.13775918575813118
test-18987,0.010451838039113806
test-18988,0.11177002277013334
test-18989,0.017158342986719165
test-1899,0.05806433857857363
test-18990,0.02251697903593117
test-18991,0.18634117352238294
test-18992,0.012613962063757651
test-18993,0.023116403960337952
test-18994,0.04979375052851576
test-18995,0.01384686082380985
test-18996,0.02267316428318796
test-18997,0.20291558430596957
test-18998,0.05004582465705359
test-18999,0.12411669942079664
test-19,0.05608161125235809
test-190,0.11337032524776756
test-1900,0.1307706548905313
test-19000,0.01729058597311177
test-19001,0.017874276707968192
test-19002,0.16695447271917302
test-19003,0.007531646188327781
test-19004,0.026252857236220953
test-19005,0.010122973613175596
test-19006,0.030522005662146433
test-19007,0.13108904054286935
test-19008,0.031776322086618874
test-19009,0.019660600527895523
test-1901,0.2145879341766416
test-19010,0.05959779949811448
test-19011,0.016885287257782655
test-19012,0.09816954797324214
test-19013,0.33030044658688895
test-19014,0.09833182798954679
test-19015,0.031751049529724976
test-19016,0.13402009268701853
test-19017,0.011122664988923935
test-19018,0.16212705836167154
test-19019,0.02224300349558982
test-1902,0.0669392073111586
test-19020,0.009984776730042668
test-19021,0.03849385307396757
test-19022,0.12243265641665092
test-19023,0.011181475105215508
test-19024,0.04331864557328781
test-19025,0.025988823610262977
test-19026,0.15071261327754834
test-19027,0.08003083037374147
test-19028,0.026216930443764126
test-19029,0.05368058579374111
test-1903,0.1848139268287124
test-19030,0.014366919735331628
test-19031,0.028166493022801126
test-19032,0.2980932614554336
test-19033,0.01888114590909955
test-19034,0.23776349185180293
test-19035,0.03382774977598623
test-19036,0.010181931951228802
test-19037,0.19955545937433553
test-19038,0.019716708348280317
test-19039,0.16521134376415003
test-1904,0.09594184880193318
test-19040,0.05015468531813707
test-19041,0.061577899304617906
test-19042,0.01999168254868876
test-19043,0.2184213513617285
test-19044,0.14641044127092342
test-19045,0.027444447183030542
test-19046,0.0853103464573093
test-19047,0.0618665757261839
test-19048,0.014735241603912342
test-19049,0.006167785079284786
test-1905,0.014257291482573342
test-19050,0.18624378605534733
test-19051,0.09910091574784967
test-19052,0.039056486816039286
test-19053,0.041063853255502304
test-19054,0.014306002372027522
test-19055,0.3652051117671575
test-19056,0.08110413393213176
test-19057,0.14584971832814003
test-19058,0.06846249412023135
test-19059,0.021006891901688793
test-1906,0.15149923844964436
test-19060,0.023250378597369503
test-19061,0.0313577936502842
test-19062,0.02731449937514923
test-19063,0.039442817736795345
test-19064,0.0682210654707025
test-19065,0.013803322894367847
test-19066,0.059501922873155644
test-19067,0.03528363683646265
test-19068,0.029459275527599808
test-19069,0.031990789260867826
test-1907,0.028441842959605623
test-19070,0.2848744686953401
test-19071,0.35118574385274787
test-19072,0.047800862512871696
test-19073,0.05145886670514688
test-19074,0.2143812824003862
test-19075,0.11676504411716816
test-19076,0.12237061531107123
test-19077,0.05015913038791682
test-19078,0.27109431200249223
test-19079,0.08714097765207561
test-1908,0.10372740266203123
test-19080,0.1651697636452567
test-19081,0.10485864888401285
test-19082,0.26619814188786023
test-19083,0.015375682458882522
test-19084,0.03941874907551302
test-19085,0.11892335018742005
test-19086,0.008309180459622124
test-19087,0.07768351635919901
test-19088,0.01456798924451902
test-19089,0.009160252336922024
test-1909,0.1818763898903064
test-19090,0.11850508586505164
test-19091,0.21866945604055088
test-19092,0.1365705753058841
test-19093,0.24528607705473354
test-19094,0.020002273678787288
test-19095,0.03177865918483806
test-19096,0.011606674389271435
test-19097,0.11678223573041227
test-19098,0.020043261746926173
test-19099,0.3727940172974186
test-191,0.06822418315527858
test-1910,0.11344968964420314
test-19100,0.018342455548074895
test-19101,0.031075000458707286
test-19102,0.016777291833925886
test-19103,0.07296845064472589
test-19104,0.10261551274109752
test-19105,0.08293308409957141
test-19106,0.11997867569101148
test-19107,0.015336793199178784
test-19108,0.05849542928708646
test-19109,0.02252923146976596
test-1911,0.10851465814565946
test-19110,0.02126752463466104
test-19111,0.36336236004260664
test-19112,0.11441565976150697
test-19113,0.2932563605476191
test-19114,0.04321279326817021
test-19115,0.005583107526398765
test-19116,0.020693510178054677
test-19117,0.02046323567396794
test-19118,0.1390298489430102
test-19119,0.012605556303519954
test-1912,0.050322795616216096
test-19120,0.07547255319915294
test-19121,0.005477432151255044
test-19122,0.1343615642631157
test-19123,0.017658083363345022
test-19124,0.2265165000120242
test-19125,0.0669392073111586
test-19126,0.11424728805844249
test-19127,0.028495551841370946
test-19128,0.2044230024254458
test-19129,0.18703219665321794
test-1913,0.07748608357825398
test-19130,0.02806574573639831
test-19131,0.21242667328211093
test-19132,0.015859972816385424
test-19133,0.0943832823388993
test-19134,0.22539721063485973
test-19135,0.09968998132675379
test-19136,0.16695447271917302
test-19137,0.04092351090719939
test-19138,0.042990372570604424
test-19139,0.011773696176629458
test-1914,0.017009029700784092
test-19140,0.005926453692019649
test-19141,0.013781271810112905
test-19142,0.1754470196754547
test-19143,0.27172557785396423
test-19144,0.10024148795632451
test-19145,0.012585480336651678
test-19146,0.019550877401299748
test-19147,0.011296489282051196
test-19148,0.20152267967302295
test-19149,0.11709343371842393
test-1915,0.10960854398544213
test-19150,0.012575880662783857
test-19151,0.06613128233036399
test-19152,0.04375450887599499
test-19153,0.12632083784902395
test-19154,0.03228585713900341
test-19155,0.008199218497079946
test-19156,0.20409189874492037
test-19157,0.01691302223511299
test-19158,0.14037199513843154
test-19159,0.006617910104504253
test-1916,0.08708646212981042
test-19160,0.034809374252283885
test-19161,0.008937301196708346
test-19162,0.1432572030352803
test-19163,0.037160241617405526
test-19164,0.3591967539993856
test-19165,0.11822745674334795
test-19166,0.16154721408222575
test-19167,0.05775710842504294
test-19168,0.18951631437423627
test-19169,0.02282086111544683
test-1917,0.14723851448149955
test-19170,0.013739890849273649
test-19171,0.2255233688766979
test-19172,0.055227084802865214
test-19173,0.0637474887656828
test-19174,0.02610507404214457
test-19175,0.1163738202781714
test-19176,0.11497564206258729
test-19177,0.21571933811267935
test-19178,0.11979385421739372
test-19179,0.28658852668192814
test-1918,0.03297931568113537
test-19180,0.4045793646966815
test-19181,0.022435509110157334
test-19182,0.2510564490454064
test-19183,0.12349806911861733
test-19184,0.028234216051369675
test-19185,0.051449165552876965
test-19186,0.06183208280215057
test-19187,0.040047541897283656
test-19188,0.15194828415443518
test-19189,0.04113714465025699
test-1919,0.34401766224737756
test-19190,0.02912335805474075
test-19191,0.017577610192661353
test-19192,0.2530220561881601
test-19193,0.2861105927733099
test-19194,0.14341590628354015
test-19195,0.030156631428711483
test-19196,0.09967505524039096
test-19197,0.01902277842625847
test-19198,0.11693320745253606
test-19199,0.13827419445988767
test-192,0.015392593390834135
test-1920,0.16466872328676446
test-19200,0.02095753738498804
test-19201,0.10481859758928998
test-19202,0.03993847469884197
test-19203,0.059248300078061
test-19204,0.1299318130293085
test-19205,0.28088604318235494
test-19206,0.04912678454112378
test-19207,0.13775918575813118
test-19208,0.01753090719644887
test-19209,0.03500047458698878
test-1921,0.027660526101292035
test-19210,0.015899109894694684
test-19211,0.01276309473295674
test-19212,0.30902669917001296
test-19213,0.18256646866012358
test-19214,0.015891094810214317
test-19215,0.014373814663533477
test-19216,0.15776183641264024
test-19217,0.03702711148776044
test-19218,0.013490555960436322
test-19219,0.040131615095774294
test-1922,0.011712700157931915
test-19220,0.029475546925795373
test-19221,0.011990022075493118
test-19222,0.026635325230321194
test-19223,0.13544401263892164
test-19224,0.013754709513089079
test-19225,0.07723480774194884
test-19226,0.016020232182825667
test-19227,0.01968365568726533
test-19228,0.3422152664599287
test-19229,0.04371739997126556
test-1923,0.0853951524169083
test-19230,0.008445558105908949
test-19231,0.01980333984429293
test-19232,0.06435013792077915
test-19233,0.037337686099341516
test-19234,0.25648658704184035
test-19235,0.04815304499224502
test-19236,0.18948579702949256
test-19237,0.0806848965515168
test-19238,0.07614420790344179
test-19239,0.27633237258444093
test-1924,0.007550253552653452
test-19240,0.19955545937433553
test-19241,0.2997274872966193
test-19242,0.12645814386250162
test-19243,0.010695806954700172
test-19244,0.10784298629842366
test-19245,0.017533523634030237
test-19246,0.008388208376682192
test-19247,0.00925803662767432
test-19248,0.04671051491614537
test-19249,0.29612229411777263
test-1925,0.09860381645007209
test-19250,0.05042553661592451
test-19251,0.020924843179568938
test-19252,0.22887859674475458
test-19253,0.01852940306294187
test-19254,0.11512351736983528
test-19255,0.14865992126850122
test-19256,0.11173673153450091
test-19257,0.04417128385825714
test-19258,0.031157957305782604
test-19259,0.026340938001012816
test-1926,0.042368716657636106
test-19260,0.15934970412918695
test-19261,0.03382755731277349
test-19262,0.014773635711638936
test-19263,0.04943442929978824
test-19264,0.09165333001199436
test-19265,0.09787796055403811
test-19266,0.02715081174475482
test-19267,0.0887927505562578
test-19268,0.022521970485054672
test-19269,0.0581424212906135
test-1927,0.06931887999971359
test-19270,0.03420273674371125
test-19271,0.011442219399349564
test-19272,0.028670803107570437
test-19273,0.00838841777731843
test-19274,0.0861915504119661
test-19275,0.1404555463692965
test-19276,0.05015468531813707
test-19277,0.01828893670421664
test-19278,0.13005220380423216
test-19279,0.010402055798354513
test-1928,0.17432022857427207
test-19280,0.13078252592043085
test-19281,0.10455806784240827
test-19282,0.022100380417456367
test-19283,0.1959633786174435
test-19284,0.014902566663166911
test-19285,0.04651299328020776
test-19286,0.030762682052362794
test-19287,0.010622921662305067
test-19288,0.03293584886958283
test-19289,0.1275867833384221
test-1929,0.09442793442436977
test-19290,0.015416837348957152
test-19291,0.16466872328676446
test-19292,0.020192620459502774
test-19293,0.3084101490930443
test-19294,0.29766466898683636
test-19295,0.018324053343805772
test-19296,0.0282569362081705
test-19297,0.08473483305780027
test-19298,0.010918335201384076
test-19299,0.053333529261914904
test-193,0.16865673940657414
test-1930,0.2146171019179258
test-19300,0.012131631069434413
test-19301,0.0902422755812636
test-19302,0.1678965241837395
test-19303,0.03305974795013575
test-19304,0.0148357810369734
test-19305,0.04514393017916832
test-19306,0.031751550247256066
test-19307,0.016046043577317155
test-19308,0.015638898175379095
test-19309,0.04444103520050826
test-1931,0.05487776745599645
test-19310,0.028829399163110208
test-19311,0.012188035328161002
test-19312,0.013691643498537498
test-19313,0.04352768168016611
test-19314,0.03524914046913111
test-19315,0.04058349903794907
test-19316,0.07855058355343708
test-19317,0.01299072470152163
test-19318,0.3118696175210852
test-19319,0.20931845106033048
test-1932,0.021864046447133457
test-19320,0.1382636031342679
test-19321,0.31674097691309655
test-19322,0.07275867408033514
test-19323,0.0327234246623359
test-19324,0.05948539271495662
test-19325,0.019767392158513353
test-19326,0.029807746122729666
test-19327,0.06300329540217069
test-19328,0.3004590016412367
test-19329,0.012177299078459262
test-1933,0.08892582482768477
test-19330,0.1484067810474929
test-19331,0.03761153845909182
test-19332,0.08129691479558915
test-19333,0.00973740190780901
test-19334,0.24346627788242126
test-19335,0.2576829323901456
test-19336,0.04688163618239434
test-19337,0.07403111488183932
test-19338,0.030763003505376998
test-19339,0.09507627697535487
test-1934,0.011770027639539264
test-19340,0.3069323242806876
test-19341,0.041941968493406645
test-19342,0.16022644647120152
test-19343,0.25195250040522305
test-19344,0.30913755417219235
test-19345,0.1105665911451717
test-19346,0.03138885779256091
test-19347,0.18776120312224134
test-19348,0.026761189895890512
test-19349,0.015749443193078798
test-1935,0.013454727695102498
test-19350,0.15944602323566764
test-19351,0.08003083037374147
test-19352,0.1623440810455767
test-19353,0.026184245297973915
test-19354,0.023144903226897075
test-19355,0.012138647860096222
test-19356,0.33656004753656726
test-19357,0.027920339219904687
test-19358,0.021495209924469565
test-19359,0.07170229940008963
test-1936,0.022265740725798833
test-19360,0.0217110849631771
test-19361,0.21802309387789653
test-19362,0.03971734957500348
test-19363,0.043500342971003456
test-19364,0.008021407498808069
test-19365,0.16368367357544486
test-19366,0.01058364938074899
test-19367,0.016296045080053438
test-19368,0.30048950644064487
test-19369,0.24585770600759468
test-1937,0.14339612261291299
test-19370,0.01607056468034948
test-19371,0.1479371345229615
test-19372,0.03279096220928461
test-19373,0.29963814978759706
test-19374,0.008494847529385497
test-19375,0.15394809073127066
test-19376,0.09120915991957752
test-19377,0.019491942684182098
test-19378,0.01634476151678236
test-19379,0.09207145091857454
test-1938,0.31031435814079444
test-19380,0.022821726121105775
test-19381,0.018536726442466213
test-19382,0.27479919861604346
test-19383,0.036231086351885496
test-19384,0.1451628949101586
test-19385,0.024039659086970963
test-19386,0.3203868204994877
test-19387,0.026394482164366663
test-19388,0.09787796055403811
test-19389,0.20375945124330658
test-1939,0.20057536831663184
test-19390,0.03854341605010985
test-19391,0.1815221982795887
test-19392,0.01617223722163442
test-19393,0.1874862335038975
test-19394,0.09433066292739573
test-19395,0.03514374149225594
test-19396,0.01627412247830675
test-19397,0.04906984181357477
test-19398,0.008888808765479215
test-19399,0.3147502131079928
test-194,0.16633041014394281
test-1940,0.019153119132206273
test-19400,0.025816412612850833
test-19401,0.19424797998632773
test-19402,0.006151111407350198
test-19403,0.09787796055403811
test-19404,0.022211469405128123
test-19405,0.017566646780664056
test-19406,0.012435574012282092
test-19407,0.08890115724917734
test-19408,0.017510749000099624
test-19409,0.1413537953878691
test-1941,0.05202860218784114
test-19410,0.22023843535526094
test-19411,0.017607304687171303
test-19412,0.08813271437193179
test-19413,0.022955966846952537
test-19414,0.07927819757307208
test-19415,0.20076579714671464
test-19416,0.10748523909450115
test-19417,0.01027009339794965
test-19418,0.046503162727843904
test-19419,0.06908076680649329
test-1942,0.30900093446633964
test-19420,0.11488921264835629
test-19421,0.06874260841749766
test-19422,0.01210533349608702
test-19423,0.044864257069941786
test-19424,0.043091831567275925
test-19425,0.011465152755054046
test-19426,0.13328584535902507
test-19427,0.16695447271917302
test-19428,0.1527919355446522
test-19429,0.033767770849542925
test-1943,0.017397328479748415
test-19430,0.08153168488552605
test-19431,0.07838433693400526
test-19432,0.016435295258697732
test-19433,0.049422127239145665
test-19434,0.10773088079299176
test-19435,0.19830800493482445
test-19436,0.016175125312064345
test-19437,0.11526844423998438
test-19438,0.01323157710039335
test-19439,0.09787796055403811
test-1944,0.0714081203184053
test-19440,0.008265872058326131
test-19441,0.039590468547254995
test-19442,0.0065897629684095295
test-19443,0.021998963279480296
test-19444,0.019145128178234633
test-19445,0.028596827441284518
test-19446,0.10485864888401285
test-19447,0.024989864675868497
test-19448,0.30336003215595847
test-19449,0.022162225213331423
test-1945,0.034904968320663164
test-19450,0.11992160138058089
test-19451,0.029456392301712313
test-19452,0.013659514988185578
test-19453,0.2097282955517113
test-19454,0.06108085344638038
test-19455,0.01974490866417104
test-19456,0.31699788978884863
test-19457,0.03590778900422261
test-19458,0.07518542409156796
test-19459,0.019980996714410813
test-1946,0.09928092680838305
test-19460,0.03562095255697073
test-19461,0.08794314529722225
test-19462,0.025934935396377114
test-19463,0.12354060991505524
test-19464,0.04371739997126556
test-19465,0.01785577451021296
test-19466,0.05412348822647536
test-19467,0.040686887292743314
test-19468,0.014480572420051926
test-19469,0.0293960814151368
test-1947,0.010353579288356469
test-19470,0.02972069225651906
test-19471,0.022542486318744843
test-19472,0.09299334550036202
test-19473,0.011661747430504594
test-19474,0.058194111471745046
test-19475,0.02376762326804837
test-19476,0.012355565107439103
test-19477,0.19192725081915993
test-19478,0.10135147787955867
test-19479,0.09099868862430309
test-1948,0.05159443185994741
test-19480,0.2052054129852838
test-19481,0.007865361963368733
test-19482,0.18604030943821942
test-19483,0.017646326756629013
test-19484,0.042115439041863476
test-19485,0.03428316841415857
test-19486,0.029145830626747714
test-19487,0.04555649008244323
test-19488,0.13844485831116107
test-19489,0.012784001229000197
test-1949,0.17976198740147653
test-19490,0.025595470291920892
test-19491,0.015748238061848704
test-19492,0.08725714365503714
test-19493,0.09778777286618656
test-19494,0.02344747729963121
test-19495,0.02669190366696835
test-19496,0.1621366181589511
test-19497,0.19840882095509682
test-19498,0.08241402102067946
test-19499,0.029647123450164164
test-195,0.05431491826504232
test-1950,0.1571924770785609
test-19500,0.12663596937894922
test-19501,0.04552573604628168
test-19502,0.014406211095714992
test-19503,0.21918413631800254
test-19504,0.0669392073111586
test-19505,0.04833291299102548
test-19506,0.0762064604430761
test-19507,0.016980630726915493
test-19508,0.19829554136274313
test-19509,0.007540082382081605
test-1951,0.01789535188041588
test-19510,0.3639227039245626
test-19511,0.014721601689515728
test-19512,0.025168680975561644
test-19513,0.02452995791317078
test-19514,0.15333836835698267
test-19515,0.11791581059502194
test-19516,0.036592687707977335
test-19517,0.027257629052384005
test-19518,0.025808495859787034
test-19519,0.05850319094739505
test-1952,0.0339779639574881
test-19520,0.013308423321682266
test-19521,0.041326883664654125
test-19522,0.03294986903259245
test-19523,0.061196128969534296
test-19524,0.029938427210117434
test-19525,0.27630856954428795
test-19526,0.023422296183981926
test-19527,0.18513744061323184
test-19528,0.029729727213223808
test-19529,0.08417209913436993
test-1953,0.005839042069896814
test-19530,0.12203918191496381
test-19531,0.012163423718624555
test-19532,0.010420370762919396
test-19533,0.08003083037374147
test-19534,0.2692363990246961
test-19535,0.00885648901840985
test-19536,0.04875336001907866
test-19537,0.052706336162920205
test-19538,0.33527117669315787
test-19539,0.11336670572184308
test-1954,0.008489667824815639
test-19540,0.19870948546945486
test-19541,0.023007980864477886
test-19542,0.012059379896954355
test-19543,0.027483407441062386
test-19544,0.01969106180942527
test-19545,0.17746369077765636
test-19546,0.08003083037374147
test-19547,0.041140205653771855
test-19548,0.07300415700059695
test-19549,0.047624240651022276
test-1955,0.22576431506536535
test-19550,0.020747737060511237
test-19551,0.07005793692647037
test-19552,0.027076358193043645
test-19553,0.010033785748775769
test-19554,0.04091918355888768
test-19555,0.14718418587837692
test-19556,0.07210047317783834
test-19557,0.18418539639569032
test-19558,0.06803412447426488
test-19559,0.06573651816354549
test-1956,0.1233867318656605
test-19560,0.029751888064372112
test-19561,0.021531616429313127
test-19562,0.04297619814506579
test-19563,0.023969602419248618
test-19564,0.29412316058065585
test-19565,0.07736971131561239
test-19566,0.09526894575580634
test-19567,0.031004640176686412
test-19568,0.16800066241006223
test-19569,0.0073266309172787935
test-1957,0.019926360643451737
test-19570,0.17375749531880502
test-19571,0.006754485660079913
test-19572,0.2713604890553211
test-19573,0.020846516394319916
test-19574,0.014487520644774283
test-19575,0.017942486494494585
test-19576,0.09960765552407641
test-19577,0.018472063347059205
test-19578,0.15148517320871854
test-19579,0.29173382660954567
test-1958,0.3910373339772955
test-19580,0.00813769998573946
test-19581,0.047773382300678534
test-19582,0.011942102509070482
test-19583,0.06166181926745395
test-19584,0.13005729847623249
test-19585,0.058290983830855715
test-19586,0.028688528257085105
test-19587,0.06989770508096504
test-19588,0.011522657832699228
test-19589,0.009316892530517578
test-1959,0.0076773893322511855
test-19590,0.007471358813271285
test-19591,0.09985649801372733
test-19592,0.008717291156187263
test-19593,0.01941713213598646
test-19594,0.049295147855759176
test-19595,0.022960412188838205
test-19596,0.061577899304617906
test-19597,0.04019935806004712
test-19598,0.14471983471553093
test-19599,0.11292759623639648
test-196,0.29860560346843
test-1960,0.07896917855603469
test-19600,0.040575361925333425
test-19601,0.032495146362451766
test-19602,0.017503348817284443
test-19603,0.027062291842697137
test-19604,0.03891850302977172
test-19605,0.014085049136719215
test-19606,0.021757793991181367
test-19607,0.013025679954132079
test-19608,0.010787484739184436
test-19609,0.01129796531464506
test-1961,0.009057226718431542
test-19610,0.010109821051698845
test-19611,0.019475263544177532
test-19612,0.14045666954397498
test-19613,0.053666188758641986
test-19614,0.08046310382999218
test-19615,0.016610447347901878
test-19616,0.014606832165642208
test-19617,0.0649471466861371
test-19618,0.22602310326637046
test-19619,0.06390585972311909
test-1962,0.07765548192385864
test-19620,0.05950017199337657
test-19621,0.043044989861338756
test-19622,0.01728666985231074
test-19623,0.16695447271917302
test-19624,0.27061542430377356
test-19625,0.05599438898973098
test-19626,0.06663122696760175
test-19627,0.05015468531813707
test-19628,0.01826250832675391
test-19629,0.15505988318238534
test-1963,0.20122534075584358
test-19630,0.20239904591060112
test-19631,0.05749208436275971
test-19632,0.07802819961977205
test-19633,0.3183865946972161
test-19634,0.023702864686809762
test-19635,0.09787796055403811
test-19636,0.12249586273035028
test-19637,0.11820446474398516
test-19638,0.04695699438857757
test-19639,0.1838472419215595
test-1964,0.1322080931174775
test-19640,0.028558659080222846
test-19641,0.011712700157931915
test-19642,0.13584648180255504
test-19643,0.007932789123915648
test-19644,0.04744836284985823
test-19645,0.10701043759546598
test-19646,0.09787796055403811
test-19647,0.13584648180255504
test-19648,0.3087673132460501
test-19649,0.013128016618263369
test-1965,0.023996499154891167
test-19650,0.1341526477531666
test-19651,0.013569307890781137
test-19652,0.08661128354520885
test-19653,0.0309490191375103
test-19654,0.011885182179893749
test-19655,0.024070203358695853
test-19656,0.1540706721050466
test-19657,0.338951880880182
test-19658,0.021042058785937758
test-19659,0.33775318534875665
test-1966,0.00893977378514144
test-19660,0.009474926250822418
test-19661,0.0105448410564779
test-19662,0.020192620459502774
test-19663,0.3527029244419543
test-19664,0.06915160817847961
test-19665,0.1576573201868838
test-19666,0.25121184318481943
test-19667,0.14834640451620923
test-19668,0.1041211362922724
test-19669,0.011005744607026205
test-1967,0.015420538890360592
test-19670,0.028065652495951457
test-19671,0.022733989719179132
test-19672,0.017424535963517177
test-19673,0.02510496719577298
test-19674,0.0669392073111586
test-19675,0.2651197345118816
test-19676,0.021487064915886877
test-19677,0.22446740420326214
test-19678,0.0903763096715039
test-19679,0.026216930443764126
test-1968,0.41632781481013637
test-19680,0.007110102019772731
test-19681,0.18592608763704122
test-19682,0.008100959295236845
test-19683,0.03257690359271071
test-19684,0.010518943828625194
test-19685,0.009056436721342622
test-19686,0.037067608138770934
test-19687,0.009852807965425068
test-19688,0.08469207989574525
test-19689,0.15241633641152563
test-1969,0.055329116942803604
test-19690,0.06672678500258061
test-19691,0.07785674419979662
test-19692,0.19736140487234602
test-19693,0.03651751482718425
test-19694,0.016483752816318382
test-19695,0.04423238390075215
test-19696,0.05036158973448514
test-19697,0.0809901682768889
test-19698,0.011398233742363878
test-19699,0.03403254564709647
test-197,0.06430786511432514
test-1970,0.020550202875164666
test-19700,0.032533557023969685
test-19701,0.0785436605049553
test-19702,0.013688717586935266
test-19703,0.0906470850138822
test-19704,0.021377771108325384
test-19705,0.015372129517491508
test-19706,0.016815274608296297
test-19707,0.06528925158590983
test-19708,0.024888048390857537
test-19709,0.010090592288017572
test-1971,0.27547427218929865
test-19710,0.05934632911081674
test-19711,0.01028548168982005
test-19712,0.026424429060477466
test-19713,0.09667794101624226
test-19714,0.029783991064784757
test-19715,0.009524522051329106
test-19716,0.04906984181357477
test-19717,0.024028107847747702
test-19718,0.18599455144120466
test-19719,0.1585963133700143
test-1972,0.029047397791871855
test-19720,0.07499110790757416
test-19721,0.007376546900973764
test-19722,0.023218272922173117
test-19723,0.12456179376616706
test-19724,0.0701698961183138
test-19725,0.010929655449751455
test-19726,0.009799314179063528
test-19727,0.33217891813213607
test-19728,0.05248585846980774
test-19729,0.028555122743145207
test-1973,0.40935578186264315
test-19730,0.2641626375374591
test-19731,0.14790140224349368
test-19732,0.07161408484307406
test-19733,0.14834290700510788
test-19734,0.13339993570886693
test-19735,0.009154938317533024
test-19736,0.1475647809860948
test-19737,0.06599891615541364
test-19738,0.23898071621402672
test-19739,0.05108558632509076
test-1974,0.38027454785746345
test-19740,0.00991806474110136
test-19741,0.026216930443764126
test-19742,0.0888687870523802
test-19743,0.09860381645007209
test-19744,0.03886510580376667
test-19745,0.01735473840412422
test-19746,0.033584882621283556
test-19747,0.0776604064334197
test-19748,0.013459362729502192
test-19749,0.025866953363123658
test-1975,0.02045399236619776
test-19750,0.2585386406548888
test-19751,0.02323288595281765
test-19752,0.029360535570920426
test-19753,0.023390037043262327
test-19754,0.009398479725104448
test-19755,0.08597891073128237
test-19756,0.27162887267547664
test-19757,0.009397861561913998
test-19758,0.0669392073111586
test-19759,0.09435854111353265
test-1976,0.20486087321188035
test-19760,0.1498790469677485
test-19761,0.12032099860117376
test-19762,0.48173999273819734
test-19763,0.21744395856122567
test-19764,0.00600426604124504
test-19765,0.016310385508008365
test-19766,0.08998021889223844
test-19767,0.015675298388718815
test-19768,0.23921760259942376
test-19769,0.021737546264967888
test-1977,0.2817971605803662
test-19770,0.03808926221621729
test-19771,0.03404556674739014
test-19772,0.021283189182029098
test-19773,0.03336678828208712
test-19774,0.03441418080332251
test-19775,0.15989495755601776
test-19776,0.046570096130353615
test-19777,0.1256232156207348
test-19778,0.017170494742609906
test-19779,0.06009728277075437
test-1978,0.1412392513966518
test-19780,0.2520944155446072
test-19781,0.10275190270924739
test-19782,0.0669392073111586
test-19783,0.006934284108562319
test-19784,0.33484542319042376
test-19785,0.013110190746634106
test-19786,0.12480404419453504
test-19787,0.03724178281485822
test-19788,0.020035766073174692
test-19789,0.039335494013887355
test-1979,0.24479169536256076
test-19790,0.026713063293586
test-19791,0.08825557869745343
test-19792,0.06946387106527678
test-19793,0.007224098792653896
test-19794,0.15925799482912756
test-19795,0.27482122054587416
test-19796,0.11801385312885203
test-19797,0.0844264613273772
test-19798,0.055825340198866695
test-19799,0.06390585972311909
test-198,0.013016551670281247
test-1980,0.02861979525321291
test-19800,0.06983136155849988
test-19801,0.04750716366796516
test-19802,0.0168017338982862
test-19803,0.29871570998696156
test-19804,0.02184070392216544
test-19805,0.03667886671461944
test-19806,0.09787796055403811
test-19807,0.3142061241447184
test-19808,0.11083597705567148
test-19809,0.018116700240703176
test-1981,0.20875932129716152
test-19810,0.015092024658918804
test-19811,0.031233384809993606
test-19812,0.010083085105058637
test-19813,0.036985456957825805
test-19814,0.011219217637184234
test-19815,0.175958062740093
test-19816,0.020737986608192364
test-19817,0.04475351461529831
test-19818,0.026186447836288845
test-19819,0.019217890691170136
test-1982,0.011287942094865945
test-19820,0.010462456525650182
test-19821,0.04953858611954152
test-19822,0.10492240006553417
test-19823,0.28126866006646606
test-19824,0.01454118086431994
test-19825,0.016408941990285343
test-19826,0.039995527550967004
test-19827,0.008254652051318092
test-19828,0.012645539184194369
test-19829,0.07355096727874685
test-1983,0.23626472356278477
test-19830,0.059501922873155644
test-19831,0.0725473944360153
test-19832,0.06398427133523536
test-19833,0.08319267884295102
test-19834,0.08003083037374147
test-19835,0.13603615052568313
test-19836,0.016853598286197955
test-19837,0.14803251656940444
test-19838,0.06169783014849053
test-19839,0.02152744587549404
test-1984,0.02666421990383027
test-19840,0.20279338399168748
test-19841,0.014297569490667475
test-19842,0.04475351461529831
test-19843,0.009519720213752463
test-19844,0.0198831746110147
test-19845,0.007418940780214101
test-19846,0.04973803027372902
test-19847,0.21072815418549992
test-19848,0.17307833428725825
test-19849,0.026201688740268292
test-1985,0.03852438497598897
test-19850,0.19450856604872882
test-19851,0.16277528725854978
test-19852,0.10051442336324003
test-19853,0.009766846635581652
test-19854,0.009522228651113173
test-19855,0.010591096431911182
test-19856,0.013095478014685639
test-19857,0.1285561753227462
test-19858,0.20496519236543354
test-19859,0.2095335485302187
test-1986,0.014884226396272
test-19860,0.15728479101698584
test-19861,0.028262881014631366
test-19862,0.13301976393713436
test-19863,0.2441815465734635
test-19864,0.012828411382622994
test-19865,0.009338596158964556
test-19866,0.01406583863441939
test-19867,0.010576097592789394
test-19868,0.018415530052612088
test-19869,0.03980355864012206
test-1987,0.2677074968192157
test-19870,0.11298279861601956
test-19871,0.02236510515530074
test-19872,0.048654534275288853
test-19873,0.026682112298197887
test-19874,0.01909098000130147
test-19875,0.026355638415697283
test-19876,0.15547430305784424
test-19877,0.12819412947753134
test-19878,0.07519284259096537
test-19879,0.03766259752781574
test-1988,0.1393186070413109
test-19880,0.08096110748823805
test-19881,0.011048626247993416
test-19882,0.012807984788320508
test-19883,0.02061689692456837
test-19884,0.025529368761696102
test-19885,0.0314425268840178
test-19886,0.04315587774234556
test-19887,0.0783716193953876
test-19888,0.10893213999898937
test-19889,0.19339756734002786
test-1989,0.012424336808333953
test-19890,0.014097679648854004
test-19891,0.029898820979739373
test-19892,0.008321276698211005
test-19893,0.036365204922598184
test-19894,0.16948764875643343
test-19895,0.046613177022940204
test-19896,0.016056061891928687
test-19897,0.019484012916139406
test-19898,0.04165640150239454
test-19899,0.01552981526534799
test-199,0.205327345152597
test-1990,0.08890115724917734
test-19900,0.007202468589375964
test-19901,0.014970466650461957
test-19902,0.330777390983337
test-19903,0.02652067637209063
test-19904,0.035898536446380226
test-19905,0.14422724061429212
test-19906,0.05343391714192754
test-19907,0.010019288567208913
test-19908,0.009397093497874971
test-19909,0.1067354750721197
test-1991,0.37964382709700545
test-19910,0.022728405504776217
test-19911,0.2511438305573274
test-19912,0.013129901967630201
test-19913,0.07308065114545671
test-19914,0.0643654486464588
test-19915,0.0836160361599026
test-19916,0.032377098492821936
test-19917,0.09877414759121536
test-19918,0.026091238054099172
test-19919,0.1657637316769868
test-1992,0.01418727481765701
test-19920,0.08318470054355681
test-19921,0.02709772983191023
test-19922,0.02748475698027829
test-19923,0.0260774645422543
test-19924,0.1814098253250199
test-19925,0.03870241970358997
test-19926,0.09985649801372733
test-19927,0.03558774829826026
test-19928,0.012222348038296431
test-19929,0.03996411094156289
test-1993,0.02249105262913996
test-19930,0.02957350601923839
test-19931,0.21473942637527466
test-19932,0.0421381341692243
test-19933,0.014505795436543565
test-19934,0.015858081301661726
test-19935,0.29982980092562284
test-19936,0.31380257983712506
test-19937,0.055579758761805875
test-19938,0.007153314248812217
test-19939,0.1997903522570907
test-1994,0.00942565019949072
test-19940,0.015673378212842228
test-19941,0.018243849836573626
test-19942,0.389606039667169
test-19943,0.0765176442062777
test-19944,0.039387657513486815
test-19945,0.01252469958579201
test-19946,0.013124555223459074
test-19947,0.2404347911092292
test-19948,0.04049860151896432
test-19949,0.1967606803987286
test-1995,0.01227214561737359
test-19950,0.07720861884124647
test-19951,0.07799433853261355
test-19952,0.0182033839145655
test-19953,0.006199287059151502
test-19954,0.024009727539656835
test-19955,0.12654342528268078
test-19956,0.026629161779830143
test-19957,0.008940824532284513
test-19958,0.0141990066872304
test-19959,0.24524490890282866
test-1996,0.1377979397837487
test-19960,0.015377329070899873
test-19961,0.13584648180255504
test-19962,0.022474317152133064
test-19963,0.0334642355592805
test-19964,0.04504178569221454
test-19965,0.08779253419823756
test-19966,0.3308238123726813
test-19967,0.16645558683901518
test-19968,0.022793413152147543
test-19969,0.013295972925885365
test-1997,0.01580155740679337
test-19970,0.017808423708689212
test-19971,0.028927218593552274
test-19972,0.010718529936196073
test-19973,0.28841923502578787
test-19974,0.024939339559351122
test-19975,0.05863133524502234
test-19976,0.23453082472099898
test-19977,0.02208924041522803
test-19978,0.1445444217818064
test-19979,0.0360891824915585
test-1998,0.0071238180942800305
test-19980,0.021692614556176434
test-19981,0.09125683105628193
test-19982,0.03562798081380685
test-19983,0.07736971131561239
test-19984,0.16305848764064793
test-19985,0.14562613341793942
test-19986,0.0897379203856271
test-19987,0.13035538654100154
test-19988,0.0219823986685517
test-19989,0.012039130301827506
test-1999,0.007644005828657203
test-19990,0.05003697088968722
test-19991,0.13567229027363817
test-19992,0.010929546068432149
test-19993,0.024853626616058798
test-19994,0.22857261785064928
test-19995,0.008891959444360649
test-19996,0.012090475270863188
test-19997,0.031428734956057025
test-19998,0.04145569555835965
test-19999,0.13385545384521214
test-2,0.07896917855603469
test-20,0.04782812181748887
test-200,0.2057585640366197
test-2000,0.018129909838664107
test-20000,0.04149800164563631
test-20001,0.17300302903775727
test-20002,0.02235977439048379
test-20003,0.026498621322024657
test-20004,0.17248358814361184
test-20005,0.1398735821757816
test-20006,0.14576130222417877
test-20007,0.013555489661886133
test-20008,0.11109540874157045
test-20009,0.017117645544883035
test-2001,0.02607378265948237
test-20010,0.11430352231219558
test-20011,0.02701388932010059
test-20012,0.01840991857217198
test-20013,0.0392723586569996
test-20014,0.043000199376172665
test-20015,0.10594529741029539
test-20016,0.0065691280593184785
test-20017,0.02457199166448621
test-20018,0.05950017199337657
test-20019,0.008074057259642763
test-2002,0.08003083037374147
test-20020,0.3267316099443742
test-20021,0.007396298036529954
test-20022,0.16695447271917302
test-20023,0.08499753890218277
test-20024,0.023579605527762636
test-20025,0.04002990845528347
test-20026,0.12154458801943852
test-20027,0.007863580652676984
test-20028,0.01895865373483777
test-20029,0.006099333654331814
test-2003,0.16717837040668707
test-20030,0.19256037295432074
test-20031,0.028413331150701045
test-20032,0.029486908228775678
test-20033,0.03390869020343551
test-20034,0.21663005549954117
test-20035,0.027471521470755177
test-20036,0.007677989912188308
test-20037,0.023365772919033252
test-20038,0.012317789354340367
test-20039,0.016208379475141498
test-2004,0.012636689440497704
test-20040,0.016737468180617693
test-20041,0.03041128957941815
test-20042,0.2439580406805054
test-20043,0.02663298210448609
test-20044,0.011705591396413896
test-20045,0.04989088682213107
test-20046,0.03147869133161476
test-20047,0.009482041607568183
test-20048,0.12614733927264457
test-20049,0.08003083037374147
test-2005,0.03373746270929225
test-20050,0.3711757885805526
test-20051,0.00929143194334103
test-20052,0.20744355425642064
test-20053,0.02744311806396208
test-20054,0.19293295236761515
test-20055,0.015938798682244987
test-20056,0.03564926558189392
test-20057,0.014423842832422913
test-20058,0.1572640784293017
test-20059,0.18208807793386791
test-2006,0.006222866890426569
test-20060,0.008416308877064734
test-20061,0.1498790469677485
test-20062,0.01704406174309421
test-20063,0.21882603905208772
test-20064,0.33754593629652924
test-20065,0.02200766459810519
test-20066,0.02550628903602219
test-20067,0.03849385307396757
test-20068,0.05593462366368904
test-20069,0.020300880252811123
test-2007,0.2086749997624978
test-20070,0.3437115907197626
test-20071,0.025900544852513304
test-20072,0.11083347298143026
test-20073,0.02231931604057267
test-20074,0.017038157755129606
test-20075,0.12106253810091394
test-20076,0.048499214629800946
test-20077,0.17456447610600298
test-20078,0.00990653829380258
test-20079,0.12954064052101308
test-2008,0.01823975191496349
test-20080,0.0669392073111586
test-20081,0.043321058827667513
test-20082,0.03116235177387527
test-20083,0.2841424532080159
test-20084,0.24894281450267913
test-20085,0.007540409157914677
test-20086,0.04565472057002901
test-20087,0.26954507424562274
test-20088,0.12750272698604148
test-20089,0.007592820714681313
test-2009,0.059263642586316605
test-20090,0.0787718604191346
test-20091,0.05608161125235809
test-20092,0.25387204455155366
test-20093,0.24968082286374818
test-20094,0.12231232103970818
test-20095,0.027368497463126477
test-20096,0.06709418361029962
test-20097,0.1623440810455767
test-20098,0.014323885124193412
test-20099,0.09787796055403811
test-201,0.10631717221498072
test-2010,0.1922155055273546
test-20100,0.27189390352447507
test-20101,0.07815718885662853
test-20102,0.00756434198678941
test-20103,0.07708313394288972
test-20104,0.02460394760143735
test-20105,0.04802580755034262
test-20106,0.01456798924451902
test-20107,0.014379978763653508
test-20108,0.3562028609291261
test-20109,0.017734231714113913
test-2011,0.025429834270637035
test-20110,0.021464051550275365
test-20111,0.013144144762115282
test-20112,0.2921408309036412
test-20113,0.15208482657425365
test-20114,0.034142575938427504
test-20115,0.12263969735078367
test-20116,0.03991427570930743
test-20117,0.3825827243077041
test-20118,0.17304689575379814
test-20119,0.013207176805842191
test-2012,0.026242683992916214
test-20120,0.23990253108910364
test-20121,0.04654018561433151
test-20122,0.04098083546949763
test-20123,0.09939835570511389
test-20124,0.08853495826465144
test-20125,0.05249990700375887
test-20126,0.04016503841416401
test-20127,0.29827120591249473
test-20128,0.05732822909114669
test-20129,0.07228777355771014
test-2013,0.014663336671557501
test-20130,0.2520944155446072
test-20131,0.1398388875173638
test-20132,0.017332936084335508
test-20133,0.10499508986860218
test-20134,0.06702616034267987
test-20135,0.01910794354044102
test-20136,0.06279544138709837
test-20137,0.020346217522845447
test-20138,0.16121189873218966
test-20139,0.020924843179568938
test-2014,0.02168075201310771
test-20140,0.260686008382042
test-20141,0.07631394323859997
test-20142,0.21840554167969534
test-20143,0.1630252958546963
test-20144,0.022689401383471385
test-20145,0.17645226684991447
test-20146,0.10649512133640393
test-20147,0.12460507488050093
test-20148,0.008670368817791091
test-20149,0.0173229907695282
test-2015,0.0154142842271633
test-20150,0.012660048344127333
test-20151,0.019035616844596516
test-20152,0.014596286729868508
test-20153,0.09247540358594801
test-20154,0.09787796055403811
test-20155,0.03394517755049771
test-20156,0.04302912639202175
test-20157,0.011379685582784245
test-20158,0.16395335407033823
test-20159,0.02236474705871216
test-2016,0.028365914230416914
test-20160,0.16860386246759518
test-20161,0.14279512086608454
test-20162,0.020184049019556536
test-20163,0.21528853756442476
test-20164,0.007004173707340771
test-20165,0.18592991113615218
test-20166,0.0062678296260857535
test-20167,0.197317109379801
test-20168,0.014114682761162982
test-20169,0.044025202780854304
test-2017,0.06483958331070522
test-20170,0.07300415700059695
test-20171,0.031121278135082454
test-20172,0.018849089461259093
test-20173,0.016410398520487517
test-20174,0.04744999725243289
test-20175,0.09787796055403811
test-20176,0.05015468531813707
test-20177,0.06613128233036399
test-20178,0.17013705228086198
test-20179,0.07968046376528176
test-2018,0.00835273838550248
test-20180,0.07860807744935307
test-20181,0.07958009128105223
test-20182,0.25103342373547727
test-20183,0.00913276034489914
test-20184,0.019008948122951962
test-20185,0.02521947854973878
test-20186,0.14584971832814003
test-20187,0.11105021793901264
test-20188,0.019882380363520958
test-20189,0.12264901140946549
test-2019,0.3088846073371973
test-20190,0.012655447108845497
test-20191,0.020668659951300353
test-20192,0.13538655374600592
test-20193,0.0237539818683482
test-20194,0.0615845432359192
test-20195,0.03406439291330823
test-20196,0.040360250643270576
test-20197,0.04212604322347563
test-20198,0.010684630331769413
test-20199,0.30902669917001296
test-202,0.011843664446697929
test-2020,0.015916592995619205
test-20200,0.010226863944705018
test-20201,0.03844278892022038
test-20202,0.27840897340516463
test-20203,0.011385186335865567
test-20204,0.025900418963539736
test-20205,0.0072683921671210594
test-20206,0.02604385827885891
test-20207,0.10727229537940416
test-20208,0.017486556751654562
test-20209,0.022155610195133676
test-2021,0.01742234592250915
test-20210,0.3304749527764625
test-20211,0.1899575338376861
test-20212,0.01940587236948202
test-20213,0.14927487950166657
test-20214,0.03614824901248944
test-20215,0.0315691785347275
test-20216,0.12290742492168079
test-20217,0.06732146364927523
test-20218,0.025871271407793262
test-20219,0.3058025792455837
test-2022,0.047559784325775865
test-20220,0.09037405075460701
test-20221,0.0076780264037805525
test-20222,0.04551964645457474
test-20223,0.05339307069340168
test-20224,0.13803091694814948
test-20225,0.13191004154891964
test-20226,0.29602789604587915
test-20227,0.01674053361241517
test-20228,0.12466564908881349
test-20229,0.08400185074632466
test-2023,0.2894729567421669
test-20230,0.05284266078102633
test-20231,0.043355748679821976
test-20232,0.1701087033791924
test-20233,0.011045787007135746
test-20234,0.07336917361418584
test-20235,0.07272160535830764
test-20236,0.11577512187376636
test-20237,0.09816184771495988
test-20238,0.05339307069340168
test-20239,0.383538232856317
test-2024,0.08824606337798763
test-20240,0.07886389856148882
test-20241,0.15580142019540724
test-20242,0.057738957094061565
test-20243,0.024352474464824383
test-20244,0.02083636572700637
test-20245,0.3788549098223713
test-20246,0.06447447575853661
test-20247,0.035857813090085844
test-20248,0.021961716462781715
test-20249,0.12571719997453007
test-2025,0.024450790177170594
test-20250,0.06869230805376976
test-20251,0.043623393206944056
test-20252,0.00998058603981585
test-20253,0.14351951338566593
test-20254,0.02061523369280864
test-20255,0.07906512026924764
test-20256,0.09633475408981368
test-20257,0.052219467996651364
test-20258,0.0480874289899147
test-20259,0.016807010535578173
test-2026,0.01765987050262795
test-20260,0.06002808759277198
test-20261,0.20956757908005383
test-20262,0.0687097522756689
test-20263,0.08401141369061754
test-20264,0.0383377483459266
test-20265,0.017792260866821022
test-20266,0.15415653359813486
test-20267,0.16130828240634443
test-20268,0.0744759739511813
test-20269,0.028324570990318296
test-2027,0.06462716434972537
test-20270,0.016804372611578206
test-20271,0.15397435489865743
test-20272,0.10891174903670928
test-20273,0.021740891784233957
test-20274,0.014407553207754196
test-20275,0.0669392073111586
test-20276,0.02290787267878316
test-20277,0.13037350716488458
test-20278,0.07574679894831039
test-20279,0.030784775343216653
test-2028,0.3274651291844602
test-20280,0.27137463641669485
test-20281,0.06527479962241564
test-20282,0.030530592475253124
test-20283,0.10825469548955043
test-20284,0.2563207431213497
test-20285,0.013010703255031578
test-20286,0.22366746590804193
test-20287,0.13114218775122055
test-20288,0.16695447271917302
test-20289,0.08892649068544983
test-2029,0.008850751319877033
test-20290,0.05125085298930173
test-20291,0.21918413631800254
test-20292,0.014785244678203706
test-20293,0.22334371255202592
test-20294,0.12090221054273226
test-20295,0.021554632027473774
test-20296,0.021332384992090454
test-20297,0.02952007126793115
test-20298,0.01712376077042127
test-20299,0.0548621395246312
test-203,0.01470155729677045
test-2030,0.012063595747019871
test-20300,0.012255174050204347
test-20301,0.09860381645007209
test-20302,0.043461605008148864
test-20303,0.17589213761880843
test-20304,0.07969712720890926
test-20305,0.04815304499224502
test-20306,0.1502864677575519
test-20307,0.05339307069340168
test-20308,0.06769089613322582
test-20309,0.020184049019556536
test-2031,0.02046323567396794
test-20310,0.04446312872017822
test-20311,0.007296557972949313
test-20312,0.00779302270283059
test-20313,0.08612548698726559
test-20314,0.18305030464459318
test-20315,0.011305650988434465
test-20316,0.19669395039166018
test-20317,0.01670606465245301
test-20318,0.06983136155849988
test-20319,0.14395293854358812
test-2032,0.019104881493188286
test-20320,0.021336533586142122
test-20321,0.01972833852644177
test-20322,0.2966885988476901
test-20323,0.17089242224692994
test-20324,0.02769223141972348
test-20325,0.023421750620750918
test-20326,0.009071765271796563
test-20327,0.017576109142852472
test-20328,0.04971663645718337
test-20329,0.18233041260119667
test-2033,0.03991427570930743
test-20330,0.03545446254707696
test-20331,0.02327556725021293
test-20332,0.010892922003139698
test-20333,0.08835625569037554
test-20334,0.0113895888993719
test-20335,0.20276915538379575
test-20336,0.02659968160732797
test-20337,0.14399179663836856
test-20338,0.0682210654707025
test-20339,0.1445710106113933
test-2034,0.018120846397982487
test-20340,0.020631924650683413
test-20341,0.1543693773528168
test-20342,0.011161897830661016
test-20343,0.16220685069745147
test-20344,0.03728541154018198
test-20345,0.09787796055403811
test-20346,0.015067703913674927
test-20347,0.11177002277013334
test-20348,0.012820822438310921
test-20349,0.03999612281848788
test-2035,0.0670490679285777
test-20350,0.12874097239593613
test-20351,0.01819596701982607
test-20352,0.02127569970345261
test-20353,0.12418644290844782
test-20354,0.06880127711832089
test-20355,0.019011054333485176
test-20356,0.1055579000031959
test-20357,0.1458826329323688
test-20358,0.19488125892781852
test-20359,0.30402499352770496
test-2036,0.15390439765309666
test-20360,0.21875700460184877
test-20361,0.1645557855767508
test-20362,0.01692892263233693
test-20363,0.08676426786931425
test-20364,0.006631500463451814
test-20365,0.005598837539923684
test-20366,0.3545331059687356
test-20367,0.2775718414386104
test-20368,0.01824578799477411
test-20369,0.05968788409531321
test-2037,0.28501449483042474
test-20370,0.02862032823304121
test-20371,0.17774952457906196
test-20372,0.06602176186227836
test-20373,0.09442793442436977
test-20374,0.020184049019556536
test-20375,0.011237140645524106
test-20376,0.01983253448800806
test-20377,0.014303360641445752
test-20378,0.012017594892485719
test-20379,0.026320867298807518
test-2038,0.14646996011248525
test-20380,0.14402884648349495
test-20381,0.010719544745212283
test-20382,0.025376418958151934
test-20383,0.02872958916084175
test-20384,0.17645226684991447
test-20385,0.08172649036053685
test-20386,0.2377040527164077
test-20387,0.02695036692577566
test-20388,0.3655113239938006
test-20389,0.014485762419956577
test-2039,0.01039919062628827
test-20390,0.08469207989574525
test-20391,0.0846182167635542
test-20392,0.25525976544944223
test-20393,0.10349202407523016
test-20394,0.2690963208513277
test-20395,0.34390082179610193
test-20396,0.008916475103915297
test-20397,0.14470107104341812
test-20398,0.010865154306093174
test-20399,0.02444265432086215
test-204,0.01046061960682334
test-2040,0.040695030576269844
test-20400,0.009040754327657035
test-20401,0.02311709986221045
test-20402,0.0687732139720173
test-20403,0.3205679663423559
test-20404,0.012641345370282846
test-20405,0.20610335712243377
test-20406,0.156598500937431
test-20407,0.018048594667548257
test-20408,0.13707524127540122
test-20409,0.4063727899228229
test-2041,0.021572821796995593
test-20410,0.026263997633159064
test-20411,0.013587480761552438
test-20412,0.08274762588598274
test-20413,0.054307917465428866
test-20414,0.23742740367092457
test-20415,0.007325982681566174
test-20416,0.04590508644169926
test-20417,0.18646790029388155
test-20418,0.06390585972311909
test-20419,0.01913290999486616
test-2042,0.00914313879243237
test-20420,0.0353113252584918
test-20421,0.28641784713248625
test-20422,0.1152620875692089
test-20423,0.012004549261356669
test-20424,0.05635091578896784
test-20425,0.2177304424680703
test-20426,0.23989661982140575
test-20427,0.026819988343206536
test-20428,0.021370624655672955
test-20429,0.007551862862990993
test-2043,0.03115830303397822
test-20430,0.012782594580060081
test-20431,0.018173920459818912
test-20432,0.044052593023696324
test-20433,0.01824136653127884
test-20434,0.03902516233390028
test-20435,0.1126022932751914
test-20436,0.180939210158818
test-20437,0.1127279061666934
test-20438,0.16931802149269706
test-20439,0.16695447271917302
test-2044,0.40674954881879777
test-20440,0.015708275118016195
test-20441,0.08691918318543146
test-20442,0.027239948911408192
test-20443,0.06099464978755942
test-20444,0.02194618460463421
test-20445,0.16568022531120735
test-20446,0.10534781676746847
test-20447,0.013435458816690239
test-20448,0.020685463192195924
test-20449,0.010083085105058637
test-2045,0.009945544235989269
test-20450,0.01485358629993815
test-20451,0.014646802313321388
test-20452,0.008940824532284513
test-20453,0.019141175622108597
test-20454,0.13896020700751163
test-20455,0.07034363096095766
test-20456,0.010727042580139462
test-20457,0.0846182167635542
test-20458,0.03376576751430551
test-20459,0.10710775446435687
test-2046,0.10589747630953228
test-20460,0.20383612521715558
test-20461,0.02041696465628347
test-20462,0.09095363519959088
test-20463,0.016047005209205437
test-20464,0.0669392073111586
test-20465,0.017166134549048927
test-20466,0.01374080941050782
test-20467,0.09556011525733622
test-20468,0.0221362674316
test-20469,0.028214078710427422
test-2047,0.044282850009764584
test-20470,0.01798653241468352
test-20471,0.1281253037941806
test-20472,0.08381648861161907
test-20473,0.023441236816532277
test-20474,0.042840979956758195
test-20475,0.23763409341000966
test-20476,0.06687591078501293
test-20477,0.04236282686752778
test-20478,0.07923587917624322
test-20479,0.022056466302850405
test-2048,0.04091918355888768
test-20480,0.0625895848633191
test-20481,0.1780704748908923
test-20482,0.019310299379056657
test-20483,0.00900513510810355
test-20484,0.02352573870090594
test-20485,0.1250665930664888
test-20486,0.05471210524840743
test-20487,0.10412045959847152
test-20488,0.11577657700337163
test-20489,0.07382005570899727
test-2049,0.025742549003634957
test-20490,0.011956975477908341
test-20491,0.12310471323734264
test-20492,0.03137408267484217
test-20493,0.14294679156391496
test-20494,0.03772452539088444
test-20495,0.048517807097290325
test-20496,0.1536122238442513
test-20497,0.19117457973175736
test-20498,0.01228066391189164
test-20499,0.016736186618811554
test-205,0.02047542356939604
test-2050,0.022158643610817597
test-20500,0.05044647767449592
test-20501,0.07317861782568223
test-20502,0.08592132109463028
test-20503,0.21653661377378566
test-20504,0.197286025661373
test-20505,0.011204915855449053
test-20506,0.061577899304617906
test-20507,0.01355455207621896
test-20508,0.07666413761860694
test-20509,0.13068543651163794
test-2051,0.015945881361409373
test-20510,0.05015468531813707
test-20511,0.05426679727911135
test-20512,0.11271185732708405
test-20513,0.21970199857214653
test-20514,0.2840257505819102
test-20515,0.11193060231122196
test-20516,0.02527933564863221
test-20517,0.17382647766617315
test-20518,0.027682163106030035
test-20519,0.014602537645923628
test-2052,0.0940330513105372
test-20520,0.19905928878220697
test-20521,0.021394081892283156
test-20522,0.18015599091840692
test-20523,0.0055804762983334595
test-20524,0.09102628287902009
test-20525,0.13630502359706204
test-20526,0.0732858674232542
test-20527,0.04841956616564877
test-20528,0.017047143110090514
test-20529,0.0372063949757952
test-2053,0.17308455119432073
test-20530,0.044892348768749014
test-20531,0.3687349598763718
test-20532,0.07781457099818978
test-20533,0.01402542103212214
test-20534,0.02576253633520363
test-20535,0.015297713565164643
test-20536,0.03782153946356946
test-20537,0.056498322456716765
test-20538,0.19443669870927563
test-20539,0.02308273633404201
test-2054,0.0181581371725148
test-20540,0.018587457424002578
test-20541,0.048052877812402
test-20542,0.1328804845513544
test-20543,0.019753469242757365
test-20544,0.01069188927901371
test-20545,0.02076045255391935
test-20546,0.038253879627546596
test-20547,0.19711036756425696
test-20548,0.034691044469170505
test-20549,0.19772457129439713
test-2055,0.027228807780288185
test-20550,0.12519237202346303
test-20551,0.10928441419957592
test-20552,0.1763242625338151
test-20553,0.04019935806004712
test-20554,0.018793964571951552
test-20555,0.02408480553675099
test-20556,0.019920122596550325
test-20557,0.026386146823506394
test-20558,0.007061592390150411
test-20559,0.06298659200402477
test-2056,0.15252719967002085
test-20560,0.06182439910161281
test-20561,0.055820837085584614
test-20562,0.010261257719400832
test-20563,0.23115681491293824
test-20564,0.015209576103699163
test-20565,0.05223592652944753
test-20566,0.019837740351841396
test-20567,0.009483229180943504
test-20568,0.04825101146624526
test-20569,0.061502996850186425
test-2057,0.009790037932742812
test-20570,0.009501418558876843
test-20571,0.05127494565378761
test-20572,0.06784556354096054
test-20573,0.11735612181736368
test-20574,0.08560838976018696
test-20575,0.1368064526262009
test-20576,0.009812685308475556
test-20577,0.03259422541726536
test-20578,0.01673086758350864
test-20579,0.059834244308216246
test-2058,0.010746940473996111
test-20580,0.011348532695009553
test-20581,0.010623522790038593
test-20582,0.008272995238489693
test-20583,0.013665040028119803
test-20584,0.044507571999664486
test-20585,0.17218792190722687
test-20586,0.008082657088001774
test-20587,0.21782763488261797
test-20588,0.2861105927733099
test-20589,0.23961642582827639
test-2059,0.018644101719711887
test-20590,0.29045093231619706
test-20591,0.005995288562055959
test-20592,0.02334718483871063
test-20593,0.132133714076099
test-20594,0.42342960083156694
test-20595,0.0669392073111586
test-20596,0.2274906256667253
test-20597,0.12614711902775436
test-20598,0.12663596937894922
test-20599,0.016412473775519226
test-206,0.026907908657022174
test-2060,0.015360692130072589
test-20600,0.010358866802596458
test-20601,0.024651960302466303
test-20602,0.16695447271917302
test-20603,0.02417847475211189
test-20604,0.1268339165043421
test-20605,0.008571385561980303
test-20606,0.016634512076309588
test-20607,0.4123612153931427
test-20608,0.014063672926140499
test-20609,0.05737808815797529
test-2061,0.11705850873425487
test-20610,0.14498310197652256
test-20611,0.027857428243618438
test-20612,0.008228406315721913
test-20613,0.056720786759797616
test-20614,0.292947495302707
test-20615,0.06271149702248878
test-20616,0.027623123067980954
test-20617,0.07765548192385864
test-20618,0.019060565483802472
test-20619,0.008591114418953213
test-2062,0.00823144006699821
test-20620,0.13532120339184808
test-20621,0.01258469125284982
test-20622,0.09787796055403811
test-20623,0.01277868925240935
test-20624,0.18212663465561874
test-20625,0.035194744084995594
test-20626,0.031198224452785042
test-20627,0.06866260127631668
test-20628,0.0669392073111586
test-20629,0.16921040717264332
test-2063,0.34483513840064994
test-20630,0.020955361113827252
test-20631,0.15175116427599333
test-20632,0.03882782471225247
test-20633,0.12951355568067852
test-20634,0.14082235140207222
test-20635,0.005327233769916934
test-20636,0.29720893198871845
test-20637,0.31010639782352317
test-20638,0.2040446359653352
test-20639,0.065572679663652
test-2064,0.009648854440727276
test-20640,0.030860211436749246
test-20641,0.05035815009428382
test-20642,0.031010058585863698
test-20643,0.10661150596335207
test-20644,0.15241633641152563
test-20645,0.060043949574730006
test-20646,0.011036595110909847
test-20647,0.06705169617765606
test-20648,0.01207904146576271
test-20649,0.010186216049356631
test-2065,0.12663670660938758
test-20650,0.1502750017345163
test-20651,0.11759692308979115
test-20652,0.05026989941756091
test-20653,0.03410734498945364
test-20654,0.04201587544696237
test-20655,0.028004152926600946
test-20656,0.008669423564269025
test-20657,0.2145514368064853
test-20658,0.11672647659025298
test-20659,0.3496354400609387
test-2066,0.1677233629523926
test-20660,0.07814758548854914
test-20661,0.06845179840037012
test-20662,0.02924493153096778
test-20663,0.17645226684991447
test-20664,0.12168671059879031
test-20665,0.2131195074389997
test-20666,0.14309575692842086
test-20667,0.04171152997355486
test-20668,0.019435380413904642
test-20669,0.15533199208584206
test-2067,0.12190094471595828
test-20670,0.0427344805336926
test-20671,0.11709343371842393
test-20672,0.287408176601304
test-20673,0.015221262061206383
test-20674,0.03958471858137933
test-20675,0.32755633248767435
test-20676,0.25120922824744607
test-20677,0.0332820101661986
test-20678,0.10077607181779046
test-20679,0.07548417418671051
test-2068,0.07799433853261355
test-20680,0.02052943231635938
test-20681,0.38490989070723186
test-20682,0.01927100621902554
test-20683,0.17056737353958626
test-20684,0.026686330023958503
test-20685,0.010114929591552406
test-20686,0.028703508075175424
test-20687,0.040926823799401386
test-20688,0.017258090094147163
test-20689,0.0360589355908947
test-2069,0.23145102735292114
test-20690,0.01782497264547724
test-20691,0.030697085331025917
test-20692,0.042745259948438
test-20693,0.04308095429846384
test-20694,0.048965507254100454
test-20695,0.02226354541024489
test-20696,0.10985836168935247
test-20697,0.12246569533075778
test-20698,0.3021434365501677
test-20699,0.12654342528268078
test-207,0.09637463584419216
test-2070,0.010867988915012394
test-20700,0.11618410557466402
test-20701,0.03089191110951264
test-20702,0.07955672582119087
test-20703,0.30627530588561463
test-20704,0.027860921275786606
test-20705,0.007856647303939042
test-20706,0.007941880632707052
test-20707,0.06304870277188687
test-20708,0.16956788995989094
test-20709,0.013305549181691868
test-2071,0.02561608386392067
test-20710,0.04582627905529062
test-20711,0.03319590868198144
test-20712,0.1721501336298797
test-20713,0.017603513815721127
test-20714,0.043656747573216324
test-20715,0.16465379238486721
test-20716,0.19829554136274313
test-20717,0.017722839567444165
test-20718,0.3620978606674938
test-20719,0.010109947027463824
test-2072,0.005325577393419424
test-20720,0.052085919580634514
test-20721,0.011733610360593089
test-20722,0.019177328391482305
test-20723,0.04315587774234556
test-20724,0.0687732139720173
test-20725,0.0687069622812613
test-20726,0.09860381645007209
test-20727,0.009893119411700789
test-20728,0.13773212906300417
test-20729,0.026163382406216493
test-2073,0.02281110412106047
test-20730,0.00887709608893385
test-20731,0.005645307370693351
test-20732,0.011359659525609973
test-20733,0.2118687446408107
test-20734,0.01376777362455667
test-20735,0.07107105466229113
test-20736,0.18431880226370778
test-20737,0.10920323524033362
test-20738,0.08469207989574525
test-20739,0.32372745703757216
test-2074,0.1531918198464681
test-20740,0.2156998510855383
test-20741,0.02166682287432606
test-20742,0.10377193662202873
test-20743,0.05165582441215035
test-20744,0.18243135128277566
test-20745,0.14727332459421508
test-20746,0.15521709420100388
test-20747,0.40051128735302255
test-20748,0.3601301729249491
test-20749,0.01579108005052225
test-2075,0.08336427803953614
test-20750,0.031670993768966094
test-20751,0.03535815390770198
test-20752,0.024666246107159027
test-20753,0.04252105837468247
test-20754,0.020730501466260202
test-20755,0.20294907744243643
test-20756,0.008782440811548728
test-20757,0.011598355723078869
test-20758,0.029027156660533543
test-20759,0.0341586925327985
test-2076,0.051707177917161805
test-20760,0.38594479722674285
test-20761,0.3874861208677426
test-20762,0.00838416570736249
test-20763,0.17296559113240653
test-20764,0.07294402905329442
test-20765,0.023001343938041225
test-20766,0.021273736908868825
test-20767,0.19563897948122555
test-20768,0.2715143095339226
test-20769,0.07098840496434376
test-2077,0.34257357128167115
test-20770,0.03914162039465965
test-20771,0.08208306950653772
test-20772,0.03271248164303256
test-20773,0.12621221325326767
test-20774,0.05339307069340168
test-20775,0.00942686026986734
test-20776,0.011186161557954724
test-20777,0.01675883721711488
test-20778,0.022531734882921844
test-20779,0.005751005926564856
test-2078,0.10287586301488967
test-20780,0.07896917855603469
test-20781,0.036050780674322644
test-20782,0.1583322668807972
test-20783,0.017671705881820262
test-20784,0.16695447271917302
test-20785,0.031910479743552427
test-20786,0.1965637085602406
test-20787,0.09983985038979953
test-20788,0.1527919355446522
test-20789,0.08775732134166785
test-2079,0.09860381645007209
test-20790,0.12248267217716732
test-20791,0.008514697738552004
test-20792,0.15880757102738552
test-20793,0.14930875409300023
test-20794,0.017166658241739567
test-20795,0.008321276698211005
test-20796,0.03178162660758461
test-20797,0.02640330945530037
test-20798,0.0254651825888722
test-20799,0.15595589344150154
test-208,0.1562533386552796
test-2080,0.1848149462951061
test-20800,0.03664246020767267
test-20801,0.01882029606966738
test-20802,0.03867840602361253
test-20803,0.3056569549435808
test-20804,0.013108622826460305
test-20805,0.0707308880059166
test-20806,0.15928620135226804
test-20807,0.14851446151654585
test-20808,0.3299658993825717
test-20809,0.025883190362007556
test-2081,0.0201953464644833
test-20810,0.03763846002177265
test-20811,0.19800503156667143
test-20812,0.013045038839411592
test-20813,0.0053267558002975755
test-20814,0.061577899304617906
test-20815,0.09673533330374554
test-20816,0.046009648738188004
test-20817,0.06656033343495614
test-20818,0.0377692799734538
test-20819,0.04475351461529831
test-2082,0.08417447546426744
test-20820,0.0829385119994439
test-20821,0.09862511585097525
test-20822,0.017759781777644857
test-20823,0.04970700154483185
test-20824,0.008046108441552432
test-20825,0.016046875409800467
test-20826,0.16133376141032715
test-20827,0.07299203748148157
test-20828,0.14422973657225086
test-20829,0.13423107982806767
test-2083,0.03190197944273097
test-20830,0.008483980048176529
test-20831,0.018686783364186204
test-20832,0.03926546049638925
test-20833,0.14844585111387365
test-20834,0.03977484164741396
test-20835,0.022307023155094332
test-20836,0.010894618632715925
test-20837,0.34739444745433473
test-20838,0.08462591218224982
test-20839,0.03641966684934087
test-2084,0.009211677360759814
test-20840,0.04835377195542586
test-20841,0.055690845932353635
test-20842,0.04475351461529831
test-20843,0.040532793689842556
test-20844,0.01195478510100427
test-20845,0.16112975233042706
test-20846,0.015092024658918804
test-20847,0.013444946971638425
test-20848,0.008970115849127398
test-20849,0.01000851899677216
test-2085,0.015453052232445228
test-20850,0.15241633641152563
test-20851,0.020216328891809965
test-20852,0.03776885391726239
test-20853,0.010620889875661604
test-20854,0.10972695116499522
test-20855,0.2112533652375313
test-20856,0.014430300270753612
test-20857,0.09114539491036078
test-20858,0.029051505507485136
test-20859,0.025142816507586374
test-2086,0.01256865714613256
test-20860,0.01511699480046213
test-20861,0.0974151282440965
test-20862,0.12957616445158543
test-20863,0.026160186698142074
test-20864,0.025190351379143543
test-20865,0.015523109183856161
test-20866,0.0689239686929284
test-20867,0.03216164438737414
test-20868,0.21976592730515315
test-20869,0.03224366841656297
test-2087,0.014023528936981774
test-20870,0.30902669917001296
test-20871,0.02100317652467873
test-20872,0.03578583327095891
test-20873,0.03728225955516421
test-20874,0.01962651591811899
test-20875,0.008859130877921994
test-20876,0.2620475903128626
test-20877,0.013108622826460305
test-20878,0.02170599172117504
test-20879,0.06769227346933265
test-2088,0.2373123826978943
test-20880,0.2333811194088364
test-20881,0.10000651505141507
test-20882,0.03734168345445617
test-20883,0.01848623177268514
test-20884,0.14363301410311832
test-20885,0.14327423480933316
test-20886,0.03258674984897633
test-20887,0.06889729973698343
test-20888,0.027360167856926812
test-20889,0.09971019659108457
test-2089,0.012893009952005005
test-20890,0.12615610606854738
test-20891,0.25050401035201847
test-20892,0.08110413393213176
test-20893,0.008808459429007813
test-20894,0.01105996620585669
test-20895,0.06166145498405733
test-20896,0.0282848931089959
test-20897,0.03135829592286242
test-20898,0.09673533330374554
test-20899,0.10950565229840298
test-209,0.04264211244174229
test-2090,0.03603062294911097
test-20900,0.15923869792901266
test-20901,0.2924318580208132
test-20902,0.07765548192385864
test-20903,0.09064453518317735
test-20904,0.12456179376616706
test-20905,0.03100945311901404
test-20906,0.01737458461330661
test-20907,0.03151668773036451
test-20908,0.019271569257165996
test-20909,0.1530594676821158
test-2091,0.06481958579612909
test-20910,0.11354646925314986
test-20911,0.022729728372962457
test-20912,0.03659485164952502
test-20913,0.0682369155056436
test-20914,0.020380071830421124
test-20915,0.030150044006854733
test-20916,0.01023392993707666
test-20917,0.07765548192385864
test-20918,0.08084056569162382
test-20919,0.022809227291219883
test-2092,0.26716878991542053
test-20920,0.15321990459409335
test-20921,0.2362954415087038
test-20922,0.02844330240446223
test-20923,0.21378814903211624
test-20924,0.01711163841991015
test-20925,0.01745261968599907
test-20926,0.27601337163977074
test-20927,0.034462792400414846
test-20928,0.16776052134844763
test-20929,0.1944622337810156
test-2093,0.1837107933687373
test-20930,0.0601129969656585
test-20931,0.38185398456531416
test-20932,0.3896998977827936
test-20933,0.0783877651953857
test-20934,0.23277533651070623
test-20935,0.15475429037069524
test-20936,0.01940425930759269
test-20937,0.012962765446716897
test-20938,0.010195141119106318
test-20939,0.1378865588596383
test-2094,0.013461154080956963
test-20940,0.013599732490057644
test-20941,0.01575935811746634
test-20942,0.048901687759837116
test-20943,0.03202396830190335
test-20944,0.007968735005577087
test-20945,0.0437711935578894
test-20946,0.012704274094897836
test-20947,0.022819237142125307
test-20948,0.03507017461919476
test-20949,0.020275330409466694
test-2095,0.0552978987915622
test-20950,0.22846559041051914
test-20951,0.22192930470047872
test-20952,0.028509207271058677
test-20953,0.16159550640063008
test-20954,0.19775380836809917
test-20955,0.054434529027872644
test-20956,0.15066391812394359
test-20957,0.00659106160426962
test-20958,0.01401758443161093
test-20959,0.018541864925124815
test-2096,0.026622714137450813
test-20960,0.01926257736615136
test-20961,0.061577899304617906
test-20962,0.020123189713024507
test-20963,0.06259100480523434
test-20964,0.005853272326522068
test-20965,0.03611663395578433
test-20966,0.02058706778790929
test-20967,0.2587806466152034
test-20968,0.10745286150141144
test-20969,0.17179508702048404
test-2097,0.05109893539857618
test-20970,0.03841282730641529
test-20971,0.11543498080582862
test-20972,0.025385233605450495
test-20973,0.08760974262363186
test-20974,0.12933776431807556
test-20975,0.014495396239199989
test-20976,0.017779960909977938
test-20977,0.30730459560771595
test-20978,0.14568683453066175
test-20979,0.032795967319599044
test-2098,0.06848220857361402
test-20980,0.1072387323110156
test-20981,0.07287513663214307
test-20982,0.018773436900900286
test-20983,0.023905802326023583
test-20984,0.02372274012527767
test-20985,0.06870560426704474
test-20986,0.07886389856148882
test-20987,0.007363738907971307
test-20988,0.260686008382042
test-20989,0.1746164000743054
test-2099,0.33598172953903405
test-20990,0.008476412124563178
test-20991,0.009538998399251233
test-20992,0.07736831340357248
test-20993,0.18341716353133927
test-20994,0.008870099207313475
test-20995,0.01622457715329057
test-20996,0.019429645077319722
test-20997,0.24690174291057518
test-20998,0.0669392073111586
test-20999,0.017770588323789093
test-21,0.07074791241240129
test-210,0.24832444311426888
test-2100,0.01832731539451931
test-21000,0.0882903242451129
test-21001,0.13648760429167442
test-21002,0.11836029599616686
test-21003,0.07779925044998214
test-21004,0.09347794260084427
test-21005,0.03696488618022734
test-21006,0.061577899304617906
test-21007,0.1562782396970022
test-21008,0.023620126426568
test-21009,0.23367950985512453
test-2101,0.02186949590090388
test-21010,0.0846182167635542
test-21011,0.11151227888013909
test-21012,0.07710132913069777
test-21013,0.07096446565888062
test-21014,0.02779393092778497
test-21015,0.0069079657562000855
test-21016,0.01147785739146061
test-21017,0.26262635508132437
test-21018,0.07300415700059695
test-21019,0.014807689035724653
test-2102,0.010867053608505163
test-21020,0.03930302341781607
test-21021,0.011357701564428925
test-21022,0.020372612533245522
test-21023,0.025784336085560376
test-21024,0.11240150024483837
test-21025,0.15279768253985726
test-21026,0.17909856925714268
test-21027,0.2286256443145636
test-21028,0.23406368083901294
test-21029,0.011724085581918084
test-2103,0.14446715178628455
test-21030,0.017517794408192403
test-21031,0.0044405396802861905
test-21032,0.09512692904737102
test-21033,0.011942102509070482
test-21034,0.011790507853491878
test-21035,0.05801050131893468
test-21036,0.020815181264773053
test-21037,0.04036661799613826
test-21038,0.02510736154017201
test-21039,0.034462792400414846
test-2104,0.22632592352116396
test-21040,0.4252554837280234
test-21041,0.08196973207204497
test-21042,0.07646606509606177
test-21043,0.005155717023853558
test-21044,0.032883318934089564
test-21045,0.014941659125485982
test-21046,0.1911801862565461
test-21047,0.024652178757174056
test-21048,0.10156602786961705
test-21049,0.027196825730237004
test-2105,0.14669543908743413
test-21050,0.038951534058337865
test-21051,0.12582325049994111
test-21052,0.08519650526889078
test-21053,0.024635813793700407
test-21054,0.021455059885017808
test-21055,0.1590902696531811
test-21056,0.06468699352381173
test-21057,0.012951312421767513
test-21058,0.010510243578491459
test-21059,0.011384145340653518
test-2106,0.0909337652349014
test-21060,0.144376871486424
test-21061,0.24014776005053995
test-21062,0.035192137734474535
test-21063,0.2095556258889849
test-21064,0.10956543389563597
test-21065,0.13075455320760174
test-21066,0.010684716931871183
test-21067,0.013298335133473144
test-21068,0.03210205459968188
test-21069,0.2809082997759688
test-2107,0.018567589597140607
test-21070,0.012495017379532443
test-21071,0.273466035291377
test-21072,0.11543498080582862
test-21073,0.008020080300215287
test-21074,0.08110413393213176
test-21075,0.03325057863595383
test-21076,0.013988644925049603
test-21077,0.2520944155446072
test-21078,0.3949223194477507
test-21079,0.031857071307833065
test-2108,0.011435445980625304
test-21080,0.021495698923156968
test-21081,0.020693395159155453
test-21082,0.05339307069340168
test-21083,0.04761177856943619
test-21084,0.024135932030317952
test-21085,0.24753854141974652
test-21086,0.07186702531984258
test-21087,0.09845474526973405
test-21088,0.018194307704660274
test-21089,0.07999672133914677
test-2109,0.09496409446314025
test-21090,0.14928289879624207
test-21091,0.01389197856807762
test-21092,0.012371288840592572
test-21093,0.08676426786931425
test-21094,0.024831461615467735
test-21095,0.10849311745818162
test-21096,0.08415302083519163
test-21097,0.0669392073111586
test-21098,0.029022194395581277
test-21099,0.08056006871164796
test-211,0.011853699608658964
test-2110,0.2036113940798538
test-21100,0.015070700251214203
test-21101,0.01198063250967757
test-21102,0.014589518308245472
test-21103,0.11246601556151103
test-21104,0.397614374502815
test-21105,0.2029033754687095
test-21106,0.02987703543392234
test-21107,0.22165030575222194
test-21108,0.009182765958549412
test-21109,0.04315587774234556
test-2111,0.08001264720535552
test-21110,0.02618887105115652
test-21111,0.010671886046033852
test-21112,0.22861279947410776
test-21113,0.021391143337476787
test-21114,0.13334874223171692
test-21115,0.012122039167862647
test-21116,0.030355187292705362
test-21117,0.10952263493482255
test-21118,0.3136040974364507
test-21119,0.29455925296726126
test-2112,0.19441852561302936
test-21120,0.05500305358182338
test-21121,0.07807500433044731
test-21122,0.012699870058436568
test-21123,0.007592820714681313
test-21124,0.36000306686254746
test-21125,0.05345678786738647
test-21126,0.05849420628177971
test-21127,0.02257149083343411
test-21128,0.0032669736372806703
test-21129,0.02747561792033172
test-2113,0.14928289879624207
test-21130,0.06104717578715957
test-21131,0.07006056258892027
test-21132,0.2356772797558423
test-21133,0.010313249723489949
test-21134,0.015473266737853469
test-21135,0.011768260002314162
test-21136,0.17839559737897584
test-21137,0.238094233655627
test-21138,0.02270050306778418
test-21139,0.026483409804997395
test-2114,0.03650091853130915
test-21140,0.1435499240185665
test-21141,0.00838550264588945
test-21142,0.02679975380556433
test-21143,0.07053194029465688
test-21144,0.0955966801524942
test-21145,0.21845054935431132
test-21146,0.32498375072941865
test-21147,0.027816325410196106
test-21148,0.013589912687993031
test-21149,0.14255117107222545
test-2115,0.01793158862889438
test-21150,0.07190714233847413
test-21151,0.02695036692577566
test-21152,0.09787796055403811
test-21153,0.01832731539451931
test-21154,0.045897731765942106
test-21155,0.3015049642049047
test-21156,0.06811758155680776
test-21157,0.057830511347729194
test-21158,0.11543498080582862
test-21159,0.02154793276184191
test-2116,0.07890146450581005
test-21160,0.14061713041581722
test-21161,0.01885278946060543
test-21162,0.0846182167635542
test-21163,0.027609046057916236
test-21164,0.07221989839218845
test-21165,0.13461705721970857
test-21166,0.02466131678676937
test-21167,0.013479767091371279
test-21168,0.010915142991944128
test-21169,0.020691613143714958
test-2117,0.05608161125235809
test-21170,0.14953710120514077
test-21171,0.01474891944462519
test-21172,0.017156521947250643
test-21173,0.028473769345608795
test-21174,0.014075304503684957
test-21175,0.08052156886536888
test-21176,0.013559607737308715
test-21177,0.0187144192902349
test-21178,0.010415528572820418
test-21179,0.06399102707156012
test-2118,0.12803070457941146
test-21180,0.02353181329299278
test-21181,0.016528822593329336
test-21182,0.2247259601504768
test-21183,0.020254392530950887
test-21184,0.05126553510991156
test-21185,0.22688225542426022
test-21186,0.09787796055403811
test-21187,0.16864553000672164
test-21188,0.07023354639426405
test-21189,0.13593234734770615
test-2119,0.25094549745679656
test-21190,0.338571303194013
test-21191,0.18687356281017262
test-21192,0.07512584419251106
test-21193,0.012899755411568604
test-21194,0.07014673511928562
test-21195,0.19330361118105366
test-21196,0.06599891615541364
test-21197,0.07131357176604623
test-21198,0.008027039284989062
test-21199,0.0687732139720173
test-212,0.07850156378265406
test-2120,0.08623588011983543
test-21200,0.016694036012293433
test-21201,0.07984600052248031
test-21202,0.045852546348448486
test-21203,0.0063098362906713786
test-21204,0.030126536172784737
test-21205,0.188832497490162
test-21206,0.11181736983351216
test-21207,0.1922058650765384
test-21208,0.00854729395436635
test-21209,0.025720808167288427
test-2121,0.012873012831681812
test-21210,0.04068690995008551
test-21211,0.019744509067811156
test-21212,0.13757999531951953
test-21213,0.16009650167375708
test-21214,0.12460507488050093
test-21215,0.019268937128470106
test-21216,0.22505514900256568
test-21217,0.015945103475056698
test-21218,0.18469364960843815
test-21219,0.1084737992035077
test-2122,0.03246148216478109
test-21220,0.050803010735696236
test-21221,0.03604911220155735
test-21222,0.08091840458510943
test-21223,0.041973776481403054
test-21224,0.005686773424855563
test-21225,0.06017671574141743
test-21226,0.12120041757068443
test-21227,0.015883465235268426
test-21228,0.010633303668387765
test-21229,0.04663497075086357
test-2123,0.015297839815188513
test-21230,0.009468346664586942
test-21231,0.19865715915292675
test-21232,0.04621505194334651
test-21233,0.045364834304137104
test-21234,0.04809520981850334
test-21235,0.02912335805474075
test-21236,0.02097179810004383
test-21237,0.13269445489992998
test-21238,0.3248615755797882
test-21239,0.06259100480523434
test-2124,0.010986042150556223
test-21240,0.0846182167635542
test-21241,0.2289478894068926
test-21242,0.24937241371159052
test-21243,0.14584971832814003
test-21244,0.12183976685672207
test-21245,0.3406863510024624
test-21246,0.06303184617914662
test-21247,0.19839255492151733
test-21248,0.044462235027897735
test-21249,0.012170494714348936
test-2125,0.009771436354173244
test-21250,0.07269332131054015
test-21251,0.042782956513230365
test-21252,0.024995750253984046
test-21253,0.011665222813591348
test-21254,0.24937241371159052
test-21255,0.030472144275079216
test-21256,0.01720771685391916
test-21257,0.19888046096568662
test-21258,0.014787649588775193
test-21259,0.3099244298224411
test-2126,0.07896917855603469
test-21260,0.1841083373479121
test-21261,0.2868481180410701
test-21262,0.03612022969459142
test-21263,0.1327390174618707
test-21264,0.0962994335527908
test-21265,0.08739485527271336
test-21266,0.018606730004750334
test-21267,0.07721590290988961
test-21268,0.03258303940077757
test-21269,0.31639113532117935
test-2127,0.039782257630481134
test-21270,0.09236650175468059
test-21271,0.01663182289740692
test-21272,0.058276630604432327
test-21273,0.22062740552696156
test-21274,0.011262826858254586
test-21275,0.05400256287771402
test-21276,0.21788659718185943
test-21277,0.04748615212942232
test-21278,0.11947550284054435
test-21279,0.0687732139720173
test-2128,0.18483238131240792
test-21280,0.11325330947575728
test-21281,0.20495180421312614
test-21282,0.13207564119353027
test-21283,0.040588209655930005
test-21284,0.015416531826314408
test-21285,0.02695577323631822
test-21286,0.12782747977145523
test-21287,0.11583634799764314
test-21288,0.13576348282150286
test-21289,0.24016232887314845
test-2129,0.016881094890489723
test-21290,0.010150936332425147
test-21291,0.09190530534849065
test-21292,0.01253023727458568
test-21293,0.028006750651980848
test-21294,0.039667604070815245
test-21295,0.025148301981319555
test-21296,0.03300356637227382
test-21297,0.013890356021753127
test-21298,0.07771558515616006
test-21299,0.3029120270096296
test-213,0.016123604399508093
test-2130,0.14953333631768304
test-21300,0.12614529302933503
test-21301,0.05696161965524481
test-21302,0.021601287509786085
test-21303,0.03300356637227382
test-21304,0.06284565980454496
test-21305,0.015451249432815417
test-21306,0.02369203301300515
test-21307,0.2303202158705426
test-21308,0.06855538111828655
test-21309,0.27092664564127106
test-2131,0.027281408645329998
test-21310,0.02128762338586222
test-21311,0.03840166777694087
test-21312,0.11803087843920418
test-21313,0.10469623225406142
test-21314,0.037802933463891165
test-21315,0.17043718067074307
test-21316,0.1423782845355808
test-21317,0.009128649492831346
test-21318,0.1964429131607866
test-21319,0.2262887729828075
test-2132,0.0749371414384505
test-21320,0.14660621249274897
test-21321,0.039979748545352016
test-21322,0.14886273721039106
test-21323,0.04688163618239434
test-21324,0.016902792121036347
test-21325,0.022812640230023776
test-21326,0.10821220043168524
test-21327,0.22432145131022868
test-21328,0.16020722359550427
test-21329,0.07824180436495898
test-2133,0.026756603436518697
test-21330,0.10775883970049152
test-21331,0.08855129238180084
test-21332,0.16391823462783106
test-21333,0.009058243771219958
test-21334,0.09138912784977124
test-21335,0.14157772963809617
test-21336,0.17568755017417642
test-21337,0.021382105833624685
test-21338,0.058431258059673474
test-21339,0.018630022132446442
test-2134,0.18796933865446636
test-21340,0.37731365737179073
test-21341,0.09445648709250468
test-21342,0.12663596937894922
test-21343,0.020110395655320683
test-21344,0.016438707203413474
test-21345,0.040873701813785836
test-21346,0.046945591559173896
test-21347,0.008416308877064734
test-21348,0.025444213726749685
test-21349,0.021318630811855248
test-2135,0.276546584285327
test-21350,0.028074783218479962
test-21351,0.022259165560906975
test-21352,0.18186870543784622
test-21353,0.03240758764689325
test-21354,0.09164817519742972
test-21355,0.09023124374078785
test-21356,0.05339307069340168
test-21357,0.045124799223704076
test-21358,0.24999831197023178
test-21359,0.15644328139772729
test-2136,0.1543693773528168
test-21360,0.0876954369709362
test-21361,0.05106874768412965
test-21362,0.1524863025475057
test-21363,0.036044544423413316
test-21364,0.31699788978884863
test-21365,0.35866362077068553
test-21366,0.4057565914966612
test-21367,0.013754142314695426
test-21368,0.01056186293627229
test-21369,0.199386668626835
test-2137,0.03409903900508733
test-21370,0.1127279061666934
test-21371,0.23709984575600163
test-21372,0.022681979536022395
test-21373,0.032403184163473354
test-21374,0.008337059558880252
test-21375,0.0669392073111586
test-21376,0.19188746010686572
test-21377,0.039385771567026204
test-21378,0.13844485831116107
test-21379,0.1256922909797544
test-2138,0.22699362463623343
test-21380,0.0091119697118891
test-21381,0.04251765545355937
test-21382,0.15225528903860855
test-21383,0.011227543248215904
test-21384,0.04065792405310109
test-21385,0.011689679806838844
test-21386,0.0738930105875601
test-21387,0.04617322937714323
test-21388,0.14782732354965283
test-21389,0.027542676400713357
test-2139,0.20471188501692683
test-21390,0.013631076096040038
test-21391,0.021882713482676616
test-21392,0.030351421199915827
test-21393,0.04966245557536628
test-21394,0.14141652199281468
test-21395,0.1408487658022275
test-21396,0.11978607339263667
test-21397,0.01907275962909624
test-21398,0.01383080308295596
test-21399,0.01905678263885777
test-214,0.017808423708689212
test-2140,0.07802819961977205
test-21400,0.01572385260209609
test-21401,0.03643975330471846
test-21402,0.06524120315453369
test-21403,0.05185608449732835
test-21404,0.17035009537851972
test-21405,0.01748147420082933
test-21406,0.027678275707560335
test-21407,0.0054182162415397665
test-21408,0.05696209395202092
test-21409,0.03730275340490552
test-2141,0.05021031340962073
test-21410,0.05015468531813707
test-21411,0.009039492518077863
test-21412,0.2869254826366456
test-21413,0.2905391336420332
test-21414,0.010777838022096907
test-21415,0.012301786318407316
test-21416,0.1046622933460426
test-21417,0.01196973620868922
test-21418,0.04405941001015684
test-21419,0.04883833353813476
test-2142,0.18555753255583352
test-21420,0.11195277170086124
test-21421,0.029778034879541795
test-21422,0.01730296443208773
test-21423,0.012803290350664956
test-21424,0.08839156247298857
test-21425,0.018679639665580706
test-21426,0.08077996204606995
test-21427,0.05702035451806148
test-21428,0.028749391599598464
test-21429,0.019181632298255986
test-2143,0.0187818407397874
test-21430,0.07355557052784914
test-21431,0.1350277768800656
test-21432,0.07005214660129593
test-21433,0.029485537369843346
test-21434,0.1643307319713631
test-21435,0.02006342281085465
test-21436,0.031143803774331093
test-21437,0.2377960320307815
test-21438,0.02182397370192204
test-21439,0.005984382467392361
test-2144,0.024314623461797386
test-21440,0.24137620645166197
test-21441,0.06966667974880154
test-21442,0.00755442973259461
test-21443,0.013305549181691868
test-21444,0.061577899304617906
test-21445,0.008510507460494017
test-21446,0.07618468918194476
test-21447,0.2825222187720487
test-21448,0.019185161839881545
test-21449,0.30902669917001296
test-2145,0.07222841084421242
test-21450,0.21067379830004077
test-21451,0.060473435045559736
test-21452,0.05157143380329014
test-21453,0.1376373743451426
test-21454,0.03253106122932946
test-21455,0.2406128460862953
test-21456,0.06588729829552326
test-21457,0.032075680443555375
test-21458,0.021430538357508053
test-21459,0.19767511278915265
test-2146,0.017675477265934776
test-21460,0.2723779140930891
test-21461,0.08252262364070355
test-21462,0.27930813838708396
test-21463,0.05103350632500372
test-21464,0.05608161125235809
test-21465,0.03007489516689247
test-21466,0.02610477013534166
test-21467,0.01785275590325751
test-21468,0.17979552639322718
test-21469,0.1721014983827393
test-2147,0.014658782561611166
test-21470,0.24035207871456532
test-21471,0.0846182167635542
test-21472,0.011043429187046679
test-21473,0.016150995546186635
test-21474,0.07799433853261355
test-21475,0.19648692519039576
test-21476,0.0322560369895652
test-21477,0.12538600982487716
test-21478,0.06966703984726792
test-21479,0.060486886048746684
test-2148,0.015701216352052343
test-21480,0.01916418246834032
test-21481,0.08735937534122581
test-21482,0.04182831296570292
test-21483,0.10957035420547384
test-21484,0.031751049529724976
test-21485,0.1949942119219428
test-21486,0.022169999708336843
test-21487,0.022022966171998625
test-21488,0.0387107512542468
test-21489,0.008443481737337723
test-2149,0.20025540348395476
test-21490,0.09654415737967784
test-21491,0.1621003026454241
test-21492,0.035709971345820844
test-21493,0.01964115724790115
test-21494,0.09202534841671146
test-21495,0.16332547406330075
test-21496,0.3328253372369291
test-21497,0.018410936076810394
test-21498,0.15661750127198884
test-21499,0.02191422133877877
test-215,0.24782168864499474
test-2150,0.022428933317364477
test-21500,0.018814685800921202
test-21501,0.3154744355936554
test-21502,0.013994920452686327
test-21503,0.28118959250341036
test-21504,0.32641958553279166
test-21505,0.03290341473413582
test-21506,0.09929811957239351
test-21507,0.08981053979588521
test-21508,0.021549033402482945
test-21509,0.1482828129184016
test-2151,0.035910520226497426
test-21510,0.04731283520870865
test-21511,0.08141848843399244
test-21512,0.07706400364475845
test-21513,0.020489121020223867
test-21514,0.03730499683138342
test-21515,0.17827069501205747
test-21516,0.03184376134852061
test-21517,0.013428843715478823
test-21518,0.062476782444590165
test-21519,0.08091840458510943
test-2152,0.015158593963352065
test-21520,0.02276520355774747
test-21521,0.19177242380210022
test-21522,0.027433490762432507
test-21523,0.01017023985492893
test-21524,0.02180285441204353
test-21525,0.04318895286808607
test-21526,0.05997208020020565
test-21527,0.021717789549085723
test-21528,0.014631263119252166
test-21529,0.29247110544405747
test-2153,0.009627610380847567
test-21530,0.10111508249802573
test-21531,0.1593581559335265
test-21532,0.010303675497422974
test-21533,0.22857261785064928
test-21534,0.0846182167635542
test-21535,0.14995205507501957
test-21536,0.013416883624904384
test-21537,0.018712135161129226
test-21538,0.3441082364820405
test-21539,0.01629088148960099
test-2154,0.007318346064857941
test-21540,0.12663596937894922
test-21541,0.028422684100626427
test-21542,0.03897666591629338
test-21543,0.008679716647584289
test-21544,0.07436901194245091
test-21545,0.30902669917001296
test-21546,0.01820109613396883
test-21547,0.24687343203427836
test-21548,0.2248320632989728
test-21549,0.15645608544129477
test-2155,0.009677375380307496
test-21550,0.15968752259592708
test-21551,0.0943135063460279
test-21552,0.38377861495411114
test-21553,0.017577480235959553
test-21554,0.06794476528463178
test-21555,0.035582111426944826
test-21556,0.10451896692684502
test-21557,0.1244892465673478
test-21558,0.04228113092863685
test-21559,0.013031259608640614
test-2156,0.31457244102166
test-21560,0.01312741899494399
test-21561,0.2821515413191359
test-21562,0.027275203178207596
test-21563,0.012974336130410848
test-21564,0.020461718554364815
test-21565,0.26001418374394736
test-21566,0.06778251181498215
test-21567,0.010795498789555219
test-21568,0.017708070705569744
test-21569,0.029106821458700364
test-2157,0.04122968990921355
test-21570,0.013206764730510611
test-21571,0.013659514988185578
test-21572,0.17304689575379814
test-21573,0.010360223519978264
test-21574,0.12669521753714805
test-21575,0.016850832965828653
test-21576,0.020550290308865245
test-21577,0.13262317117513292
test-21578,0.15693308354849336
test-21579,0.02611365844132809
test-2158,0.05004582465705359
test-21580,0.18525245043011104
test-21581,0.022742320017740392
test-21582,0.022317518401531424
test-21583,0.07014673511928562
test-21584,0.09787796055403811
test-21585,0.024152407400819587
test-21586,0.09860381645007209
test-21587,0.07097412885645901
test-21588,0.05127467268795885
test-21589,0.01978049899260711
test-2159,0.006552631773705488
test-21590,0.12663596937894922
test-21591,0.013722926684875337
test-21592,0.009780212217057606
test-21593,0.08083929834726071
test-21594,0.019111127665725872
test-21595,0.009033945726717032
test-21596,0.00827803342254388
test-21597,0.10286281826326227
test-21598,0.04478629407593685
test-21599,0.20242071393147978
test-216,0.11172444880058716
test-2160,0.020221850721717657
test-21600,0.013432292608328011
test-21601,0.04198391748307192
test-21602,0.018699066000245602
test-21603,0.2592674290972044
test-21604,0.04159883220673951
test-21605,0.04573440063113173
test-21606,0.026902099877472024
test-21607,0.10169077066543127
test-21608,0.010865154306093174
test-21609,0.1255427016453842
test-2161,0.007202468589375964
test-21610,0.03468397836216628
test-21611,0.3494116006558389
test-21612,0.04475351461529831
test-21613,0.09456466912495104
test-21614,0.1948870240262005
test-21615,0.02039054301228802
test-21616,0.19282165586782693
test-21617,0.03296305199943489
test-21618,0.1439339856827836
test-21619,0.1313395705021038
test-2162,0.1462560261222925
test-21620,0.014744564370080336
test-21621,0.14907661514012588
test-21622,0.009264654311468314
test-21623,0.1762914417967816
test-21624,0.22634297173026205
test-21625,0.030874579887544575
test-21626,0.08091840458510943
test-21627,0.015457616901487113
test-21628,0.2088155537655419
test-21629,0.05015468531813707
test-2163,0.062282448744626316
test-21630,0.028787177855445625
test-21631,0.058816637741262424
test-21632,0.02683523188331416
test-21633,0.01365325375050183
test-21634,0.06721393631980155
test-21635,0.32620182360443745
test-21636,0.09300666507727863
test-21637,0.024879277332546933
test-21638,0.03957797408190487
test-21639,0.197286025661373
test-2164,0.018252189286874058
test-21640,0.11995008609186815
test-21641,0.01618119894584407
test-21642,0.16389686144280036
test-21643,0.13341891293094651
test-21644,0.18816954311022652
test-21645,0.13734469311397798
test-21646,0.0114822437084992
test-21647,0.09435854111353265
test-21648,0.2530220561881601
test-21649,0.08287687233596294
test-2165,0.02498093125362282
test-21650,0.15510186292333647
test-21651,0.034021080906945285
test-21652,0.00923365094747651
test-21653,0.052554175299888505
test-21654,0.197286025661373
test-21655,0.13268233466689863
test-21656,0.08469207989574525
test-21657,0.020408966980214813
test-21658,0.11059404600706443
test-21659,0.1866985388997884
test-2166,0.17871751290504193
test-21660,0.2577063412985257
test-21661,0.015902604140654423
test-21662,0.12416825306240678
test-21663,0.07886389856148882
test-21664,0.047467725380945826
test-21665,0.04014244944493769
test-21666,0.2509590842420266
test-21667,0.08571608160431217
test-21668,0.22489966286470442
test-21669,0.02620130396103313
test-2167,0.04969371641733201
test-21670,0.19936378875365401
test-21671,0.059968730182309485
test-21672,0.01653683091948327
test-21673,0.012205140503802038
test-21674,0.08003083037374147
test-21675,0.17931743786961332
test-21676,0.03815664481815511
test-21677,0.019162540976754103
test-21678,0.0371302571313139
test-21679,0.14541687897103092
test-2168,0.019747472495996007
test-21680,0.13792482452741422
test-21681,0.25541852355787653
test-21682,0.30825821131632125
test-21683,0.16671752247586705
test-21684,0.24056619489427739
test-21685,0.19128860346997953
test-21686,0.13444104804418022
test-21687,0.0669392073111586
test-21688,0.018051860855273626
test-21689,0.22567005049006436
test-2169,0.028799411601608024
test-21690,0.15844095489424034
test-21691,0.0143632518024536
test-21692,0.008520335658883818
test-21693,0.01764282108829815
test-21694,0.00887401265246504
test-21695,0.026211109496207773
test-21696,0.06901217028123868
test-21697,0.007555319018140125
test-21698,0.09967505524039096
test-21699,0.11420892398216781
test-217,0.1004949779488391
test-2170,0.06769227346933265
test-21700,0.1426007319688879
test-21701,0.38430157697721756
test-21702,0.017627164376528472
test-21703,0.012107375283721342
test-21704,0.0414953855924854
test-21705,0.029050583003360282
test-21706,0.25559389283524714
test-21707,0.1966429042716838
test-21708,0.033281574176381216
test-21709,0.18794783452861674
test-2171,0.06621148088121466
test-21710,0.2097282955517113
test-21711,0.03842003777042655
test-21712,0.01694466296730367
test-21713,0.13268319110367593
test-21714,0.05339307069340168
test-21715,0.10875192434448613
test-21716,0.068056918369282
test-21717,0.28270357979783584
test-21718,0.07896917855603469
test-21719,0.09119538886473173
test-2172,0.16091586992065773
test-21720,0.04612746803009074
test-21721,0.1787369564991347
test-21722,0.015206362527792632
test-21723,0.01613631306018311
test-21724,0.26784894597724335
test-21725,0.13289029933096227
test-21726,0.11414029643220974
test-21727,0.04182287291231014
test-21728,0.020430944360320436
test-21729,0.133305546315755
test-2173,0.022193962283723247
test-21730,0.020839706529115178
test-21731,0.0669392073111586
test-21732,0.021943156355399795
test-21733,0.008857583160875185
test-21734,0.14356159136642235
test-21735,0.03517778580593637
test-21736,0.05487776745599645
test-21737,0.13672127197951864
test-21738,0.11286706779201817
test-21739,0.03055232432430056
test-2174,0.036355911035013594
test-21740,0.022931047864902496
test-21741,0.016134499693318094
test-21742,0.013207137261972965
test-21743,0.08778035473802225
test-21744,0.012610100511371425
test-21745,0.04695277820894962
test-21746,0.12555006434087138
test-21747,0.06828904477003621
test-21748,0.2543626303125082
test-21749,0.016730194171960266
test-2175,0.2404301696432827
test-21750,0.381614358174567
test-21751,0.022650055382541685
test-21752,0.0479941249670018
test-21753,0.06526931803360675
test-21754,0.25259457391090817
test-21755,0.08003083037374147
test-21756,0.3504073549047116
test-21757,0.04073006669599389
test-21758,0.2514605328413112
test-21759,0.08984351960250368
test-2176,0.25527207447762684
test-21760,0.0629213595450315
test-21761,0.15438455657974426
test-21762,0.31939396202793396
test-21763,0.012307545965334211
test-21764,0.06928350136965782
test-21765,0.03280236076672631
test-21766,0.1765197348103016
test-21767,0.019158435036132588
test-21768,0.2248740062533117
test-21769,0.14819567784557655
test-2177,0.08219192647824698
test-21770,0.23362548935618743
test-21771,0.08962782951307559
test-21772,0.037273594451635014
test-21773,0.029912983206088276
test-21774,0.09614803351867833
test-21775,0.1140873148537606
test-21776,0.1342956497282538
test-21777,0.02318821238956991
test-21778,0.13774157405628287
test-21779,0.03362100081360065
test-2178,0.12138994993235047
test-21780,0.013438125238959804
test-21781,0.2298094732510399
test-21782,0.01771500764590166
test-21783,0.11709343371842393
test-21784,0.04779685395699998
test-21785,0.04953858611954152
test-21786,0.10770250214197072
test-21787,0.014413220101541014
test-21788,0.04774261798532939
test-21789,0.021542054026317353
test-2179,0.10812230317096443
test-21790,0.12692482962488566
test-21791,0.29273418437751375
test-21792,0.015189347778110289
test-21793,0.27449341723443377
test-21794,0.005874363343791298
test-21795,0.197286025661373
test-21796,0.030563309293420923
test-21797,0.1897239679097444
test-21798,0.02121325031667694
test-21799,0.14928289879624207
test-218,0.129294489589075
test-2180,0.01681055431547151
test-21800,0.03029276376604905
test-21801,0.210649272390982
test-21802,0.09960052746302868
test-21803,0.07632008081758315
test-21804,0.03957797408190487
test-21805,0.05536633428221504
test-21806,0.03886597515723403
test-21807,0.11640231571006414
test-21808,0.18469364960843815
test-21809,0.052786952020591
test-2181,0.010777882460110022
test-21810,0.013963430487879161
test-21811,0.012871082896951972
test-21812,0.31380257983712506
test-21813,0.0802344058160388
test-21814,0.1004297553555619
test-21815,0.023413625886119827
test-21816,0.260014196367984
test-21817,0.03546352782233932
test-21818,0.09935030145420644
test-21819,0.07332223118954193
test-2182,0.010469121011988282
test-21820,0.05679697312378616
test-21821,0.10786412842152655
test-21822,0.12188818413615392
test-21823,0.039240974045048053
test-21824,0.023166836780113928
test-21825,0.012411990183512231
test-21826,0.027471521470755177
test-21827,0.11945283735296228
test-21828,0.24480477142855472
test-21829,0.1280339787175386
test-2183,0.123817286149575
test-21830,0.18991510865421662
test-21831,0.015678999364937274
test-21832,0.07996334283829358
test-21833,0.037077876506269224
test-21834,0.016556277799874355
test-21835,0.11078191495563915
test-21836,0.3092856954762236
test-21837,0.1357099250671997
test-21838,0.0279928023704105
test-21839,0.044200675822435566
test-2184,0.06697303303448889
test-21840,0.10007759518522216
test-21841,0.04418003581060917
test-21842,0.2920032221413379
test-21843,0.10134097088221969
test-21844,0.03254705391801379
test-21845,0.009533582362629042
test-21846,0.03325057863595383
test-21847,0.024686231986163914
test-21848,0.0681125196682653
test-21849,0.03551920937044728
test-2185,0.011030138218203044
test-21850,0.010228258483743096
test-21851,0.03092332398101768
test-21852,0.0905869632991712
test-21853,0.009781861533288918
test-21854,0.25314905087398376
test-21855,0.009976583418904679
test-21856,0.04688163618239434
test-21857,0.21430392653138466
test-21858,0.023045836366067482
test-21859,0.04315587774234556
test-2186,0.1398388875173638
test-21860,0.18436960713747388
test-21861,0.18763176329794243
test-21862,0.026219972855348855
test-21863,0.025196391022789387
test-21864,0.15978295999605027
test-21865,0.056803589937586614
test-21866,0.0687732139720173
test-21867,0.026330710100582837
test-21868,0.03244213733270591
test-21869,0.22582502513291933
test-2187,0.05419405261073176
test-21870,0.10373811943857802
test-21871,0.022391111026005585
test-21872,0.019043424207629587
test-21873,0.020041431750531868
test-21874,0.20977736276181522
test-21875,0.03836300985237949
test-21876,0.0669392073111586
test-21877,0.16934934414496067
test-21878,0.011319536856841486
test-21879,0.13182706495942334
test-2188,0.014457000481766787
test-21880,0.04375657681748018
test-21881,0.037056248963493514
test-21882,0.19849593447237726
test-21883,0.038541342974410385
test-21884,0.022800710888614118
test-21885,0.2261781606468919
test-21886,0.0402412573722496
test-21887,0.11585766931797682
test-21888,0.014973102987293846
test-21889,0.0704988831718322
test-2189,0.22361176710267536
test-21890,0.010341591219122752
test-21891,0.01941435812775784
test-21892,0.12215821447161053
test-21893,0.06009669382955048
test-21894,0.2759703076540338
test-21895,0.14305790330253335
test-21896,0.014854846767442104
test-21897,0.16344443264300026
test-21898,0.03218645145164006
test-21899,0.020427175607679843
test-219,0.3479339001931717
test-2190,0.1937568613734929
test-21900,0.2312334085153383
test-21901,0.007958216974185594
test-21902,0.23999469445301086
test-21903,0.2587122979765227
test-21904,0.31031435814079444
test-21905,0.013190198774248988
test-21906,0.063311338681938
test-21907,0.047685951258743406
test-21908,0.11238670469216297
test-21909,0.11607553849948815
test-2191,0.25907218886197914
test-21910,0.1956740755335322
test-21911,0.03859526361116066
test-21912,0.023031517798662006
test-21913,0.08750886148931776
test-21914,0.04870462279915135
test-21915,0.02989508827153429
test-21916,0.20164579624076553
test-21917,0.010641545904787846
test-21918,0.038382651072094584
test-21919,0.027471521470755177
test-2192,0.04313873149353708
test-21920,0.06143547930471129
test-21921,0.029494183481007602
test-21922,0.024305372375806558
test-21923,0.06458167805855757
test-21924,0.02702622875327726
test-21925,0.020197444048484052
test-21926,0.18797718250101078
test-21927,0.1744387507081044
test-21928,0.12311085874983081
test-21929,0.08592132109463028
test-2193,0.03901215158405349
test-21930,0.02658884216911028
test-21931,0.03501710170848993
test-21932,0.026618962511771316
test-21933,0.1359577385015214
test-21934,0.03290725559386675
test-21935,0.2926619154756492
test-21936,0.08290872674684348
test-21937,0.018530533543713514
test-21938,0.018885788407456097
test-21939,0.03177081331672872
test-2194,0.0097597353469135
test-21940,0.12711048432548092
test-21941,0.0801953694129738
test-21942,0.24406528299253533
test-21943,0.0282719114835857
test-21944,0.29338800458021236
test-21945,0.033645647809499406
test-21946,0.007356350848457974
test-21947,0.2057585640366197
test-21948,0.03831213756710356
test-21949,0.07013717606758778
test-2195,0.021127311226465943
test-21950,0.011889171429433633
test-21951,0.008164606270353371
test-21952,0.3661599792857224
test-21953,0.1285727876993293
test-21954,0.1725605681179358
test-21955,0.04475351461529831
test-21956,0.01715471105725588
test-21957,0.2686177398492767
test-21958,0.2972437322420582
test-21959,0.008532844621562225
test-2196,0.01594880250535449
test-21960,0.013445995230988793
test-21961,0.02403168801781399
test-21962,0.14584971832814003
test-21963,0.07442099132246216
test-21964,0.03957797408190487
test-21965,0.02844686623442999
test-21966,0.016340440800913528
test-21967,0.04315587774234556
test-21968,0.13061086720851464
test-21969,0.0757212726663368
test-2197,0.02886124991159067
test-21970,0.029352246102526514
test-21971,0.10596074993119436
test-21972,0.011582293829411805
test-21973,0.04315587774234556
test-21974,0.0182568040795778
test-21975,0.04252105837468247
test-21976,0.009607944137500046
test-21977,0.13456207490355226
test-21978,0.061577899304617906
test-21979,0.0490604927775347
test-2198,0.04076239317063922
test-21980,0.05364500490644418
test-21981,0.17359742897013372
test-21982,0.09697256493189678
test-21983,0.01920555931104592
test-21984,0.1836435456320863
test-21985,0.0801953694129738
test-21986,0.014399280464457943
test-21987,0.005515272676865578
test-21988,0.13586017626295327
test-21989,0.028562276380827197
test-2199,0.13677235331463847
test-21990,0.0732858674232542
test-21991,0.013784592911283648
test-21992,0.013419676280618999
test-21993,0.4044532258652027
test-21994,0.10373811943857802
test-21995,0.14910042259153042
test-21996,0.1236921873647128
test-21997,0.4123612153931427
test-21998,0.056399782717407705
test-21999,0.0704341936884192
test-22,0.013455593682431249
test-220,0.020662532615172032
test-2200,0.14096939958938567
test-22000,0.18101752907328023
test-22001,0.02372289305257482
test-22002,0.00720477712453358
test-22003,0.06769089613322582
test-22004,0.13933670758604677
test-22005,0.1131961227554927
test-22006,0.00865297309472997
test-22007,0.09787796055403811
test-22008,0.020684240170290438
test-22009,0.011030138218203044
test-2201,0.047568442819313585
test-22010,0.022154803924388237
test-22011,0.0484099452035002
test-22012,0.012551850053544745
test-22013,0.0687732139720173
test-22014,0.3970141567550372
test-22015,0.1855297234514197
test-22016,0.01074635737178932
test-22017,0.3267316099443742
test-22018,0.31031435814079444
test-22019,0.027017355572967725
test-2202,0.0526892374520386
test-22020,0.024065305737846807
test-22021,0.026608056650444283
test-22022,0.14238484203430163
test-22023,0.044301467126882994
test-22024,0.01696772664928711
test-22025,0.10707288421980055
test-22026,0.05053106596559426
test-22027,0.015303531457172576
test-22028,0.08219192647824698
test-22029,0.009152283487964997
test-2203,0.04247980001859572
test-22030,0.16131679160963874
test-22031,0.1517614078567768
test-22032,0.022520094337131494
test-22033,0.12397725016062168
test-22034,0.034462792400414846
test-22035,0.018075202103460575
test-22036,0.029735560742479045
test-22037,0.006920302469094811
test-22038,0.0717393774838623
test-22039,0.0250628039606794
test-2204,0.024077293830387397
test-22040,0.016394328576076526
test-22041,0.13844485831116107
test-22042,0.15049888300748418
test-22043,0.2902583483792053
test-22044,0.013970271072864263
test-22045,0.11945283735296228
test-22046,0.09526063506268198
test-22047,0.006542167703261665
test-22048,0.016661139461986413
test-22049,0.09435854111353265
test-2205,0.12819412947753134
test-22050,0.016947021376423958
test-22051,0.016775741950291554
test-22052,0.009858737642019623
test-22053,0.06950330821766205
test-22054,0.012287098800573505
test-22055,0.07956923105483538
test-22056,0.016515546354808678
test-22057,0.0340354194969478
test-22058,0.012637397863476533
test-22059,0.041305979838953615
test-2206,0.07439439932428475
test-22060,0.1527908173977836
test-22061,0.18740145258191054
test-22062,0.24091044029860736
test-22063,0.03253783055702789
test-22064,0.024039659086970963
test-22065,0.34177531120432536
test-22066,0.03909337831727336
test-22067,0.013451607661465295
test-22068,0.09987131729732862
test-22069,0.1100306391246676
test-2207,0.1498790469677485
test-22070,0.2572877608405753
test-22071,0.004750830298266732
test-22072,0.035155986719378134
test-22073,0.16932381153658752
test-22074,0.10803860809830294
test-22075,0.03841256078564987
test-22076,0.021236631428677728
test-22077,0.011762480302304661
test-22078,0.16334488242117692
test-22079,0.04280662989937127
test-2208,0.03769433366012701
test-22080,0.012421058975132909
test-22081,0.010514797699172108
test-22082,0.016576553225385378
test-22083,0.05015361019965683
test-22084,0.025479106252630813
test-22085,0.026735832435981488
test-22086,0.14803251656940444
test-22087,0.04521729515730061
test-22088,0.12693853033951388
test-22089,0.2900897188162139
test-2209,0.12881874938012194
test-22090,0.1715718216839444
test-22091,0.14842351771471976
test-22092,0.01407882325346028
test-22093,0.009491556569643825
test-22094,0.07141171176800089
test-22095,0.16758565459287064
test-22096,0.24880251280357968
test-22097,0.058282765820229614
test-22098,0.014409061047950275
test-22099,0.015309513774473461
test-221,0.28501449483042474
test-2210,0.23148227072948901
test-22100,0.005915499639673028
test-22101,0.014567179417027027
test-22102,0.15260120442820688
test-22103,0.024776090984534933
test-22104,0.10466381811684634
test-22105,0.05733859398736968
test-22106,0.04475351461529831
test-22107,0.023210251452233845
test-22108,0.031036219541288802
test-22109,0.05339307069340168
test-2211,0.11690782927104641
test-22110,0.0068507375963083456
test-22111,0.009520275071068585
test-22112,0.02658887004223075
test-22113,0.1448523268394066
test-22114,0.12933791346095003
test-22115,0.1479371345229615
test-22116,0.02113250467302959
test-22117,0.1502924497158663
test-22118,0.08037106872093777
test-22119,0.1297815114498038
test-2212,0.008698463109789388
test-22120,0.26161350162189884
test-22121,0.04216210758700865
test-22122,0.06032577780474794
test-22123,0.06803412447426488
test-22124,0.07538324205098061
test-22125,0.04785123353804489
test-22126,0.019975304260075915
test-22127,0.17645226684991447
test-22128,0.01397675103601954
test-22129,0.016210667396810204
test-2213,0.08498126119696538
test-22130,0.007748129971488833
test-22131,0.04252105837468247
test-22132,0.06100418470220638
test-22133,0.21673931218808265
test-22134,0.24457563176064923
test-22135,0.10708433257386929
test-22136,0.026220686604311535
test-22137,0.01210533349608702
test-22138,0.01764773656650153
test-22139,0.032766392234991525
test-2214,0.1866910740384154
test-22140,0.009094262385226646
test-22141,0.06573454546242867
test-22142,0.022200229781094625
test-22143,0.07765548192385864
test-22144,0.10849311745818162
test-22145,0.1328209357699467
test-22146,0.017902543684643002
test-22147,0.3763809433013029
test-22148,0.025662694203881193
test-22149,0.09985649801372733
test-2215,0.007533007245949239
test-22150,0.22460803908495514
test-22151,0.22214281295599667
test-22152,0.009730089308670982
test-22153,0.017681668286021995
test-22154,0.009781861533288918
test-22155,0.07892676366715001
test-22156,0.3519643993075685
test-22157,0.032338855700261314
test-22158,0.34897402272701794
test-22159,0.1327447791341301
test-2216,0.012943562826116422
test-22160,0.03130781405117856
test-22161,0.01682081831034699
test-22162,0.374116423959198
test-22163,0.010573138019984689
test-22164,0.1534839806469557
test-22165,0.00868853803529715
test-22166,0.0171870050393393
test-22167,0.021802708346886173
test-22168,0.1281507170294179
test-22169,0.2075451534974683
test-2217,0.10022332301988479
test-22170,0.05828635704980178
test-22171,0.31639113532117935
test-22172,0.0461270517215274
test-22173,0.015689196396553112
test-22174,0.009306354628214686
test-22175,0.12199667849399441
test-22176,0.02017485931351411
test-22177,0.012870821140707702
test-22178,0.07947411752721788
test-22179,0.19596064678236538
test-2218,0.019907949462462094
test-22180,0.1430417526030529
test-22181,0.07239619961203976
test-22182,0.1694410976597318
test-22183,0.08707366029031742
test-22184,0.165140073576674
test-22185,0.1584978843703849
test-22186,0.032826469594825936
test-22187,0.19749331501778147
test-22188,0.07462803487437973
test-22189,0.260686008382042
test-2219,0.09787796055403811
test-22190,0.022848566258954907
test-22191,0.19183286631581162
test-22192,0.02065314625643814
test-22193,0.04825073104031772
test-22194,0.10754209779838578
test-22195,0.10983550391166969
test-22196,0.13894576638422704
test-22197,0.21962385265766904
test-22198,0.3937301534634637
test-22199,0.011082051018715226
test-222,0.15686537483280075
test-2220,0.010386146808180383
test-22200,0.04137178117129127
test-22201,0.0687732139720173
test-22202,0.31674097691309655
test-22203,0.09985649801372733
test-22204,0.09170354223413851
test-22205,0.03892298309076365
test-22206,0.007592523433031754
test-22207,0.15034905799445494
test-22208,0.022292937190720903
test-22209,0.16584861993413447
test-2221,0.038428531146356124
test-22210,0.1552563645505798
test-22211,0.18993554007080127
test-22212,0.21994828312465983
test-22213,0.012748109918163865
test-22214,0.042729595662613175
test-22215,0.18323902836975078
test-22216,0.012837377963832408
test-22217,0.01129796531464506
test-22218,0.006387183344604704
test-22219,0.1215253742348914
test-2222,0.014236250470800828
test-22220,0.014423842832422913
test-22221,0.3390530174250527
test-22222,0.03219546776730295
test-22223,0.014722151559698256
test-22224,0.012429880067470896
test-22225,0.09526063506268198
test-22226,0.013840727264436517
test-22227,0.020446234033832653
test-22228,0.3690196106528706
test-22229,0.1505698445299812
test-2223,0.2668577948656582
test-22230,0.07154554671561687
test-22231,0.09377984705417095
test-22232,0.034698395865749423
test-22233,0.025275838923216623
test-22234,0.07896917855603469
test-22235,0.010494522582037098
test-22236,0.020705049486284342
test-22237,0.025263244743373017
test-22238,0.046009648738188004
test-22239,0.02161022109069046
test-2224,0.008284913791568087
test-22240,0.025570913457160636
test-22241,0.1630252958546963
test-22242,0.1895702336482632
test-22243,0.1274184724137028
test-22244,0.2136812937838418
test-22245,0.27189390352447507
test-22246,0.021688498994026747
test-22247,0.0105448410564779
test-22248,0.29349263974608897
test-22249,0.0846182167635542
test-2225,0.09356840746315706
test-22250,0.34298480767963246
test-22251,0.20072684982663552
test-22252,0.26564977251338157
test-22253,0.06888665325992376
test-22254,0.07896917855603469
test-22255,0.011774706341344213
test-22256,0.17137365395062315
test-22257,0.07247317414581772
test-22258,0.034462792400414846
test-22259,0.07403405058130529
test-2226,0.0415259300061954
test-22260,0.022055050796613605
test-22261,0.03105568288046959
test-22262,0.13042859879859986
test-22263,0.037056248963493514
test-22264,0.018854728754135373
test-22265,0.08676426786931425
test-22266,0.009799314179063528
test-22267,0.08219192647824698
test-22268,0.030860211436749246
test-22269,0.2702472396186592
test-2227,0.03068461583555348
test-22270,0.28789486696042543
test-22271,0.017718884783646683
test-22272,0.03455328207199583
test-22273,0.2262887729828075
test-22274,0.023399728811577574
test-22275,0.05042527702591114
test-22276,0.0707119985986715
test-22277,0.05003697088968722
test-22278,0.08576029758666617
test-22279,0.009583476597852794
test-2228,0.14899611504925847
test-22280,0.14949214486082593
test-22281,0.09435854111353265
test-22282,0.054496396317886546
test-22283,0.030072309379175235
test-22284,0.02663298210448609
test-22285,0.010779987021124678
test-22286,0.04334225999316631
test-22287,0.011250522619742307
test-22288,0.019098297349948105
test-22289,0.009538998399251233
test-2229,0.03957797408190487
test-22290,0.011927833329647695
test-22291,0.3205679663423559
test-22292,0.03463949684741584
test-22293,0.019431151142109623
test-22294,0.009120053801940498
test-22295,0.016826710537060606
test-22296,0.023099259160766033
test-22297,0.04858805633031072
test-22298,0.12417994474416202
test-22299,0.009397093497874971
test-223,0.2044799643817732
test-2230,0.0157632870098022
test-22300,0.1885330971584778
test-22301,0.08328506147084926
test-22302,0.013832898889985101
test-22303,0.014333749351130689
test-22304,0.12078242180406311
test-22305,0.009428850889518964
test-22306,0.05339307069340168
test-22307,0.026304281752079436
test-22308,0.05513179153749908
test-22309,0.11028807378232115
test-2231,0.0462895261236232
test-22310,0.15533199208584206
test-22311,0.019778709629630863
test-22312,0.029928256263039653
test-22313,0.008879121887433762
test-22314,0.11203426994054623
test-22315,0.11462741874133182
test-22316,0.2861105927733099
test-22317,0.02262851192043021
test-22318,0.1296254605174991
test-22319,0.15841744571944305
test-2232,0.022451056682111375
test-22320,0.09787796055403811
test-22321,0.022794369189518656
test-22322,0.12673843683910638
test-22323,0.14405192357535695
test-22324,0.05080244854674807
test-22325,0.07005365212550059
test-22326,0.0905424941527192
test-22327,0.2585724078548927
test-22328,0.009632544429474373
test-22329,0.027817344397999155
test-2233,0.02999330124040671
test-22330,0.16695447271917302
test-22331,0.12372651010079236
test-22332,0.03587934606886744
test-22333,0.2518228744504913
test-22334,0.10135147787955867
test-22335,0.1897535197214115
test-22336,0.025691768074323773
test-22337,0.10230256088136595
test-22338,0.1080269657930927
test-22339,0.030851601749641883
test-2234,0.22873835505462223
test-22340,0.013839819364253016
test-22341,0.03891941028044971
test-22342,0.06339071824422281
test-22343,0.22065011233283446
test-22344,0.25561895904408594
test-22345,0.03368234292628514
test-22346,0.12220509538505206
test-22347,0.012138647860096222
test-22348,0.07357265692355214
test-22349,0.04677010759710438
test-2235,0.023449154016755736
test-22350,0.011187251021973528
test-22351,0.018600094104012335
test-22352,0.21106553127735175
test-22353,0.021971619583677326
test-22354,0.014908278568920727
test-22355,0.032485655653235364
test-22356,0.43629161781418635
test-22357,0.036558056420717036
test-22358,0.04163745545716946
test-22359,0.023520987571431954
test-2236,0.18694302148925537
test-22360,0.04861118999106893
test-22361,0.009625703265044553
test-22362,0.01831449310942009
test-22363,0.17942591900817922
test-22364,0.14112196365746946
test-22365,0.05647190460229363
test-22366,0.041985719365990465
test-22367,0.009945544235989269
test-22368,0.026337828764303985
test-22369,0.018758337434646406
test-2237,0.012801977114138809
test-22370,0.06849771011134502
test-22371,0.12129389452890012
test-22372,0.00423963239493021
test-22373,0.07332223118954193
test-22374,0.029730353266666676
test-22375,0.32311302066101333
test-22376,0.10952592398095332
test-22377,0.03244325967059525
test-22378,0.1944346418129891
test-22379,0.13731171035429612
test-2238,0.04080666131276263
test-22380,0.009852807965425068
test-22381,0.021575050570424165
test-22382,0.057367774993387716
test-22383,0.022067481878192026
test-22384,0.03973997423646377
test-22385,0.029243962142926162
test-22386,0.20996267198120028
test-22387,0.12796851635119139
test-22388,0.07078752195819954
test-22389,0.00965196833511846
test-2239,0.021943156355399795
test-22390,0.33754593629652924
test-22391,0.2587806466152034
test-22392,0.09787796055403811
test-22393,0.009242618196898634
test-22394,0.07896917855603469
test-22395,0.030416677099046434
test-22396,0.020446234033832653
test-22397,0.11235991218175079
test-22398,0.2290633232194293
test-22399,0.061577899304617906
test-224,0.009815164620614472
test-2240,0.033090003765741324
test-22400,0.017618462423255654
test-22401,0.008574222626258092
test-22402,0.11406573607985475
test-22403,0.18398526347552896
test-22404,0.028491628671494282
test-22405,0.12951355568067852
test-22406,0.10917614664131867
test-22407,0.07402755553168629
test-22408,0.31859499434299676
test-22409,0.031766375748072784
test-2241,0.009686133284585799
test-22410,0.07224660852313712
test-22411,0.14972241428537483
test-22412,0.09050064881075498
test-22413,0.05339307069340168
test-22414,0.014321989434331162
test-22415,0.027008100373312516
test-22416,0.022709669503999576
test-22417,0.01901081624613429
test-22418,0.015933168290220238
test-22419,0.011412396243571784
test-2242,0.013781538278453138
test-22420,0.04420317616885291
test-22421,0.0322560369895652
test-22422,0.05939936952837838
test-22423,0.14811326198206934
test-22424,0.020740071159441494
test-22425,0.060830464168921544
test-22426,0.0102921656876595
test-22427,0.04640605176285617
test-22428,0.01822359528897717
test-22429,0.09967505524039096
test-2243,0.013268373397457154
test-22430,0.0076923280727946
test-22431,0.22168517865713355
test-22432,0.20269734832092962
test-22433,0.020118589430814824
test-22434,0.013761528927020985
test-22435,0.1699443594698008
test-22436,0.12464065141340588
test-22437,0.09060451134717809
test-22438,0.13924898768105945
test-22439,0.01924557170142916
test-2244,0.032421657071490584
test-22440,0.043807873557109724
test-22441,0.08076185258849512
test-22442,0.030943931599701248
test-22443,0.2825641128556581
test-22444,0.01867456576092941
test-22445,0.012996523334882189
test-22446,0.06021383823411755
test-22447,0.16759331157244334
test-22448,0.016282556980413386
test-22449,0.0959036876992447
test-2245,0.011124771972564724
test-22450,0.014129068132837291
test-22451,0.009886044864823714
test-22452,0.13241872866068644
test-22453,0.07452721556157736
test-22454,0.122435911082341
test-22455,0.009762185337119221
test-22456,0.0669392073111586
test-22457,0.05671938930745996
test-22458,0.19494900657330202
test-22459,0.11543498080582862
test-2246,0.01060099007309858
test-22460,0.15795178963336792
test-22461,0.032932032271973666
test-22462,0.037022277306560776
test-22463,0.07861063060501537
test-22464,0.0618665757261839
test-22465,0.03995276287054397
test-22466,0.06803412447426488
test-22467,0.12663596937894922
test-22468,0.011458178797830204
test-22469,0.19325477420079612
test-2247,0.010002924390435724
test-22470,0.04692599697513659
test-22471,0.13632316857259644
test-22472,0.13919012465966588
test-22473,0.1014585054700799
test-22474,0.0366900459855652
test-22475,0.0967050560562106
test-22476,0.12913253738235023
test-22477,0.009302260764600664
test-22478,0.016851407228800883
test-22479,0.10061140798356767
test-2248,0.04252105837468247
test-22480,0.021613816280089845
test-22481,0.03320625816364613
test-22482,0.023348959010401113
test-22483,0.05068360982303985
test-22484,0.07896917855603469
test-22485,0.0492694383843308
test-22486,0.02325643588645545
test-22487,0.22140449632163256
test-22488,0.059501922873155644
test-22489,0.044389843363571366
test-2249,0.1051197952040346
test-22490,0.011916295658384026
test-22491,0.0207079108135696
test-22492,0.029182817785585513
test-22493,0.040651466015926035
test-22494,0.008367675566287766
test-22495,0.17953857412138013
test-22496,0.036072627127886246
test-22497,0.12202170823461114
test-22498,0.3025196060009768
test-22499,0.09860381645007209
test-225,0.01072866569285139
test-2250,0.21385679185462808
test-22500,0.027196825730237004
test-22501,0.34413577164168624
test-22502,0.14132099506912316
test-22503,0.015741570334418108
test-22504,0.09172171769454769
test-22505,0.11025666896035011
test-22506,0.03731988944599887
test-22507,0.006606502533672383
test-22508,0.0888687870523802
test-22509,0.030304841778087264
test-2251,0.042672695555095945
test-22510,0.2255233688766979
test-22511,0.02613263726504057
test-22512,0.01777384516652834
test-22513,0.033426923884482096
test-22514,0.20043085475617364
test-22515,0.02237207512070724
test-22516,0.02323055112395307
test-22517,0.15063982772402734
test-22518,0.006327134528860333
test-22519,0.009963116845369541
test-2252,0.020846516394319916
test-22520,0.17629131291733968
test-22521,0.1285727876993293
test-22522,0.022368022581889607
test-22523,0.17019172700774154
test-22524,0.038626683357001965
test-22525,0.02019233342655222
test-22526,0.03222440361058482
test-22527,0.018583569826702645
test-22528,0.01749312087043599
test-22529,0.14744087275505188
test-2253,0.05015459587199103
test-22530,0.02689749765373069
test-22531,0.17645226684991447
test-22532,0.02776721800820969
test-22533,0.11729750647391202
test-22534,0.1314195162255005
test-22535,0.018053394013699885
test-22536,0.1311089137353498
test-22537,0.05997031636792433
test-22538,0.020863484760215954
test-22539,0.23843718690933682
test-2254,0.014448990240790775
test-22540,0.08091840458510943
test-22541,0.016465334983700577
test-22542,0.156496855496956
test-22543,0.02918051399446568
test-22544,0.029579909780141737
test-22545,0.011227951015457725
test-22546,0.15383160042388366
test-22547,0.15965449062459794
test-22548,0.19920631482983664
test-22549,0.09388286991191933
test-2255,0.19591385791385788
test-22550,0.24717929352281895
test-22551,0.021993283413471565
test-22552,0.19163495071917877
test-22553,0.2230254562198059
test-22554,0.03492787849138754
test-22555,0.03778769797890226
test-22556,0.026236793271283313
test-22557,0.034214966741507605
test-22558,0.02906330212633207
test-22559,0.141907403989948
test-2256,0.009478393732783459
test-22560,0.017134350153399334
test-22561,0.12243265641665092
test-22562,0.15828288367460835
test-22563,0.015915743023318156
test-22564,0.14522295837489763
test-22565,0.19920175058196082
test-22566,0.116257765319559
test-22567,0.043147621847716686
test-22568,0.023052883726647905
test-22569,0.20348327416031253
test-2257,0.07404194646625441
test-22570,0.03776650399126331
test-22571,0.12382882888371301
test-22572,0.016802303313600064
test-22573,0.17226273876472953
test-22574,0.03991427570930743
test-22575,0.01928934374284873
test-22576,0.015617293519824306
test-22577,0.12954064052101308
test-22578,0.10932570035801892
test-22579,0.016188672932548394
test-2258,0.13114139153008425
test-22580,0.008711053771594821
test-22581,0.23016137943136725
test-22582,0.020741469757303017
test-22583,0.01409995231463874
test-22584,0.3000576847348726
test-22585,0.31227685179208214
test-22586,0.16214454250781563
test-22587,0.15045698827352538
test-22588,0.0446806834303589
test-22589,0.13146435913779142
test-2259,0.029231169958597075
test-22590,0.062071202814142315
test-22591,0.18624157892705298
test-22592,0.03852137181446559
test-22593,0.028683551785324796
test-22594,0.23507528264516364
test-22595,0.0846182167635542
test-22596,0.02012704061313336
test-22597,0.09985649801372733
test-22598,0.07145464757808032
test-22599,0.01797714022572217
test-226,0.1408487658022275
test-2260,0.00953747642271321
test-22600,0.03563965779772
test-22601,0.05591491040930066
test-22602,0.19551756865632045
test-22603,0.024096545365370942
test-22604,0.14332591450896554
test-22605,0.04906984181357477
test-22606,0.14339612261291299
test-22607,0.05745040110534035
test-22608,0.017713651871672037
test-22609,0.020529161562685465
test-2261,0.07357265692355214
test-22610,0.026343262022530543
test-22611,0.023981786279137923
test-22612,0.013071195995393076
test-22613,0.03708579632277993
test-22614,0.06599748648444245
test-22615,0.0672766734639453
test-22616,0.021052692046546723
test-22617,0.03752928220796292
test-22618,0.12543093045642023
test-22619,0.07014673511928562
test-2262,0.2573139765873881
test-22620,0.009380600552088591
test-22621,0.14944509103915843
test-22622,0.21308873964172284
test-22623,0.1315036986362925
test-22624,0.09442793442436977
test-22625,0.014666013507546864
test-22626,0.09894217917792562
test-22627,0.00967846089560349
test-22628,0.03316389205063817
test-22629,0.03653600915182936
test-2263,0.24469555896499284
test-22630,0.031621431642325885
test-22631,0.016522739656202406
test-22632,0.022809227291219883
test-22633,0.04051473787355654
test-22634,0.014371662010114477
test-22635,0.012424336808333953
test-22636,0.021892101622338386
test-22637,0.020687851181157867
test-22638,0.14577335901536448
test-22639,0.02790234626168806
test-2264,0.0500189330165921
test-22640,0.022022932627505716
test-22641,0.006497741997301763
test-22642,0.04237865855371526
test-22643,0.10849311745818162
test-22644,0.03668226656393535
test-22645,0.010721340125093718
test-22646,0.01982600331489965
test-22647,0.2352357764567006
test-22648,0.029188912204367985
test-22649,0.010988194659495827
test-2265,0.008551183781861892
test-22650,0.02159651357450992
test-22651,0.014393455435556222
test-22652,0.016075636845657153
test-22653,0.009709665067893622
test-22654,0.13275823804166195
test-22655,0.13775918575813118
test-22656,0.09562249053953521
test-22657,0.020175234210624525
test-22658,0.2617480780356112
test-22659,0.03033005880153032
test-2266,0.04390066646851805
test-22660,0.12137033067599531
test-22661,0.032480437826216325
test-22662,0.06316461800435709
test-22663,0.019897127672164713
test-22664,0.017264518944651818
test-22665,0.025185379479100264
test-22666,0.007463879085555414
test-22667,0.1503055141428237
test-22668,0.011564023695472053
test-22669,0.11223613043163502
test-2267,0.01874077559849464
test-22670,0.02771585531873438
test-22671,0.09163232258553958
test-22672,0.013883808075663915
test-22673,0.27601337163977074
test-22674,0.09609722272234276
test-22675,0.0669392073111586
test-22676,0.09526063506268198
test-22677,0.015473266737853469
test-22678,0.16695447271917302
test-22679,0.04171640118110272
test-2268,0.01930391808166103
test-22680,0.038204484785706185
test-22681,0.01629011466948697
test-22682,0.18703219665321794
test-22683,0.08003083037374147
test-22684,0.015652236380238407
test-22685,0.011504582080289443
test-22686,0.07896917855603469
test-22687,0.023357048087063743
test-22688,0.03301277523282005
test-22689,0.1555931350814595
test-2269,0.03846404224083576
test-22690,0.27329948389759573
test-22691,0.022374718272403303
test-22692,0.018397004852964343
test-22693,0.1855747478741186
test-22694,0.14076111785528153
test-22695,0.009331005082301735
test-22696,0.1172248801298732
test-22697,0.12663596937894922
test-22698,0.12143263438525861
test-22699,0.01840991857217198
test-227,0.13449820233896057
test-2270,0.011285085337948137
test-22700,0.01758069238182379
test-22701,0.3904186118225203
test-22702,0.14914368783785556
test-22703,0.007166031123127767
test-22704,0.06784556354096054
test-22705,0.31126200762717404
test-22706,0.015780587755959308
test-22707,0.03674695441622742
test-22708,0.08804955577300189
test-22709,0.03549511092833334
test-2271,0.24010291847014995
test-22710,0.07084126573575261
test-22711,0.23826661958743064
test-22712,0.013131699011932951
test-22713,0.013876298874662227
test-22714,0.06011906582999229
test-22715,0.10313884400099049
test-22716,0.36236518796272793
test-22717,0.01198063250967757
test-22718,0.011282792336093646
test-22719,0.12605060213284827
test-2272,0.025875280438688877
test-22720,0.021742063048805382
test-22721,0.0830675757809858
test-22722,0.2629804524985572
test-22723,0.22634297173026205
test-22724,0.021897757146381508
test-22725,0.013348677432536211
test-22726,0.08872653645699624
test-22727,0.045939011153483436
test-22728,0.01098713053397949
test-22729,0.04247980001859572
test-2273,0.03269077532948196
test-22730,0.028073208816286853
test-22731,0.02082870817337627
test-22732,0.15801083519644352
test-22733,0.14647978191875846
test-22734,0.1591239103440303
test-22735,0.01105596176885707
test-22736,0.06183208280215057
test-22737,0.17916023214091525
test-22738,0.11709343371842393
test-22739,0.04906984181357477
test-2274,0.11620376548595909
test-22740,0.09371134864380046
test-22741,0.17187463942666387
test-22742,0.015827237132750593
test-22743,0.12349039417945043
test-22744,0.11234085114126248
test-22745,0.0669392073111586
test-22746,0.027026813964718722
test-22747,0.0579432684196716
test-22748,0.02160678382988693
test-22749,0.007622794438620264
test-2275,0.05208457129373567
test-22750,0.01964115724790115
test-22751,0.029464430150035102
test-22752,0.01039779339978416
test-22753,0.2817971605803662
test-22754,0.029807746122729666
test-22755,0.13312312858913178
test-22756,0.017668097819681098
test-22757,0.014591033598052394
test-22758,0.23084371915740734
test-22759,0.09809504279854844
test-2276,0.03882570177492983
test-22760,0.013750835097830537
test-22761,0.015449936841909206
test-22762,0.0061199291319726
test-22763,0.0763993955075822
test-22764,0.1145562784460311
test-22765,0.012584950955687528
test-22766,0.020072314156737374
test-22767,0.0697594879032512
test-22768,0.13341891293094651
test-22769,0.01790399993842116
test-2277,0.019083308025773824
test-22770,0.356245991481278
test-22771,0.429565187771131
test-22772,0.08289335054083824
test-22773,0.13552436332999657
test-22774,0.12929859509122715
test-22775,0.04174818919304055
test-22776,0.02436061766645714
test-22777,0.26638504547581854
test-22778,0.035528120590909575
test-22779,0.014179183172723939
test-2278,0.015663727704454178
test-22780,0.08623588011983543
test-22781,0.40081885860501143
test-22782,0.016205805831215895
test-22783,0.025478576871786562
test-22784,0.057668465861001626
test-22785,0.14743577821797538
test-22786,0.007941880632707052
test-22787,0.02869827896531657
test-22788,0.03957797408190487
test-22789,0.05355724031161237
test-2279,0.06315007721299849
test-22790,0.12072024646703768
test-22791,0.10668265885156561
test-22792,0.06660641078643582
test-22793,0.16695447271917302
test-22794,0.2968881329432317
test-22795,0.3350327778342977
test-22796,0.007086062945371411
test-22797,0.026086937015981106
test-22798,0.033033190567207805
test-22799,0.22361305314271562
test-228,0.058145825712093355
test-2280,0.034395669977477394
test-22800,0.01810291002881179
test-22801,0.04252105837468247
test-22802,0.4001140406804215
test-22803,0.19947960319887648
test-22804,0.0164934355381801
test-22805,0.08810244162854204
test-22806,0.00859919977190791
test-22807,0.1149064070731991
test-22808,0.010347835339781524
test-22809,0.019282984525144174
test-2281,0.012229103429423809
test-22810,0.10914223297658195
test-22811,0.3755548454118817
test-22812,0.04416116209740922
test-22813,0.05581359687739955
test-22814,0.16856276480282711
test-22815,0.03935001074535645
test-22816,0.06183208280215057
test-22817,0.1202531798889819
test-22818,0.10294659768578558
test-22819,0.028276149677544726
test-2282,0.017806216101382086
test-22820,0.02138249328306066
test-22821,0.07149426373546727
test-22822,0.08853495826465144
test-22823,0.22557339212051458
test-22824,0.023504699031333474
test-22825,0.02597948426391501
test-22826,0.06462716434972537
test-22827,0.01924557170142916
test-22828,0.033765874238408114
test-22829,0.18097018439646828
test-2283,0.10195139886812984
test-22830,0.11909980431926818
test-22831,0.21632464031642135
test-22832,0.009397093497874971
test-22833,0.15188903385849267
test-22834,0.04019935806004712
test-22835,0.09719650338387609
test-22836,0.14613048667086465
test-22837,0.051881159946438396
test-22838,0.020895531427687006
test-22839,0.036421250441774466
test-2284,0.1614886002988279
test-22840,0.12366262890717934
test-22841,0.022340090641745528
test-22842,0.23452999807682776
test-22843,0.1906321336995455
test-22844,0.035869870570748245
test-22845,0.008566894681631387
test-22846,0.02211790898164585
test-22847,0.03230214813806657
test-22848,0.18233041260119667
test-22849,0.04847681518340978
test-2285,0.2125790308447566
test-22850,0.25453752245194944
test-22851,0.07508072437035525
test-22852,0.2183637704713695
test-22853,0.1491182270353743
test-22854,0.057790404852267004
test-22855,0.02859238037332473
test-22856,0.15713377787889607
test-22857,0.015478530068307114
test-22858,0.14212798763130552
test-22859,0.019423583336081924
test-2286,0.06866260127631668
test-22860,0.15130664577487501
test-22861,0.10431175156480016
test-22862,0.14459484942082743
test-22863,0.23403521126232962
test-22864,0.020341213045754664
test-22865,0.2105781849673743
test-22866,0.1459394927650123
test-22867,0.05032778070085482
test-22868,0.11941161510819259
test-22869,0.07102626302248695
test-2287,0.016071490140507565
test-22870,0.062005840732513064
test-22871,0.0669392073111586
test-22872,0.07731205898553611
test-22873,0.015890221456501746
test-22874,0.019480457307760587
test-22875,0.009928707470995125
test-22876,0.10845986213872277
test-22877,0.016356074214093953
test-22878,0.061577899304617906
test-22879,0.10712930505460157
test-2288,0.1061380881043245
test-22880,0.02940263916972998
test-22881,0.13980550641447664
test-22882,0.016104212850869562
test-22883,0.14326647293468897
test-22884,0.13714474180555264
test-22885,0.20425089733738827
test-22886,0.01634089692373384
test-22887,0.059951421324132996
test-22888,0.037859779292470475
test-22889,0.06414881698723972
test-2289,0.12071189602284944
test-22890,0.07010500168597945
test-22891,0.18063715021410914
test-22892,0.028218495596262067
test-22893,0.021885275849685932
test-22894,0.06775909463635485
test-22895,0.037658600636406254
test-22896,0.04173363572150367
test-22897,0.015092024658918804
test-22898,0.022033275607859115
test-22899,0.09649882684004954
test-229,0.08003083037374147
test-2290,0.17839559737897584
test-22900,0.0669392073111586
test-22901,0.059501922873155644
test-22902,0.02153993145436651
test-22903,0.09865143086310076
test-22904,0.014971252518148678
test-22905,0.1684725346782363
test-22906,0.009327014931096868
test-22907,0.017055959350372265
test-22908,0.010858655614438587
test-22909,0.01798174463580138
test-2291,0.19048883115173662
test-22910,0.14975304559156927
test-22911,0.10092301406036884
test-22912,0.16948764875643343
test-22913,0.1453034954244117
test-22914,0.03572849155752124
test-22915,0.18504667605255695
test-22916,0.061577899304617906
test-22917,0.02520275559866936
test-22918,0.01611093954665897
test-22919,0.05339307069340168
test-2292,0.0601309635873882
test-22920,0.20370065737261617
test-22921,0.022032558728823752
test-22922,0.018353400439729932
test-22923,0.007628637014242552
test-22924,0.011845378996182092
test-22925,0.01620202664341794
test-22926,0.08589688332051096
test-22927,0.0760522510795301
test-22928,0.01752270966270507
test-22929,0.0744759739511813
test-2293,0.0480874289899147
test-22930,0.025344699810064097
test-22931,0.054523740482411466
test-22932,0.01578396554499557
test-22933,0.0846182167635542
test-22934,0.014271614415249368
test-22935,0.03676734955527032
test-22936,0.09435854111353265
test-22937,0.09787796055403811
test-22938,0.016549197240989064
test-22939,0.09594855708815508
test-2294,0.07802819961977205
test-22940,0.14322534686649982
test-22941,0.25788273733967376
test-22942,0.017691908684421935
test-22943,0.024764443143459304
test-22944,0.03206614162071454
test-22945,0.020905137930858804
test-22946,0.03283191306346748
test-22947,0.0950371384022757
test-22948,0.13324732924788915
test-22949,0.005190897893246332
test-2295,0.01836755744191055
test-22950,0.028038770263933657
test-22951,0.0424007001720924
test-22952,0.2816031368114811
test-22953,0.024276620829444772
test-22954,0.1543693773528168
test-22955,0.34617833650747754
test-22956,0.389606039667169
test-22957,0.0669392073111586
test-22958,0.1627786007665335
test-22959,0.11364279010462254
test-2296,0.07845406085590913
test-22960,0.04008594799498094
test-22961,0.007383347351553944
test-22962,0.028080408580459893
test-22963,0.011268006765657068
test-22964,0.123817286149575
test-22965,0.09966546642080193
test-22966,0.08779086160684803
test-22967,0.07342591686907053
test-22968,0.023911962709066252
test-22969,0.18544338231090202
test-2297,0.08287687233596294
test-22970,0.05591491040930066
test-22971,0.04853815658034792
test-22972,0.05077331975441984
test-22973,0.015846248989286014
test-22974,0.03020006497639016
test-22975,0.2011454835030215
test-22976,0.061577899304617906
test-22977,0.3951689071688702
test-22978,0.012115979043114329
test-22979,0.04819813299406644
test-2298,0.009672986816219831
test-22980,0.13091380359304408
test-22981,0.1758084497847594
test-22982,0.14344974862240917
test-22983,0.08230729353112
test-22984,0.017725032602695614
test-22985,0.11340086533624295
test-22986,0.013750835097830537
test-22987,0.009337923270298419
test-22988,0.013847872797619794
test-22989,0.019043424207629587
test-2299,0.03659615857069638
test-22990,0.32980848512740385
test-22991,0.008104545779943101
test-22992,0.32784874043892703
test-22993,0.21663005549954117
test-22994,0.01039779339978416
test-22995,0.15525819850513814
test-22996,0.15282763915683897
test-22997,0.19937458925308535
test-22998,0.3143146047176395
test-22999,0.008860629688295207
test-23,0.008113438720316092
test-230,0.283288396533702
test-2300,0.024665232029612214
test-23000,0.09435854111353265
test-23001,0.23845852496213046
test-23002,0.024134454892395348
test-23003,0.05339307069340168
test-23004,0.009634610618541295
test-23005,0.05139570216608316
test-23006,0.2072628066731881
test-23007,0.028199034473416068
test-23008,0.12632551529915403
test-23009,0.02036642976241074
test-2301,0.13584648180255504
test-23010,0.2388076927061202
test-23011,0.1107535750513729
test-23012,0.06232053961884201
test-23013,0.00872696238191621
test-23014,0.2949027250455158
test-23015,0.01498236144258512
test-23016,0.036195527746419535
test-23017,0.1666945221037595
test-23018,0.08683625572326784
test-23019,0.20642453129317387
test-2302,0.10373811943857802
test-23020,0.14157772963809617
test-23021,0.07344271144404275
test-23022,0.07825714499228684
test-23023,0.02268487837154914
test-23024,0.09834830109745679
test-23025,0.25541852355787653
test-23026,0.1881742002390093
test-23027,0.19406424438699452
test-23028,0.061577899304617906
test-23029,0.012186800145201855
test-2303,0.2668454223882926
test-23030,0.029274134367287315
test-23031,0.19715383299252162
test-23032,0.03029029928545496
test-23033,0.054794902722970086
test-23034,0.2520944155446072
test-23035,0.022404765676013565
test-23036,0.19972799942412386
test-23037,0.17758757867666725
test-23038,0.03370618115869601
test-23039,0.07300415700059695
test-2304,0.011520687890886774
test-23040,0.062251093173730274
test-23041,0.0998680989457238
test-23042,0.07799433853261355
test-23043,0.02992913762085387
test-23044,0.1624279978073522
test-23045,0.03157680006439106
test-23046,0.0669392073111586
test-23047,0.026251279016210403
test-23048,0.008099033516475425
test-23049,0.091231142264691
test-2305,0.05646881659398896
test-23050,0.04605195866002569
test-23051,0.1244892465673478
test-23052,0.11803087843920418
test-23053,0.013063690902990964
test-23054,0.04082080458984436
test-23055,0.010210464518042351
test-23056,0.09168794399558323
test-23057,0.1508210897654325
test-23058,0.3370774127348978
test-23059,0.029441973639259253
test-2306,0.010709729575568644
test-23060,0.19018402637712978
test-23061,0.05053106596559426
test-23062,0.07956923105483538
test-23063,0.010004807532426179
test-23064,0.374183593555531
test-23065,0.18270111960486812
test-23066,0.09412856883417271
test-23067,0.010848405650849068
test-23068,0.02009528051670963
test-23069,0.26181336086805373
test-2307,0.011942102509070482
test-23070,0.04829525295945928
test-23071,0.018754549078603713
test-23072,0.17091370150702118
test-23073,0.18418539639569032
test-23074,0.14181899223220346
test-23075,0.02140020101494639
test-23076,0.126313816805919
test-23077,0.17645226684991447
test-23078,0.009386244827416762
test-23079,0.10706638164210829
test-2308,0.04730843849367695
test-23080,0.1244892465673478
test-23081,0.045870904703822726
test-23082,0.10409623901434892
test-23083,0.006223786633920408
test-23084,0.09119339770255026
test-23085,0.3084101490930443
test-23086,0.04953858611954152
test-23087,0.039477482084524645
test-23088,0.0669392073111586
test-23089,0.1059535626556491
test-2309,0.05368058579374111
test-23090,0.018521759722595996
test-23091,0.13157402283001324
test-23092,0.011476778796157376
test-23093,0.14660621249274897
test-23094,0.2095556258889849
test-23095,0.07799433853261355
test-23096,0.011452462859885637
test-23097,0.13731171035429612
test-23098,0.07802819961977205
test-23099,0.020900916161280595
test-231,0.2612148384726325
test-2310,0.023365772919033252
test-23100,0.03236676602268368
test-23101,0.03324399053756197
test-23102,0.062335148864845154
test-23103,0.25121184318481943
test-23104,0.0070789951346734254
test-23105,0.05487776745599645
test-23106,0.20135729685213485
test-23107,0.03204532565293631
test-23108,0.01846372316810039
test-23109,0.17319298693767737
test-2311,0.02078340551905986
test-23110,0.025140656710933715
test-23111,0.026017942455827617
test-23112,0.31380257983712506
test-23113,0.13584648180255504
test-23114,0.013010703255031578
test-23115,0.0304306498539329
test-23116,0.017063936106852483
test-23117,0.13427187521081005
test-23118,0.01550017331927011
test-23119,0.10310860369823362
test-2312,0.04014840062672597
test-23120,0.020162197696142425
test-23121,0.010009037122351886
test-23122,0.017535546457325267
test-23123,0.17064236295762286
test-23124,0.06530815731088799
test-23125,0.038531485220966354
test-23126,0.0741313523368138
test-23127,0.10135147787955867
test-23128,0.3937301534634637
test-23129,0.06277912944167136
test-2313,0.0162589259466835
test-23130,0.011043429187046679
test-23131,0.0495822406487531
test-23132,0.03278980609051193
test-23133,0.038840038110744685
test-23134,0.03849385307396757
test-23135,0.041644692851619175
test-23136,0.32072693085634246
test-23137,0.12099176132734665
test-23138,0.012071429093059855
test-23139,0.012967203679016224
test-2314,0.1931574744476951
test-23140,0.07844906365835043
test-23141,0.039056486816039286
test-23142,0.014086990085758273
test-23143,0.016827899537784498
test-23144,0.11517012415083483
test-23145,0.07611491635796531
test-23146,0.08240977682761345
test-23147,0.054961458754287186
test-23148,0.044200675822435566
test-23149,0.11284704828000247
test-2315,0.26097354940069717
test-23150,0.015465158321333826
test-23151,0.128905516917216
test-23152,0.01179484622525565
test-23153,0.011220389831494778
test-23154,0.11840682087714396
test-23155,0.35485985250856955
test-23156,0.006836118212774956
test-23157,0.13029892029305074
test-23158,0.10527188659216218
test-23159,0.05250839123780169
test-2316,0.06766924458292321
test-23160,0.13916112670798256
test-23161,0.07430582849934962
test-23162,0.11930798742934495
test-23163,0.03953945348583498
test-23164,0.08110413393213176
test-23165,0.044892348768749014
test-23166,0.023465479056492985
test-23167,0.019597690061702405
test-23168,0.014879510538836644
test-23169,0.04307589626538674
test-2317,0.0468904877567969
test-23170,0.012407721677791637
test-23171,0.2829296105546286
test-23172,0.030208940241903837
test-23173,0.026249090924039643
test-23174,0.0687732139720173
test-23175,0.0188485371889399
test-23176,0.02995403887978745
test-23177,0.014684200038307104
test-23178,0.018335747023900832
test-23179,0.0232911499626386
test-2318,0.06245993623982437
test-23180,0.04002990845528347
test-23181,0.03335886831497241
test-23182,0.21982825641195075
test-23183,0.06037042169499573
test-23184,0.24379905451414965
test-23185,0.007504295514010299
test-23186,0.04105592106673058
test-23187,0.03707953078316656
test-23188,0.05940964973480967
test-23189,0.05453579864970601
test-2319,0.3033738430733227
test-23190,0.012403393267765189
test-23191,0.10451020427215463
test-23192,0.029071974514909327
test-23193,0.03976466235981064
test-23194,0.011323602566012352
test-23195,0.04002038979360801
test-23196,0.026397793641432823
test-23197,0.07344271144404275
test-23198,0.020011342816366202
test-23199,0.07270163841092878
test-232,0.010531938734565684
test-2320,0.07661267013105802
test-23200,0.019383250004495037
test-23201,0.031501680368623414
test-23202,0.09787796055403811
test-23203,0.17627571191130464
test-23204,0.006960435310215737
test-23205,0.012185967847383598
test-23206,0.012995210816282037
test-23207,0.013369657732461454
test-23208,0.017896157060892967
test-23209,0.10456670005055399
test-2321,0.11025666896035011
test-23210,0.08777092150689819
test-23211,0.23277533651070623
test-23212,0.09435854111353265
test-23213,0.46781151418989353
test-23214,0.017831440690516284
test-23215,0.007320504225102896
test-23216,0.05874766284068064
test-23217,0.3937301534634637
test-23218,0.027471521470755177
test-23219,0.02763833327028507
test-2322,0.010653860471278543
test-23220,0.021323810157429905
test-23221,0.035620288887295556
test-23222,0.027427023771642238
test-23223,0.007751029727556092
test-23224,0.010918335201384076
test-23225,0.06107244868006746
test-23226,0.04235757857872205
test-23227,0.026984289796937396
test-23228,0.04688163618239434
test-23229,0.0212615826264034
test-2323,0.09484994201229362
test-23230,0.029778034879541795
test-23231,0.3323799888319931
test-23232,0.022850838659442672
test-23233,0.030517236185282452
test-23234,0.12819412947753134
test-23235,0.2227761933107126
test-23236,0.012062933760695524
test-23237,0.29965496254637186
test-23238,0.21374212616947358
test-23239,0.027682922367689034
test-2324,0.10707687082011993
test-23240,0.06625641969868878
test-23241,0.05464927654914955
test-23242,0.25701251637771455
test-23243,0.047986545619822574
test-23244,0.09279198626670025
test-23245,0.19135357298452885
test-23246,0.014390547754181127
test-23247,0.13670082396799674
test-23248,0.07801519369422803
test-23249,0.0353448313582925
test-2325,0.055138142554999006
test-23250,0.06440843189344232
test-23251,0.021044769442315692
test-23252,0.2540754879971629
test-23253,0.09690125596893821
test-23254,0.027300885921770327
test-23255,0.0669392073111586
test-23256,0.009515072881694066
test-23257,0.005757629447069792
test-23258,0.11730817536690513
test-23259,0.04602675104607365
test-2326,0.13328574701150642
test-23260,0.05059196730299673
test-23261,0.026175831361997078
test-23262,0.15434614857410742
test-23263,0.0122439056047147
test-23264,0.06662976873629531
test-23265,0.05300577485512337
test-23266,0.18407995507988345
test-23267,0.24263777053542354
test-23268,0.014092690762008213
test-23269,0.1769933518755625
test-2327,0.055929448169171
test-23270,0.014071175209081015
test-23271,0.09444742196412398
test-23272,0.013999716282438483
test-23273,0.1764726145969248
test-23274,0.03545332372849849
test-23275,0.12366632774524698
test-23276,0.18271495955859274
test-23277,0.12705155102094962
test-23278,0.13760160283826875
test-23279,0.019199827672772875
test-2328,0.02957149635181698
test-23280,0.22479791916436256
test-23281,0.0927475579327313
test-23282,0.016947350922190758
test-23283,0.019098901832465084
test-23284,0.08000427049215775
test-23285,0.05608161125235809
test-23286,0.028227181196959057
test-23287,0.016697967954844645
test-23288,0.1701940556144197
test-23289,0.15934970412918695
test-2329,0.019070814146186783
test-23290,0.09660189640848242
test-23291,0.01753992657922208
test-23292,0.012731392123755974
test-23293,0.0646020294967334
test-23294,0.014606832165642208
test-23295,0.018145070666246953
test-23296,0.028903481669311382
test-23297,0.033989002296622314
test-23298,0.021865609432450285
test-23299,0.23453082472099898
test-233,0.1762914417967816
test-2330,0.07375384301645914
test-23300,0.18334291983547038
test-23301,0.30901079089082734
test-23302,0.061577899304617906
test-23303,0.00841531886907686
test-23304,0.010617859126636705
test-23305,0.02704916037165942
test-23306,0.13938574877773244
test-23307,0.02797536121000716
test-23308,0.32372745703757216
test-23309,0.08592132109463028
test-2331,0.18114757255006078
test-23310,0.23875248236403454
test-23311,0.02333058018475714
test-23312,0.022762252958510476
test-23313,0.10419868530673503
test-23314,0.07330741420678744
test-23315,0.2917122148666055
test-23316,0.019828277784809414
test-23317,0.018993120416176214
test-23318,0.08291138344775209
test-23319,0.12663596937894922
test-2332,0.012079381516899457
test-23320,0.014952112452588769
test-23321,0.03731837677465364
test-23322,0.05187415777546635
test-23323,0.09332873264947827
test-23324,0.015949515537373025
test-23325,0.022706016861942128
test-23326,0.09526924814317107
test-23327,0.2314340364852434
test-23328,0.0076011407106409265
test-23329,0.1279812906665947
test-2333,0.02087716498034832
test-23330,0.30990157626478815
test-23331,0.040787668823691926
test-23332,0.30284172278316485
test-23333,0.15974116262759228
test-23334,0.016862380068543577
test-23335,0.32580356895529605
test-23336,0.08027149435771729
test-23337,0.010892524725696672
test-23338,0.011086368710002842
test-23339,0.020083343597557722
test-2334,0.012644022013634687
test-23340,0.040695030576269844
test-23341,0.1270790521474067
test-23342,0.025799559418080827
test-23343,0.13919012465966588
test-23344,0.2234414392285238
test-23345,0.007748129971488833
test-23346,0.015374339653899975
test-23347,0.20470663613055531
test-23348,0.05339307069340168
test-23349,0.05339307069340168
test-2335,0.03808926221621729
test-23350,0.046080903532490065
test-23351,0.17660716013941985
test-23352,0.03544821608501881
test-23353,0.1394463013726253
test-23354,0.21553082607541596
test-23355,0.02052554466688634
test-23356,0.060830464168921544
test-23357,0.03202525255299477
test-23358,0.36224413196936306
test-23359,0.023191348275022016
test-2336,0.017842430269442235
test-23360,0.08003083037374147
test-23361,0.198189735839179
test-23362,0.019638116425836585
test-23363,0.26769507355194067
test-23364,0.03420273674371125
test-23365,0.03888918200087232
test-23366,0.019240643213934445
test-23367,0.00968312475762518
test-23368,0.030282596372868138
test-23369,0.013727907271700682
test-2337,0.013144144762115282
test-23370,0.18818656064677738
test-23371,0.16558199797259654
test-23372,0.17089138440830998
test-23373,0.009487031133514944
test-23374,0.15880733319749804
test-23375,0.017806755938488288
test-23376,0.03185321613126366
test-23377,0.13207564119353027
test-23378,0.2949155474750522
test-23379,0.08110413393213176
test-2338,0.29082684356167493
test-23380,0.016728935407387523
test-23381,0.3257253218515523
test-23382,0.12460507488050093
test-23383,0.08329083206478825
test-23384,0.16322452898895165
test-23385,0.08350950416517826
test-23386,0.029134455138212344
test-23387,0.10891174903670928
test-23388,0.013961563566044053
test-23389,0.13771016827589383
test-2339,0.15089778980394616
test-23390,0.02157801798863067
test-23391,0.12051449736997483
test-23392,0.29523160107768825
test-23393,0.02044242020703564
test-23394,0.017172428343874953
test-23395,0.12905416235180933
test-23396,0.0126554654677192
test-23397,0.3237420528678743
test-23398,0.034612604730928746
test-23399,0.09787796055403811
test-234,0.33215616560189976
test-2340,0.04337936045731193
test-23400,0.036968086959723985
test-23401,0.27930813838708396
test-23402,0.17360668995304024
test-23403,0.19947960319887648
test-23404,0.09787796055403811
test-23405,0.1394463013726253
test-23406,0.057432705499012644
test-23407,0.02437812404520605
test-23408,0.197286025661373
test-23409,0.04761086137784424
test-2341,0.14854588682193634
test-23410,0.03534274344248717
test-23411,0.06320365029900642
test-23412,0.18696053562669804
test-23413,0.27335707839273876
test-23414,0.03573617358432321
test-23415,0.0669392073111586
test-23416,0.173376930601321
test-23417,0.25541852355787653
test-23418,0.04363145236447255
test-23419,0.016900579432292295
test-2342,0.027641848197622595
test-23420,0.06011960673483049
test-23421,0.13301209412075782
test-23422,0.25453752245194944
test-23423,0.09459023001880597
test-23424,0.030335608896396832
test-23425,0.023713497865870427
test-23426,0.23367002484082772
test-23427,0.20367460427738912
test-23428,0.10812230317096443
test-23429,0.1518186660957838
test-2343,0.009513523015146557
test-23430,0.022850066489422973
test-23431,0.01811500359448217
test-23432,0.02821520024425107
test-23433,0.01075365813964614
test-23434,0.008341852046034229
test-23435,0.06033906355133095
test-23436,0.04595769398031722
test-23437,0.0859340006643166
test-23438,0.2377040527164077
test-23439,0.017565496308774867
test-2344,0.2642735502722462
test-23440,0.04526910096224766
test-23441,0.20788706995680173
test-23442,0.038382651072094584
test-23443,0.038545145908164546
test-23444,0.2338475451917737
test-23445,0.08003083037374147
test-23446,0.012699870058436568
test-23447,0.2063327977935662
test-23448,0.041497739550089126
test-23449,0.030197447547369926
test-2345,0.015757150318686765
test-23450,0.0818580808371011
test-23451,0.009395485615268678
test-23452,0.09526063506268198
test-23453,0.11100703294205456
test-23454,0.10531480133756513
test-23455,0.058339311883823367
test-23456,0.18021031629425432
test-23457,0.03604325823163829
test-23458,0.01219598991172028
test-23459,0.019318468069534193
test-2346,0.19986308876700534
test-23460,0.013945210262681971
test-23461,0.026929863439324686
test-23462,0.01581563934079614
test-23463,0.1543693773528168
test-23464,0.019782977790763597
test-23465,0.03170912372369171
test-23466,0.012452930359618815
test-23467,0.1131544532039118
test-23468,0.013923907393229558
test-23469,0.03336360630857758
test-2347,0.06873521062093119
test-23470,0.04363145236447255
test-23471,0.061577899304617906
test-23472,0.1308692519533432
test-23473,0.02414707694566525
test-23474,0.05339307069340168
test-23475,0.23965618601497335
test-23476,0.2227929768240057
test-23477,0.009965277568524587
test-23478,0.31342439713580605
test-23479,0.020892578681834265
test-2348,0.009538998399251233
test-23480,0.15721197940827508
test-23481,0.09860381645007209
test-23482,0.118533746426449
test-23483,0.010555942639742397
test-23484,0.02668894765982245
test-23485,0.18473815685349015
test-23486,0.08120451083510116
test-23487,0.0176419572075879
test-23488,0.08464160704334478
test-23489,0.022705919815397105
test-2349,0.019373658209299476
test-23490,0.024497648003746077
test-23491,0.03264851776868402
test-23492,0.13827032694116348
test-23493,0.05326327576506311
test-23494,0.12756464018589395
test-23495,0.07742767884236121
test-23496,0.025946643562129206
test-23497,0.2551871832583175
test-23498,0.09303804523473513
test-23499,0.0561353027736294
test-235,0.18366797087581951
test-2350,0.23558872523552177
test-23500,0.11592639792274101
test-23501,0.028413331150701045
test-23502,0.3669648266948195
test-23503,0.057090182784734336
test-23504,0.11836691401519127
test-23505,0.03171851916311565
test-23506,0.23770531929307848
test-23507,0.07857967557907011
test-23508,0.010187279552386623
test-23509,0.0846182167635542
test-2351,0.015441704625546844
test-23510,0.17239480035167679
test-23511,0.019232620362310732
test-23512,0.009514685303196806
test-23513,0.26219018739142164
test-23514,0.02060679465051104
test-23515,0.08110413393213176
test-23516,0.01563761677810106
test-23517,0.014233325398068495
test-23518,0.012539401946153095
test-23519,0.04936024540805703
test-2352,0.053973767809670406
test-23520,0.3115249318797903
test-23521,0.09219236325278243
test-23522,0.1679052032072137
test-23523,0.038382651072094584
test-23524,0.044179972783737705
test-23525,0.15078805157057273
test-23526,0.1162346832118059
test-23527,0.02654226115187446
test-23528,0.07272160535830764
test-23529,0.021690051055600217
test-2353,0.05063663320184946
test-23530,0.09694037444024983
test-23531,0.025421947780146233
test-23532,0.008957086018007621
test-23533,0.010462586471648518
test-23534,0.16808749326108274
test-23535,0.01684826637183303
test-23536,0.05059196730299673
test-23537,0.2078479461779904
test-23538,0.03868581526917479
test-23539,0.009607243248482307
test-2354,0.2854185540655479
test-23540,0.020650859059170038
test-23541,0.015152042396652684
test-23542,0.1312457979454207
test-23543,0.00927958778311493
test-23544,0.018630102448206644
test-23545,0.13941655516008594
test-23546,0.013428116169645399
test-23547,0.02968384839893516
test-23548,0.04664400112049282
test-23549,0.01860865326773005
test-2355,0.014414658724702241
test-23550,0.008997392320462259
test-23551,0.013025725657291735
test-23552,0.01021535051492776
test-23553,0.09787796055403811
test-23554,0.011155039919460007
test-23555,0.013754142314695426
test-23556,0.013629568933808898
test-23557,0.041680643672524186
test-23558,0.053931329750743426
test-23559,0.01514981178004248
test-2356,0.04464716509677099
test-23560,0.016486546829096393
test-23561,0.016081907713051565
test-23562,0.09392812469961358
test-23563,0.04051182369827448
test-23564,0.02628148837277506
test-23565,0.036689091109148864
test-23566,0.026504766542467383
test-23567,0.12819412947753134
test-23568,0.3782961444772794
test-23569,0.03594857078563703
test-2357,0.03868262119699917
test-23570,0.12756464018589395
test-23571,0.04002275162397024
test-23572,0.01777822858999449
test-23573,0.09365387002816827
test-23574,0.03722884049506674
test-23575,0.04475351461529831
test-23576,0.015929762625664614
test-23577,0.04196014089649508
test-23578,0.026850906612904943
test-23579,0.06011960673483049
test-2358,0.026678075271580625
test-23580,0.017974694963469606
test-23581,0.1836078747995614
test-23582,0.14045666954397498
test-23583,0.00992630180948717
test-23584,0.02186101129370109
test-23585,0.00885728898807409
test-23586,0.05972446274395326
test-23587,0.020847301171439226
test-23588,0.01970986658119052
test-23589,0.07173195960422289
test-2359,0.0977534036458066
test-23590,0.010602747697228484
test-23591,0.12614711902775436
test-23592,0.06614963809503192
test-23593,0.1943608434234248
test-23594,0.041994584683696344
test-23595,0.11543498080582862
test-23596,0.020446234033832653
test-23597,0.13416700595200654
test-23598,0.022917545394724403
test-23599,0.01038931758829625
test-236,0.09459023001880597
test-2360,0.014592620466995804
test-23600,0.26726807024450233
test-23601,0.09720168236872952
test-23602,0.11004717926310564
test-23603,0.21953533367191558
test-23604,0.13295798532462222
test-23605,0.019312077199392392
test-23606,0.017511787651129283
test-23607,0.060108463962332645
test-23608,0.32636068099577664
test-23609,0.10098069506471297
test-2361,0.08347362369940463
test-23610,0.10384190445432523
test-23611,0.039438823129160534
test-23612,0.06845465835086322
test-23613,0.031880609970957444
test-23614,0.01456798924451902
test-23615,0.061728553514022844
test-23616,0.18049235318350335
test-23617,0.11648542487789978
test-23618,0.12955957812610316
test-23619,0.1387564677932596
test-2362,0.01830528631493255
test-23620,0.008893400233316277
test-23621,0.04323264515758993
test-23622,0.020539840829744867
test-23623,0.028612940386924513
test-23624,0.3183563091230624
test-23625,0.034948525674849656
test-23626,0.015205355513341503
test-23627,0.016421610219133922
test-23628,0.06769227346933265
test-23629,0.01712480342611722
test-2363,0.274993669287383
test-23630,0.012798687706551291
test-23631,0.027296591203804444
test-23632,0.03525256203396688
test-23633,0.020778745887358337
test-23634,0.07280304253997681
test-23635,0.029531807998326318
test-23636,0.03671924160037748
test-23637,0.02731449937514923
test-23638,0.18314229625797906
test-23639,0.0704629550427095
test-2364,0.018689113087787482
test-23640,0.2255233688766979
test-23641,0.2619192042250892
test-23642,0.1351072814323221
test-23643,0.11524460242033516
test-23644,0.11892880046721677
test-23645,0.15371026494551368
test-23646,0.03612401078446409
test-23647,0.10376612888972978
test-23648,0.009993270656379533
test-23649,0.02381207587478665
test-2365,0.19142772223565313
test-23650,0.08613978420430038
test-23651,0.008677244401066639
test-23652,0.01969599764015777
test-23653,0.060622298509075044
test-23654,0.014423842832422913
test-23655,0.050924728939310826
test-23656,0.09787796055403811
test-23657,0.008576694819558498
test-23658,0.19317499914186378
test-23659,0.07256468201698738
test-2366,0.035290676410094625
test-23660,0.029891594518551754
test-23661,0.19633892230380887
test-23662,0.12418322251003519
test-23663,0.10135147787955867
test-23664,0.03858810210542365
test-23665,0.029486053184951178
test-23666,0.009568050947462537
test-23667,0.07795358471064473
test-23668,0.026784257433298327
test-23669,0.06219246748449534
test-2367,0.08329112405613093
test-23670,0.18142786823192955
test-23671,0.034925952655199564
test-23672,0.1474487659354628
test-23673,0.03354750537106118
test-23674,0.07287513663214307
test-23675,0.06526931803360675
test-23676,0.07870347503598162
test-23677,0.03483289941305728
test-23678,0.013054782456887468
test-23679,0.22398817295520676
test-2368,0.18094368031662406
test-23680,0.07453868671948179
test-23681,0.25952560902706284
test-23682,0.11378069649606996
test-23683,0.04983333503417389
test-23684,0.11803087843920418
test-23685,0.1717466667835127
test-23686,0.01209205118640877
test-23687,0.11951032438617172
test-23688,0.05290863563504365
test-23689,0.01867082064171831
test-2369,0.035515680981911955
test-23690,0.144820737767256
test-23691,0.024411996931781622
test-23692,0.05339307069340168
test-23693,0.03335776855418543
test-23694,0.07291310347854237
test-23695,0.016796083711082366
test-23696,0.015882362607176438
test-23697,0.026194878771509996
test-23698,0.03618003034957812
test-23699,0.02046323567396794
test-237,0.04524045551809498
test-2370,0.21948485901688447
test-23700,0.09309408713351211
test-23701,0.02372289305257482
test-23702,0.014606832165642208
test-23703,0.008226327743263652
test-23704,0.025972995860166645
test-23705,0.05339307069340168
test-23706,0.322436756887698
test-23707,0.1346437455193104
test-23708,0.021430538357508053
test-23709,0.012016175873449495
test-2371,0.07388334750901375
test-23710,0.021577746592835352
test-23711,0.06180664581193463
test-23712,0.10243180778358373
test-23713,0.10971255802263882
test-23714,0.14387398830624185
test-23715,0.29107986077088605
test-23716,0.0279928023704105
test-23717,0.015464844067314583
test-23718,0.03685643876830035
test-23719,0.01832731539451931
test-2372,0.13499016563175323
test-23720,0.15873995950231687
test-23721,0.03907722818861344
test-23722,0.1923373022992412
test-23723,0.041375634321903075
test-23724,0.0173761038898696
test-23725,0.027268824469736348
test-23726,0.09126805270809048
test-23727,0.02454619058692764
test-23728,0.013065184414982653
test-23729,0.20956522154057164
test-2373,0.11690418374792218
test-23730,0.2729198409002501
test-23731,0.012660977554871463
test-23732,0.028088989087501865
test-23733,0.18418539639569032
test-23734,0.011728654908187088
test-23735,0.009134365760800362
test-23736,0.014672580724949673
test-23737,0.28786230720283507
test-23738,0.03570914609139977
test-23739,0.12734071354506094
test-2374,0.2598788077729034
test-23740,0.02131493227524228
test-23741,0.023990836475685215
test-23742,0.13861827364613058
test-23743,0.019029057091265428
test-23744,0.015492454429244112
test-23745,0.2709671276682779
test-23746,0.011177776212262258
test-23747,0.01483765132400668
test-23748,0.028067104398816576
test-23749,0.1936910925985402
test-2375,0.10253415833435271
test-23750,0.40088320453868503
test-23751,0.26559646394700615
test-23752,0.01654180728128471
test-23753,0.028231343595340297
test-23754,0.02554480780856069
test-23755,0.008673842673529573
test-23756,0.12663596937894922
test-23757,0.018701975020988908
test-23758,0.05317045632473663
test-23759,0.09724550115703418
test-2376,0.046274649055115954
test-23760,0.026505612895036983
test-23761,0.2587806466152034
test-23762,0.11739233256938605
test-23763,0.024340100889131126
test-23764,0.031189193603298665
test-23765,0.016261623862190808
test-23766,0.09697256493189678
test-23767,0.23475446685786144
test-23768,0.01789535188041588
test-23769,0.017896388966115017
test-2377,0.3063243604325544
test-23770,0.02469786612073721
test-23771,0.15479109186508844
test-23772,0.04605935001595814
test-23773,0.11962405178903716
test-23774,0.038372294168209295
test-23775,0.09113464406891127
test-23776,0.11964203002643012
test-23777,0.11200950205824992
test-23778,0.011263698770524916
test-23779,0.06814565082814988
test-2378,0.021696639483765393
test-23780,0.04695277820894962
test-23781,0.013414864622922547
test-23782,0.07955672582119087
test-23783,0.05011482065572828
test-23784,0.11757621558774352
test-23785,0.06952358283395935
test-23786,0.025582454555218407
test-23787,0.10542148938819673
test-23788,0.04450352432711333
test-23789,0.017824033273748725
test-2379,0.018503834426100856
test-23790,0.19572930481600792
test-23791,0.3153647381440327
test-23792,0.09148835132311578
test-23793,0.018563545373098414
test-23794,0.08096110748823805
test-23795,0.2117561828182452
test-23796,0.05820814312544244
test-23797,0.009284309598241607
test-23798,0.06954537486496248
test-23799,0.18852698723969047
test-238,0.02759995246664544
test-2380,0.010221172113831088
test-23800,0.11558108806056146
test-23801,0.02825099503242594
test-23802,0.08151565098612892
test-23803,0.03999612281848788
test-23804,0.03380789121471936
test-23805,0.14783581306512428
test-23806,0.0514273902412857
test-23807,0.1496025357890338
test-23808,0.049461904616293566
test-23809,0.12968355274690402
test-2381,0.007678043701139824
test-23810,0.18553334550293696
test-23811,0.023491641974267122
test-23812,0.0669392073111586
test-23813,0.3272645168340102
test-23814,0.0188337636023936
test-23815,0.013423540881475638
test-23816,0.05339307069340168
test-23817,0.008949822655955252
test-23818,0.01043421099602535
test-23819,0.02779380223213587
test-2382,0.022544714457987846
test-23820,0.30389911878257236
test-23821,0.15276067057628237
test-23822,0.03755310684590492
test-23823,0.03361359164219045
test-23824,0.026018442855331444
test-23825,0.03777418067477202
test-23826,0.08676426786931425
test-23827,0.020427175607679843
test-23828,0.006308869074207436
test-23829,0.020353264508161488
test-2383,0.044396135023172946
test-23830,0.075872689758199
test-23831,0.012872311489115338
test-23832,0.08561863592874595
test-23833,0.009295512455724596
test-23834,0.03223269245735937
test-23835,0.018731451207536564
test-23836,0.12663596937894922
test-23837,0.00885123407869129
test-23838,0.1575259395032016
test-23839,0.051639263119914215
test-2384,0.11803087843920418
test-23840,0.009501418558876843
test-23841,0.09038279626237322
test-23842,0.022124079898291515
test-23843,0.16300581246482398
test-23844,0.01583065008355365
test-23845,0.041547510557928914
test-23846,0.018074024128619415
test-23847,0.018100793728788478
test-23848,0.01447520755673333
test-23849,0.01583198470750254
test-2385,0.15139845747447409
test-23850,0.021159228733526613
test-23851,0.028677731477870883
test-23852,0.0732858674232542
test-23853,0.029298540164303506
test-23854,0.13354179637593988
test-23855,0.0060693526930358285
test-23856,0.09633342420901929
test-23857,0.011040821655827203
test-23858,0.198189735839179
test-23859,0.011818832719693981
test-2386,0.13474223851214304
test-23860,0.027331676450878053
test-23861,0.05223263831676964
test-23862,0.08457099530283527
test-23863,0.017367358858389616
test-23864,0.23471964439139448
test-23865,0.058097840311226494
test-23866,0.019296293328488513
test-23867,0.15168691781218396
test-23868,0.26834467594215483
test-23869,0.08027309471235941
test-2387,0.15038725280452897
test-23870,0.2941721770225227
test-23871,0.03776582008341207
test-23872,0.044064712720487766
test-23873,0.16856478729520333
test-23874,0.14755136702680388
test-23875,0.07765548192385864
test-23876,0.020269175897773897
test-23877,0.13919012465966588
test-23878,0.18288812325506568
test-23879,0.005407293708264742
test-2388,0.015705082059529585
test-23880,0.014190562699889048
test-23881,0.15485890125382945
test-23882,0.1741207291935405
test-23883,0.0846182167635542
test-23884,0.020184049019556536
test-23885,0.0398843188157939
test-23886,0.014561595977396728
test-23887,0.027193634585404112
test-23888,0.08742981472721043
test-23889,0.0616280254981954
test-2389,0.019249929636600265
test-23890,0.061577899304617906
test-23891,0.3435269517923925
test-23892,0.04746568434559706
test-23893,0.4099946512021147
test-23894,0.0204277858470739
test-23895,0.014467017494228539
test-23896,0.016869527658790243
test-23897,0.017583007453210737
test-23898,0.020980048166440675
test-23899,0.05543182874236804
test-239,0.18684711651933592
test-2390,0.25351586295849476
test-23900,0.1954057287844395
test-23901,0.14244618209305432
test-23902,0.21374212616947358
test-23903,0.007540409157914677
test-23904,0.1957401625404563
test-23905,0.01770059305780415
test-23906,0.13993491802105856
test-23907,0.10022332301988479
test-23908,0.036081422134885945
test-23909,0.024389917290083333
test-2391,0.009355249574142802
test-23910,0.018543708115799914
test-23911,0.21704763379870512
test-23912,0.012618057699946776
test-23913,0.02340130381339567
test-23914,0.014405949042276852
test-23915,0.01681186023067014
test-23916,0.08142149773384201
test-23917,0.025325312508621904
test-23918,0.25586050294832036
test-23919,0.0188230701526724
test-2392,0.022105492935266962
test-23920,0.03274373337007924
test-23921,0.0404346490714436
test-23922,0.017230898497569126
test-23923,0.012993091493944859
test-23924,0.007785501302675856
test-23925,0.11094171495979958
test-23926,0.012750078353881809
test-23927,0.022120264211702188
test-23928,0.00775105057963421
test-23929,0.022155610195133676
test-2393,0.09970444106974534
test-23930,0.2720256818138981
test-23931,0.14045666954397498
test-23932,0.023041585609151163
test-23933,0.13348747253433133
test-23934,0.07817287510586392
test-23935,0.016151913358662666
test-23936,0.03117037720104872
test-23937,0.02832083591239559
test-23938,0.011465152755054046
test-23939,0.16695447271917302
test-2394,0.010190189164375559
test-23940,0.023620993958529027
test-23941,0.02098352940538822
test-23942,0.11217361953053438
test-23943,0.013789825438551812
test-23944,0.10730083780865747
test-23945,0.02223910858568407
test-23946,0.009712256384571074
test-23947,0.018079187097407825
test-23948,0.2578200118475801
test-23949,0.24033354254441827
test-2395,0.01695090263857165
test-23950,0.010319800072812451
test-23951,0.05082149295579641
test-23952,0.29390518357964224
test-23953,0.00956157978514364
test-23954,0.02432114666143594
test-23955,0.006683964188526784
test-23956,0.062151464638005555
test-23957,0.019229510181679538
test-23958,0.3627341340515775
test-23959,0.19225937304892438
test-2396,0.07896917855603469
test-23960,0.19067378617350836
test-23961,0.0669392073111586
test-23962,0.07947969627991536
test-23963,0.14744087275505188
test-23964,0.2146944748382324
test-23965,0.1375719572610847
test-23966,0.004511949211478819
test-23967,0.02369596002125955
test-23968,0.08196973207204497
test-23969,0.030291161793408055
test-2397,0.1343669345873679
test-23970,0.013956708617486364
test-23971,0.0196464140640085
test-23972,0.08067140421543106
test-23973,0.009759496603449424
test-23974,0.03058778632303068
test-23975,0.05784082758981438
test-23976,0.06341791432221806
test-23977,0.007894974265923024
test-23978,0.19758278575171662
test-23979,0.22182294724207335
test-2398,0.4070217804956255
test-23980,0.3614789899788685
test-23981,0.020515283367069294
test-23982,0.00546574076942646
test-23983,0.15988580706597708
test-23984,0.09860381645007209
test-23985,0.017015048840309313
test-23986,0.04879456665413084
test-23987,0.09052065341709555
test-23988,0.08676426786931425
test-23989,0.033454536978468674
test-2399,0.19043045036117184
test-23990,0.013510716224572304
test-23991,0.15180698113807323
test-23992,0.09858626479783673
test-23993,0.09787796055403811
test-23994,0.2563108161582349
test-23995,0.030131144732209902
test-23996,0.04283409125296699
test-23997,0.01148170168766891
test-23998,0.08005987851759279
test-23999,0.1726854379505163
test-24,0.06536522117190526
test-240,0.024692907956984776
test-2400,0.05782879107566296
test-24000,0.07046419954201381
test-24001,0.18997827811875623
test-24002,0.09529368134519899
test-24003,0.0846182167635542
test-24004,0.01501660544462612
test-24005,0.10059464856928356
test-24006,0.01850783309558582
test-24007,0.16689041094755408
test-24008,0.09211689573571567
test-24009,0.16834083380244855
test-2401,0.2461243195317674
test-24010,0.01608725436698435
test-24011,0.04080698618095218
test-24012,0.04807727630867101
test-24013,0.008585480798425818
test-24014,0.04307919757153894
test-24015,0.014840375183729009
test-24016,0.01434380218778728
test-24017,0.0669392073111586
test-24018,0.2968168283603332
test-24019,0.0069827312350028365
test-2402,0.012079754783957475
test-24020,0.04019935806004712
test-24021,0.0687732139720173
test-24022,0.09379823831791981
test-24023,0.01884723318085074
test-24024,0.24996049056063632
test-24025,0.014916957779602042
test-24026,0.08003083037374147
test-24027,0.06658157565495713
test-24028,0.02302345248034621
test-24029,0.04905603440226515
test-2403,0.05015468531813707
test-24030,0.008026588699338824
test-24031,0.09526063506268198
test-24032,0.03991427570930743
test-24033,0.009011467027819506
test-24034,0.019376669265515137
test-24035,0.011015732064957644
test-24036,0.02822448773370772
test-24037,0.11347745886166577
test-24038,0.021618930962416277
test-24039,0.05835297977050873
test-2404,0.31031435814079444
test-24040,0.12466564908881349
test-24041,0.27611488664952
test-24042,0.12663596937894922
test-24043,0.04315587774234556
test-24044,0.016134076064051824
test-24045,0.06475096834744903
test-24046,0.14865992126850122
test-24047,0.034462792400414846
test-24048,0.04660053979980628
test-24049,0.015333541146879164
test-2405,0.2696707254160245
test-24050,0.30149220194965454
test-24051,0.05339307069340168
test-24052,0.035312143350668825
test-24053,0.25541852355787653
test-24054,0.08086385461013587
test-24055,0.02742417398777336
test-24056,0.017230881602973966
test-24057,0.01546086876044263
test-24058,0.07012685175625534
test-24059,0.12758801666893282
test-2406,0.018134688011510372
test-24060,0.05015468531813707
test-24061,0.08890115724917734
test-24062,0.03346202566405479
test-24063,0.035614146187911984
test-24064,0.027660550948105274
test-24065,0.060447329272520126
test-24066,0.0357513073355869
test-24067,0.021087691764554817
test-24068,0.017882646357120554
test-24069,0.024407381121466912
test-2407,0.04633110041663213
test-24070,0.024726983772037383
test-24071,0.01994587175762369
test-24072,0.02648290178332952
test-24073,0.0868884526264283
test-24074,0.07512180394517347
test-24075,0.06150977981023784
test-24076,0.16789604422181892
test-24077,0.02449687465518772
test-24078,0.02752918498568013
test-24079,0.029466758793478664
test-2408,0.04087470648018771
test-24080,0.021878511949374548
test-24081,0.009461098328256846
test-24082,0.0164934355381801
test-24083,0.18852537132108702
test-24084,0.04077333591866303
test-24085,0.0888687870523802
test-24086,0.007648324936538814
test-24087,0.042817249377677426
test-24088,0.052593037556192504
test-24089,0.09461053780887678
test-2409,0.1313395705021038
test-24090,0.01304164621052352
test-24091,0.17062028860942124
test-24092,0.050796493239419434
test-24093,0.08998973898199236
test-24094,0.11753348504897684
test-24095,0.009656327016802878
test-24096,0.023472401344788545
test-24097,0.008796771234783273
test-24098,0.03627615048108858
test-24099,0.03836016966325
test-241,0.009778379081790725
test-2410,0.0297124374498381
test-24100,0.2054287800694958
test-24101,0.03314320657698671
test-24102,0.07896917855603469
test-24103,0.06746147864753058
test-24104,0.18739987357817903
test-24105,0.031793146939484575
test-24106,0.01852940306294187
test-24107,0.19705482817468178
test-24108,0.13430931050601955
test-24109,0.15334581223848576
test-2411,0.05516177936938156
test-24110,0.06687591078501293
test-24111,0.18990382077778376
test-24112,0.019008926274619125
test-24113,0.02889438709477188
test-24114,0.011700708666752867
test-24115,0.019749148956651492
test-24116,0.014033101219027998
test-24117,0.08890115724917734
test-24118,0.018842773943533234
test-24119,0.1518186660957838
test-2412,0.07934072336863332
test-24120,0.04315587774234556
test-24121,0.018555914091259194
test-24122,0.016584829490447074
test-24123,0.0895814877619895
test-24124,0.18709389421014827
test-24125,0.05981432468591725
test-24126,0.3088846073371973
test-24127,0.014077699198849597
test-24128,0.012554588306446028
test-24129,0.18423163702531678
test-2413,0.03957797408190487
test-24130,0.2084267616388086
test-24131,0.009619100344267698
test-24132,0.4016507412109098
test-24133,0.02355686722166228
test-24134,0.03277976494059169
test-24135,0.01188571593250187
test-24136,0.02247169137191558
test-24137,0.1561077906679859
test-24138,0.0071097583670635305
test-24139,0.013926534490356137
test-2414,0.11945283735296228
test-24140,0.11394900916326454
test-24141,0.016717963265940612
test-24142,0.2659791784833075
test-24143,0.03517554983071838
test-24144,0.03637277078461995
test-24145,0.026324536141416967
test-24146,0.02169923894550783
test-24147,0.02517167588629617
test-24148,0.08444128633713335
test-24149,0.03418947438714227
test-2415,0.03346382941252446
test-24150,0.20692701071223682
test-24151,0.25154288223004856
test-24152,0.04252105837468247
test-24153,0.02133231389192287
test-24154,0.0320983045068517
test-24155,0.16124212979298827
test-24156,0.08395183120844195
test-24157,0.030372163882943268
test-24158,0.08096042343984887
test-24159,0.37856198477006814
test-2416,0.2459869664452562
test-24160,0.13473111397650483
test-24161,0.2004958044122137
test-24162,0.02439082000890906
test-24163,0.02564261027711576
test-24164,0.09711595216689473
test-24165,0.009039492518077863
test-24166,0.09787796055403811
test-24167,0.05794719230967253
test-24168,0.03253289250295199
test-24169,0.013522543846956869
test-2417,0.1700285940452555
test-24170,0.007414056552251728
test-24171,0.03645954528652029
test-24172,0.016221431730856405
test-24173,0.14341590628354015
test-24174,0.018188922547146533
test-24175,0.08227449316788707
test-24176,0.024369423432412104
test-24177,0.08126240789062814
test-24178,0.013584280653637228
test-24179,0.008094485474007202
test-2418,0.06157145249839199
test-24180,0.007953993505641077
test-24181,0.1808107765985793
test-24182,0.10108800033623828
test-24183,0.042394734732585086
test-24184,0.08098076453347147
test-24185,0.09095363519959088
test-24186,0.059501922873155644
test-24187,0.05710672583137641
test-24188,0.012532806906214349
test-24189,0.007273802264873266
test-2419,0.01612323151695285
test-24190,0.03332801915568094
test-24191,0.03697193781147271
test-24192,0.12749803268384577
test-24193,0.006841297447457932
test-24194,0.007936803312318313
test-24195,0.014540815576820498
test-24196,0.23015401678920097
test-24197,0.04565998607746223
test-24198,0.09842248958499943
test-24199,0.1538954543665039
test-242,0.013928413409687559
test-2420,0.009134489425865085
test-24200,0.07155505303096477
test-24201,0.23663056887366543
test-24202,0.013531937680086257
test-24203,0.0669392073111586
test-24204,0.11236349023232489
test-24205,0.012145665550794492
test-24206,0.09752979142781895
test-24207,0.010750596148204944
test-24208,0.1348855055520838
test-24209,0.24278861685360972
test-2421,0.11274850307482259
test-24210,0.01427270586806058
test-24211,0.02869307878378042
test-24212,0.07251221169073102
test-24213,0.011940628935671271
test-24214,0.017744080386049455
test-24215,0.021719658012060605
test-24216,0.1778280748080482
test-24217,0.01646840123587842
test-24218,0.28658852668192814
test-24219,0.017268776384998887
test-2422,0.01930468556229207
test-24220,0.014718515185266434
test-24221,0.24351930789891824
test-24222,0.08676426786931425
test-24223,0.0955966801524942
test-24224,0.01954308190978047
test-24225,0.025358867226474575
test-24226,0.03788124497105732
test-24227,0.07154554671561687
test-24228,0.26007408518861036
test-24229,0.0322560369895652
test-2423,0.019564220362160028
test-24230,0.33306850241814107
test-24231,0.18203446036851567
test-24232,0.019222908032250345
test-24233,0.07570544771894107
test-24234,0.01200513414230833
test-24235,0.02455870131851615
test-24236,0.10958518042360173
test-24237,0.06380014937932459
test-24238,0.010639896177594723
test-24239,0.023074278745158414
test-2424,0.023139379817152778
test-24240,0.023124222682286415
test-24241,0.09003614793656513
test-24242,0.011415217152722196
test-24243,0.19063565877978392
test-24244,0.008556429024057996
test-24245,0.08331830187183281
test-24246,0.013166423554433612
test-24247,0.09787796055403811
test-24248,0.04391788942468333
test-24249,0.013517305814401111
test-2425,0.01083549430477993
test-24250,0.16049102524263065
test-24251,0.04436925249107653
test-24252,0.0776925275415105
test-24253,0.2151670609805119
test-24254,0.0784110351675444
test-24255,0.15150600147592558
test-24256,0.012634176646537713
test-24257,0.018563835913298524
test-24258,0.006166765240750136
test-24259,0.3838161239675165
test-2426,0.0220304098534472
test-24260,0.013596893783802797
test-24261,0.011184865883752107
test-24262,0.015571524956704963
test-24263,0.020983017387552736
test-24264,0.034043578170298516
test-24265,0.16290527486598746
test-24266,0.017743645347769812
test-24267,0.01870896055126662
test-24268,0.06754311948364514
test-24269,0.02458254613320962
test-2427,0.03667886671461944
test-24270,0.01430468400297177
test-24271,0.009522275530328911
test-24272,0.016218733603309752
test-24273,0.014181238539650802
test-24274,0.09777746495710558
test-24275,0.20028674714293604
test-24276,0.06712936132848137
test-24277,0.09985649801372733
test-24278,0.09485975022584571
test-24279,0.1598710174142871
test-2428,0.014257657136424401
test-24280,0.31639113532117935
test-24281,0.019816301858534932
test-24282,0.13615249925598838
test-24283,0.029083953643522575
test-24284,0.006761733862875424
test-24285,0.09442793442436977
test-24286,0.24140651190977508
test-24287,0.04063188605995459
test-24288,0.16258210992199318
test-24289,0.035978066642823804
test-2429,0.17645226684991447
test-24290,0.02535676095827339
test-24291,0.022104463107098887
test-24292,0.006231301576867366
test-24293,0.10484118004846192
test-24294,0.03884738681350784
test-24295,0.1527908173977836
test-24296,0.09985649801372733
test-24297,0.00990968260031662
test-24298,0.008295980378057984
test-24299,0.07448432695773297
test-243,0.15048722905552062
test-2430,0.12922863318760985
test-24300,0.14191162635567559
test-24301,0.04084671552083058
test-24302,0.17062137286299056
test-24303,0.01463865422212311
test-24304,0.3302431922440315
test-24305,0.02824089611051039
test-24306,0.027196825730237004
test-24307,0.09298860321859496
test-24308,0.1276242593420961
test-24309,0.021352455463472638
test-2431,0.007100065819782017
test-24310,0.01842136949298803
test-24311,0.03197203968542241
test-24312,0.06613128233036399
test-24313,0.08568194588262848
test-24314,0.04993676642739414
test-24315,0.2343244783119115
test-24316,0.03771927691062901
test-24317,0.06810291449139273
test-24318,0.24773893949077105
test-24319,0.2905391336420332
test-2432,0.011271994864578708
test-24320,0.10323006172161393
test-24321,0.02232883217158267
test-24322,0.14105645880981915
test-24323,0.03991427570930743
test-24324,0.018910327882396924
test-24325,0.0846182167635542
test-24326,0.21681216407929776
test-24327,0.027918375273013777
test-24328,0.2849090458578915
test-24329,0.021749775123171954
test-2433,0.14568683453066175
test-24330,0.1394463013726253
test-24331,0.021006891901688793
test-24332,0.01999883731992536
test-24333,0.07713499603518406
test-24334,0.02179611694205042
test-24335,0.023662124337344857
test-24336,0.027021650781840816
test-24337,0.22809563058047766
test-24338,0.12498348346179866
test-24339,0.009767748072561302
test-2434,0.03770626681049682
test-24340,0.15829030434939656
test-24341,0.020179810566851964
test-24342,0.2699561711654335
test-24343,0.09787796055403811
test-24344,0.10723721598248985
test-24345,0.22840090202915192
test-24346,0.0254835661983969
test-24347,0.033704622466774796
test-24348,0.011056261019922645
test-24349,0.1803796385829286
test-2435,0.00960598595460583
test-24350,0.13627858631425224
test-24351,0.01601190398940712
test-24352,0.03777418067477202
test-24353,0.007986105921485792
test-24354,0.01133747094065614
test-24355,0.009461553684584335
test-24356,0.3424315814147771
test-24357,0.030355347421153596
test-24358,0.019442786585916683
test-24359,0.019099268536448777
test-2436,0.09585164013764051
test-24360,0.05139727987960333
test-24361,0.03620056793295335
test-24362,0.11016348075601297
test-24363,0.02753443060685314
test-24364,0.0156057768615451
test-24365,0.32580356895529605
test-24366,0.01633144017671898
test-24367,0.014475688109172559
test-24368,0.26312362840906506
test-24369,0.022429013306294807
test-2437,0.0707119985986715
test-24370,0.11197944637531138
test-24371,0.01285659804571087
test-24372,0.029693097090958444
test-24373,0.011648170026466318
test-24374,0.025294423913952584
test-24375,0.02953927652416756
test-24376,0.31639113532117935
test-24377,0.0155283689119691
test-24378,0.02947170982063823
test-24379,0.009447452681603428
test-2438,0.11124753992781607
test-24380,0.01982803540759583
test-24381,0.3725947360662864
test-24382,0.18771632835428323
test-24383,0.12601375924837346
test-24384,0.09445090033039422
test-24385,0.05471826612329784
test-24386,0.009873131544162167
test-24387,0.060382601877571815
test-24388,0.022043540605983968
test-24389,0.014673017973867167
test-2439,0.018487811456801444
test-24390,0.32412656905913556
test-24391,0.08094968895989782
test-24392,0.16862936169275256
test-24393,0.07408456723552413
test-24394,0.015253198776943028
test-24395,0.19293295236761515
test-24396,0.20760652735729115
test-24397,0.13844485831116107
test-24398,0.24537746480667988
test-24399,0.187550291619094
test-244,0.022793413152147543
test-2440,0.07681650743306123
test-24400,0.020619791811681113
test-24401,0.00793516582477575
test-24402,0.0669392073111586
test-24403,0.012850177273581297
test-24404,0.013720077858921735
test-24405,0.17362155795212747
test-24406,0.13520963756398394
test-24407,0.027234209265551663
test-24408,0.07080989853163369
test-24409,0.0846182167635542
test-2441,0.03603654765868365
test-24410,0.030121067254179096
test-24411,0.014407231805056243
test-24412,0.02221560138437106
test-24413,0.3842636659385443
test-24414,0.19955545937433553
test-24415,0.028774654736953113
test-24416,0.0514273902412857
test-24417,0.11867578033770655
test-24418,0.28225216771047823
test-24419,0.0669392073111586
test-2442,0.031767015079149946
test-24420,0.050743459235916735
test-24421,0.017705725706658782
test-24422,0.014461117833458322
test-24423,0.02994956241927324
test-24424,0.01517863900280924
test-24425,0.021394305451943218
test-24426,0.03703408897552725
test-24427,0.15965449062459794
test-24428,0.015109175145865104
test-24429,0.09029337119648266
test-2443,0.013181960618923756
test-24430,0.04526910096224766
test-24431,0.1633473596246666
test-24432,0.0268929713622372
test-24433,0.06845179840037012
test-24434,0.028053457313148365
test-24435,0.023375615821980243
test-24436,0.15914600068649776
test-24437,0.022908764414021916
test-24438,0.22754317101004504
test-24439,0.024122182331609055
test-2444,0.08035166464148068
test-24440,0.014448990240790775
test-24441,0.025983230933765582
test-24442,0.12473633567357267
test-24443,0.2768869063996222
test-24444,0.018949341133959144
test-24445,0.1827828631786547
test-24446,0.2577017547609783
test-24447,0.04252105837468247
test-24448,0.15703266792761142
test-24449,0.040532793689842556
test-2445,0.0669392073111586
test-24450,0.039884422877073625
test-24451,0.04334777859017693
test-24452,0.0182569670974275
test-24453,0.019179123214833012
test-24454,0.005354777995414162
test-24455,0.3093113758151918
test-24456,0.08563524349767558
test-24457,0.013311163433808634
test-24458,0.06781993388330633
test-24459,0.028422684100626427
test-2446,0.0392032860639798
test-24460,0.19493948366858074
test-24461,0.2090792406622787
test-24462,0.022799964234861993
test-24463,0.0504181768999684
test-24464,0.10700311432447789
test-24465,0.011201630439494577
test-24466,0.12046346052584464
test-24467,0.16695447271917302
test-24468,0.13589708369465164
test-24469,0.047770616874273655
test-2447,0.006982779756623047
test-24470,0.13096503626580197
test-24471,0.014009361813320112
test-24472,0.03347377528166037
test-24473,0.04081691061920933
test-24474,0.007697536551849628
test-24475,0.0741313523368138
test-24476,0.032787085471986846
test-24477,0.007063506425370668
test-24478,0.009160871471780008
test-24479,0.05339307069340168
test-2448,0.1284693498200901
test-24480,0.0669392073111586
test-24481,0.06855538111828655
test-24482,0.013297670862006596
test-24483,0.019229979437499305
test-24484,0.02130106719837973
test-24485,0.012321568476525315
test-24486,0.2505531510321636
test-24487,0.04596016929249471
test-24488,0.05320382010057062
test-24489,0.19752873253911188
test-2449,0.008087682045609945
test-24490,0.01563716948444883
test-24491,0.04368545438668159
test-24492,0.019269537794246668
test-24493,0.07118648743286522
test-24494,0.061074166667259656
test-24495,0.02726719037483466
test-24496,0.04266449191627787
test-24497,0.007584557525177105
test-24498,0.014787447081562809
test-24499,0.00833630927301895
test-245,0.025555488876825724
test-2450,0.12457901047396944
test-24500,0.03263900879886985
test-24501,0.13409776711829
test-24502,0.035286091371383166
test-24503,0.01618336249660715
test-24504,0.02980127913271256
test-24505,0.08003083037374147
test-24506,0.2757074132295775
test-24507,0.01869757052770458
test-24508,0.02545574797135904
test-24509,0.07799433853261355
test-2451,0.03385754438703289
test-24510,0.2584072869820222
test-24511,0.037189581846194954
test-24512,0.06714054638098896
test-24513,0.09860381645007209
test-24514,0.21109692404493635
test-24515,0.005874363343791298
test-24516,0.0249359682807218
test-24517,0.0732858674232542
test-24518,0.03688892664497909
test-24519,0.269501285008497
test-2452,0.1152839524895507
test-24520,0.07515099539711668
test-24521,0.02051755915852331
test-24522,0.1313395705021038
test-24523,0.008433533776064211
test-24524,0.02545574797135904
test-24525,0.3147502131079928
test-24526,0.35711005411670066
test-24527,0.07595943029407243
test-24528,0.04212195893384874
test-24529,0.038061654213572764
test-2453,0.148840082485034
test-24530,0.11072300690591785
test-24531,0.04852397034865638
test-24532,0.15653884593655074
test-24533,0.12443245381528309
test-24534,0.07287513663214307
test-24535,0.016428308924152073
test-24536,0.11516474014708045
test-24537,0.2641626375374591
test-24538,0.15594270400283508
test-24539,0.1149361689822159
test-2454,0.1976442827080825
test-24540,0.02104565171800219
test-24541,0.011107343907609242
test-24542,0.012985825899285342
test-24543,0.14366965489580538
test-24544,0.032230922810253027
test-24545,0.015652236380238407
test-24546,0.01745473528789728
test-24547,0.04929032193591795
test-24548,0.07364328606729996
test-24549,0.07799433853261355
test-2455,0.015921907898062318
test-24550,0.07935298711244478
test-24551,0.010434529797637128
test-24552,0.042656673649857625
test-24553,0.04366155264617058
test-24554,0.21152800748993228
test-24555,0.031732723941648146
test-24556,0.05591491040930066
test-24557,0.07967708105000797
test-24558,0.009382943697475716
test-24559,0.05053106596559426
test-2456,0.035900133692643325
test-24560,0.09267887076984753
test-24561,0.2085751741888288
test-24562,0.19609444134460138
test-24563,0.03544080451276304
test-24564,0.09507627697535487
test-24565,0.1307139956503992
test-24566,0.0309490191375103
test-24567,0.039499681939129005
test-24568,0.2587122979765227
test-24569,0.10098069506471297
test-2457,0.0698955891212938
test-24570,0.03172765991436312
test-24571,0.030355347421153596
test-24572,0.09442775898327806
test-24573,0.20383612521715558
test-24574,0.03893877265904019
test-24575,0.020742294408380543
test-24576,0.25541852355787653
test-24577,0.09862558966334982
test-24578,0.06363783602592563
test-24579,0.09231870597344345
test-2458,0.034906571523977026
test-24580,0.004336089108116096
test-24581,0.03201088624333114
test-24582,0.027436572514834768
test-24583,0.019630888234297355
test-24584,0.0225177806859726
test-24585,0.008416308877064734
test-24586,0.01644443832879783
test-24587,0.14343048192572863
test-24588,0.031428734956057025
test-24589,0.11560440302324242
test-2459,0.14958317825157855
test-24590,0.01323067546362762
test-24591,0.06025719048536686
test-24592,0.22057310174627484
test-24593,0.3246685112170929
test-24594,0.1449373683593187
test-24595,0.011090402832742636
test-24596,0.10135147787955867
test-24597,0.1717801334467948
test-24598,0.07984600052248031
test-24599,0.011992075436381278
test-246,0.01479045904874158
test-2460,0.027527293025049023
test-24600,0.01045475624591784
test-24601,0.008416308877064734
test-24602,0.01889079540525775
test-24603,0.31380257983712506
test-24604,0.03053622938331167
test-24605,0.1754470196754547
test-24606,0.017904091063995844
test-24607,0.09238270739194991
test-24608,0.10033464444381479
test-24609,0.06628201782665374
test-2461,0.12663596937894922
test-24610,0.23277533651070623
test-24611,0.210029867097108
test-24612,0.017155249252682647
test-24613,0.017156927152665813
test-24614,0.1797458192355175
test-24615,0.062161673526163155
test-24616,0.05339307069340168
test-24617,0.012682605347421182
test-24618,0.016778284688104713
test-24619,0.024372233421273922
test-2462,0.07958009128105223
test-24620,0.019228010491419766
test-24621,0.0508435370503177
test-24622,0.16264123748434556
test-24623,0.014223804111376082
test-24624,0.26597498728623875
test-24625,0.12913253738235023
test-24626,0.04557614458068919
test-24627,0.033033190567207805
test-24628,0.08463901422589887
test-24629,0.25788273733967376
test-2463,0.013221826120163035
test-24630,0.046454679894571214
test-24631,0.05498572260080251
test-24632,0.3248615755797882
test-24633,0.0066112284652752405
test-24634,0.023663495410872887
test-24635,0.04646791098816878
test-24636,0.1617146555861896
test-24637,0.047457563689155415
test-24638,0.02327984628368086
test-24639,0.014425700151789652
test-2464,0.11693554458179314
test-24640,0.07339018823190428
test-24641,0.007392313505517131
test-24642,0.13448240716869864
test-24643,0.029314763010289305
test-24644,0.01745699530300023
test-24645,0.02912335805474075
test-24646,0.011821527601506494
test-24647,0.132714090823437
test-24648,0.020746282190793747
test-24649,0.07910760481495195
test-2465,0.011321372058852256
test-24650,0.15571188379134085
test-24651,0.05487776745599645
test-24652,0.023992658664917916
test-24653,0.031104538315090007
test-24654,0.26191407950560686
test-24655,0.009278465605056362
test-24656,0.2970232705986067
test-24657,0.0732858674232542
test-24658,0.011799190511602716
test-24659,0.19685660788486298
test-2466,0.01131756893871979
test-24660,0.19218707166386423
test-24661,0.012364869938628315
test-24662,0.15448389039872112
test-24663,0.03595298010469057
test-24664,0.14492173536368086
test-24665,0.13830406861014471
test-24666,0.10812230317096443
test-24667,0.021089900720638672
test-24668,0.02415920082433453
test-24669,0.04727221323684307
test-2467,0.012784001229000197
test-24670,0.18526817379251684
test-24671,0.028419163584453472
test-24672,0.012571069967119337
test-24673,0.04547379949293163
test-24674,0.0461270517215274
test-24675,0.01878086987861188
test-24676,0.03444075426113958
test-24677,0.00801599858704799
test-24678,0.049933294853078916
test-24679,0.15241633641152563
test-2468,0.03231425484253889
test-24680,0.013201312545377292
test-24681,0.006084231464283525
test-24682,0.1645747302902257
test-24683,0.32071293568679116
test-24684,0.21678654674412765
test-24685,0.007594861042231095
test-24686,0.17307833428725825
test-24687,0.04531895004372469
test-24688,0.04853174945302693
test-24689,0.028301774983130027
test-2469,0.10235660717539959
test-24690,0.15310511909131008
test-24691,0.04475351461529831
test-24692,0.04769045363175766
test-24693,0.20239904591060112
test-24694,0.013153017964600546
test-24695,0.118423071254336
test-24696,0.23277130771961851
test-24697,0.044534795793035306
test-24698,0.09231870597344345
test-24699,0.03087538526949413
test-247,0.11494214419246217
test-2470,0.041260208896640525
test-24700,0.026773248243634775
test-24701,0.1244892465673478
test-24702,0.3125931962223252
test-24703,0.013704216350088914
test-24704,0.009660168006087117
test-24705,0.011171684817864626
test-24706,0.011343455380062293
test-24707,0.368384129743582
test-24708,0.08890115724917734
test-24709,0.04371739997126556
test-2471,0.023221309418127396
test-24710,0.03763448139013755
test-24711,0.17833993825305886
test-24712,0.03882782471225247
test-24713,0.01086737827250902
test-24714,0.11406573607985475
test-24715,0.07926202313056241
test-24716,0.1521103761092742
test-24717,0.30557396012871385
test-24718,0.13775918575813118
test-24719,0.0815376491759851
test-2472,0.02119198120242122
test-24720,0.12663596937894922
test-24721,0.015641317238971744
test-24722,0.03273924442072789
test-24723,0.16272517289259036
test-24724,0.021209339490586617
test-24725,0.018560488100929605
test-24726,0.026017942455827617
test-24727,0.12524036827814317
test-24728,0.09546273356585827
test-24729,0.02211182532949204
test-2473,0.033312468118164594
test-24730,0.17375599559862348
test-24731,0.32214354540536116
test-24732,0.07754959013725858
test-24733,0.08603785274655606
test-24734,0.20821278678008723
test-24735,0.02658887004223075
test-24736,0.12663596937894922
test-24737,0.03957797408190487
test-24738,0.035754044617442395
test-24739,0.12231610687012379
test-2474,0.07201250236919965
test-24740,0.01470876861794151
test-24741,0.3147502131079928
test-24742,0.008782777418016861
test-24743,0.06633899327909472
test-24744,0.14141652199281468
test-24745,0.29140349252570924
test-24746,0.2146182368039347
test-24747,0.2740977248836291
test-24748,0.012917495276892012
test-24749,0.15544405184357207
test-2475,0.20094439336069306
test-24750,0.18922701347968318
test-24751,0.320739459154646
test-24752,0.20076579714671464
test-24753,0.11803087843920418
test-24754,0.11350473776747978
test-24755,0.03854226570164277
test-24756,0.028301141506564976
test-24757,0.04734713382032653
test-24758,0.07171478835619877
test-24759,0.020085751638411385
test-2476,0.009933978825860388
test-24760,0.00844444324288729
test-24761,0.03521078702258406
test-24762,0.16324235186105718
test-24763,0.025433407396750932
test-24764,0.05250839123780169
test-24765,0.13771016827589383
test-24766,0.137845261915111
test-24767,0.1186069562974372
test-24768,0.04131287221392391
test-24769,0.015268903358551227
test-2477,0.013730191367380129
test-24770,0.03280236076672631
test-24771,0.3435104672790336
test-24772,0.021445189581349475
test-24773,0.012185967847383598
test-24774,0.13809160389492123
test-24775,0.01287871138861416
test-24776,0.017234360076750055
test-24777,0.01838943608475835
test-24778,0.0333629232863195
test-24779,0.038196902783434405
test-2478,0.09779282410967889
test-24780,0.06195093452279189
test-24781,0.03667886671461944
test-24782,0.04280962904164492
test-24783,0.01606922200966727
test-24784,0.01239262728837329
test-24785,0.027589058430989098
test-24786,0.08599445942226916
test-24787,0.04142170245950171
test-24788,0.26417326791874274
test-24789,0.022023821151709932
test-2479,0.012999564440928387
test-24790,0.25541852355787653
test-24791,0.03299276690170982
test-24792,0.026053186773461072
test-24793,0.01390783830053729
test-24794,0.0669392073111586
test-24795,0.30902669917001296
test-24796,0.038185564957500515
test-24797,0.029791298153062955
test-24798,0.008772038001455753
test-24799,0.18085479190217835
test-248,0.04431468948782851
test-2480,0.08110413393213176
test-24800,0.06836885896940272
test-24801,0.02838056425438175
test-24802,0.025007606725995207
test-24803,0.12249642571331844
test-24804,0.03534129172596895
test-24805,0.27774545880186846
test-24806,0.007897251086397602
test-24807,0.3603844460229274
test-24808,0.16789614654970517
test-24809,0.007900554166826591
test-2481,0.019005111624465512
test-24810,0.16124676553992295
test-24811,0.022535935241614107
test-24812,0.34357508764371425
test-24813,0.0272165866964401
test-24814,0.01013190696508104
test-24815,0.046009648738188004
test-24816,0.025108423994344976
test-24817,0.01328717660624145
test-24818,0.05339307069340168
test-24819,0.03412483408517977
test-2482,0.09865143086310076
test-24820,0.021863899982840645
test-24821,0.25453752245194944
test-24822,0.08110413393213176
test-24823,0.012551776389173415
test-24824,0.020347606966178836
test-24825,0.0092119280546325
test-24826,0.014561595977396728
test-24827,0.036321533432378865
test-24828,0.315107226151039
test-24829,0.006646808070441363
test-2483,0.012516581015231898
test-24830,0.020324023190764432
test-24831,0.13632316857259644
test-24832,0.017905498446497508
test-24833,0.024575905772693588
test-24834,0.07512180394517347
test-24835,0.19769825805541952
test-24836,0.1969238770788439
test-24837,0.02008863397410812
test-24838,0.02241284963833912
test-24839,0.04108911096824207
test-2484,0.016266158943568417
test-24840,0.05129948201872686
test-24841,0.1452139018372663
test-24842,0.15300880527662164
test-24843,0.0171343366719604
test-24844,0.05166032294719323
test-24845,0.016511138725346475
test-24846,0.12030582013275581
test-24847,0.25009228666758265
test-24848,0.020995189525621273
test-24849,0.061577899304617906
test-2485,0.12730930468898366
test-24850,0.08368910446903587
test-24851,0.005275354905142297
test-24852,0.10812230317096443
test-24853,0.01914012173435503
test-24854,0.10719074635035399
test-24855,0.08825422843683706
test-24856,0.11041139962020194
test-24857,0.07382178306583627
test-24858,0.24507191229995856
test-24859,0.04860289900616324
test-2486,0.06008971258231901
test-24860,0.12154677878816526
test-24861,0.08641359945096186
test-24862,0.2070065862793706
test-24863,0.08065537580774218
test-24864,0.10551971338376773
test-24865,0.019908826259625936
test-24866,0.021176670602333646
test-24867,0.03337254989051922
test-24868,0.019993071526381374
test-24869,0.1837599823935044
test-2487,0.03030032868580819
test-24870,0.33651518616029824
test-24871,0.21285898613740384
test-24872,0.06539866789658458
test-24873,0.2261725950838435
test-24874,0.021613296510488537
test-24875,0.20291162299542376
test-24876,0.10215364166474265
test-24877,0.24937241371159052
test-24878,0.22711034178619
test-24879,0.007442620796361611
test-2488,0.3380378683022445
test-24880,0.11594685696494544
test-24881,0.4225057900980009
test-24882,0.32590403221226805
test-24883,0.025284288403384696
test-24884,0.07818046689388404
test-24885,0.12663596937894922
test-24886,0.24494667014382288
test-24887,0.18563398944170845
test-24888,0.23689564621265424
test-24889,0.012637397863476533
test-2489,0.01668333878119306
test-24890,0.0706058904068349
test-24891,0.008885780739832297
test-24892,0.1056782725960443
test-24893,0.041369093913376405
test-24894,0.36047910455683446
test-24895,0.025368471502438816
test-24896,0.34551152751837033
test-24897,0.01402701841989978
test-24898,0.11330014397202574
test-24899,0.0991415176811779
test-249,0.16503503580434714
test-2490,0.021687206394649883
test-24900,0.022242669384285027
test-24901,0.14971120097903173
test-24902,0.36078104712201753
test-24903,0.08473757415667188
test-24904,0.015644994043609656
test-24905,0.018125984956219473
test-24906,0.1543693773528168
test-24907,0.012572611141199314
test-24908,0.00953521655962779
test-24909,0.3242622176878931
test-2491,0.26710042303909753
test-24910,0.04489729275222544
test-24911,0.07511652859751651
test-24912,0.16832467409512367
test-24913,0.007944985500642857
test-24914,0.012185967847383598
test-24915,0.1521091108943804
test-24916,0.012682729687067655
test-24917,0.032147435043153
test-24918,0.04320081718692253
test-24919,0.17831963843076878
test-2492,0.0535898584780217
test-24920,0.02548315275435056
test-24921,0.009409740526380628
test-24922,0.019282984525144174
test-24923,0.01734339194779329
test-24924,0.011603052454405356
test-24925,0.021260266283165352
test-24926,0.19425155293356441
test-24927,0.20544877481690432
test-24928,0.1313395705021038
test-24929,0.04118334829822658
test-2493,0.12913253738235023
test-24930,0.028231343595340297
test-24931,0.12756464018589395
test-24932,0.07995118387683771
test-24933,0.021188623308572813
test-24934,0.05339307069340168
test-24935,0.01101266198891657
test-24936,0.045438851608249224
test-24937,0.008331173383405626
test-24938,0.027859957799136838
test-24939,0.006504733085913381
test-2494,0.12663596937894922
test-24940,0.0065285075459238055
test-24941,0.09507627697535487
test-24942,0.005740492762455878
test-24943,0.021487064915886877
test-24944,0.04542596184233585
test-24945,0.019933032170278975
test-24946,0.03648173071962281
test-24947,0.09806854938600683
test-24948,0.027316700332768812
test-24949,0.015866804333469375
test-2495,0.11321106954632659
test-24950,0.17056737353958626
test-24951,0.05864168982407073
test-24952,0.023459633895825338
test-24953,0.014522620930180224
test-24954,0.006721193337004338
test-24955,0.11376113190280318
test-24956,0.030093898849309974
test-24957,0.019162871421906123
test-24958,0.04981209831535187
test-24959,0.06383254324531532
test-2496,0.05400969918303831
test-24960,0.04688163618239434
test-24961,0.1955211153580196
test-24962,0.010944914017112579
test-24963,0.11709343371842393
test-24964,0.10847934763589935
test-24965,0.021806969673900823
test-24966,0.0055038039605951146
test-24967,0.006117577119533941
test-24968,0.03019194139003842
test-24969,0.15436219212105182
test-2497,0.014691640008063186
test-24970,0.03628017251863496
test-24971,0.3015049642049047
test-24972,0.29866395623175357
test-24973,0.012229103429423809
test-24974,0.01483323245990061
test-24975,0.014684200038307104
test-24976,0.30147294791629276
test-24977,0.03408290519867739
test-24978,0.03573596702328156
test-24979,0.022383442357312575
test-2498,0.07632543333667993
test-24980,0.02278503865633453
test-24981,0.026840240960349187
test-24982,0.030065449374719746
test-24983,0.019133543980964063
test-24984,0.1522800891474621
test-24985,0.33833861467894416
test-24986,0.14535196042556664
test-24987,0.12550846869137816
test-24988,0.011693614212628016
test-24989,0.011392937053266057
test-2499,0.07912855186602091
test-24990,0.010108103704194836
test-24991,0.25435795073809536
test-24992,0.03403254564709647
test-24993,0.024073998660781182
test-24994,0.010188288774515592
test-24995,0.04561199673116863
test-24996,0.274436853534783
test-24997,0.01649559128999138
test-24998,0.1775556464492769
test-24999,0.024866846709767288
test-25,0.04522250991065696
test-250,0.06018018152306822
test-2500,0.012198623969024146
test-25000,0.06586590550913479
test-25001,0.010591724489278139
test-25002,0.065191629888299
test-25003,0.04350007665662657
test-25004,0.33712876269394887
test-25005,0.12268264666770119
test-25006,0.151961233177062
test-25007,0.05608161125235809
test-25008,0.015323506682260743
test-25009,0.015228327352687272
test-2501,0.029701884042923735
test-25010,0.0326799898935659
test-25011,0.011469602235691474
test-25012,0.09785735755938435
test-25013,0.13873874910959863
test-25014,0.12756464018589395
test-25015,0.039957178541201455
test-25016,0.021765026891751447
test-25017,0.0247963094518123
test-25018,0.009408210258116128
test-25019,0.011359874430755456
test-2502,0.012785662994031347
test-25020,0.12032381211668403
test-25021,0.03182898899662931
test-25022,0.08723666399312696
test-25023,0.013014610433400079
test-25024,0.027211131737279265
test-25025,0.01828644406612659
test-25026,0.016785103625597434
test-25027,0.04074657973302438
test-25028,0.13734469311397798
test-25029,0.2197046736828769
test-2503,0.011181020410393842
test-25030,0.2558799134425733
test-25031,0.12426513400358717
test-25032,0.015464844067314583
test-25033,0.08690657263307895
test-25034,0.02163687962712324
test-25035,0.14990363641238338
test-25036,0.2388994198197532
test-25037,0.0649392354581359
test-25038,0.3147502131079928
test-25039,0.34952861513406225
test-2504,0.06210400309204133
test-25040,0.021835242067029078
test-25041,0.020846516394319916
test-25042,0.08592132109463028
test-25043,0.02216654570327601
test-25044,0.31674097691309655
test-25045,0.16286202736612523
test-25046,0.011925844049741292
test-25047,0.04950631500474646
test-25048,0.2570150490517478
test-25049,0.07624199398066524
test-2505,0.013464503018288276
test-25050,0.012572665905477549
test-25051,0.05223393173182453
test-25052,0.24845371955492568
test-25053,0.31031435814079444
test-25054,0.045191038957870175
test-25055,0.12253463154346565
test-25056,0.246569343686027
test-25057,0.09347468769649943
test-25058,0.014474691511451135
test-25059,0.014101791693821619
test-2506,0.15336390837293845
test-25060,0.033795264351556456
test-25061,0.02793157900576299
test-25062,0.022635169738382598
test-25063,0.024365579375490165
test-25064,0.061577899304617906
test-25065,0.07459906381102326
test-25066,0.05871816869764602
test-25067,0.011487355133154093
test-25068,0.12958919782220565
test-25069,0.017193449988134744
test-2507,0.021108816568396443
test-25070,0.054552961987618276
test-25071,0.25541852355787653
test-25072,0.1387564677932596
test-25073,0.04373740903442835
test-25074,0.0823968081374033
test-25075,0.004312932327538549
test-25076,0.11626674784134844
test-25077,0.123817286149575
test-25078,0.02996606264588555
test-25079,0.013125155838904338
test-2508,0.17847158456777307
test-25080,0.15476990947720298
test-25081,0.0668501189923267
test-25082,0.34257357128167115
test-25083,0.1009247718775417
test-25084,0.3788549098223713
test-25085,0.10656984841862242
test-25086,0.06671634732011528
test-25087,0.024183939642200874
test-25088,0.019454757982365303
test-25089,0.15155679350163467
test-2509,0.016977842585033806
test-25090,0.09256463628352707
test-25091,0.03602484228733413
test-25092,0.08439310832350153
test-25093,0.3812029469326179
test-25094,0.009644095471519582
test-25095,0.05015468531813707
test-25096,0.039477942203272824
test-25097,0.03161522120384947
test-25098,0.1665096716832755
test-25099,0.01296308915112415
test-251,0.025275728409139702
test-2510,0.05058149895116888
test-25100,0.2593214145779216
test-25101,0.014823906432950309
test-25102,0.012650015575249533
test-25103,0.1004949552703056
test-25104,0.2298507376895568
test-25105,0.03501710170848993
test-25106,0.009446872536829147
test-25107,0.1999678262270987
test-25108,0.03213528832826298
test-25109,0.02134259023218071
test-2511,0.03672172981166623
test-25110,0.007445844638963113
test-25111,0.031432306484851485
test-25112,0.043951991141906566
test-25113,0.034848343271494296
test-25114,0.011405570489086931
test-25115,0.040591951842197875
test-25116,0.1689288097257411
test-25117,0.0114484512596395
test-25118,0.02071968059036691
test-25119,0.11950079969473623
test-2512,0.007901445841750204
test-25120,0.1490516569896876
test-25121,0.04103730517084501
test-25122,0.015579169211249215
test-25123,0.010343889471935248
test-25124,0.010706529321482241
test-25125,0.05492734286433132
test-25126,0.17240905851447957
test-25127,0.049035149672732745
test-25128,0.11873029437546903
test-25129,0.16901412087517917
test-2513,0.15772608927371534
test-25130,0.0404215390277166
test-25131,0.0770690794586794
test-25132,0.079498415576037
test-25133,0.04019155309418199
test-25134,0.03171412563646656
test-25135,0.2519907039033014
test-25136,0.08645029124980899
test-25137,0.15936033718881618
test-25138,0.19163055758844755
test-25139,0.10566172941540038
test-2514,0.01268886482173747
test-25140,0.17663820356059384
test-25141,0.0846182167635542
test-25142,0.09727419094881211
test-25143,0.08323071837513352
test-25144,0.3672298183553956
test-25145,0.04371739997126556
test-25146,0.08224199237615913
test-25147,0.027973773545655806
test-25148,0.016501907088814903
test-25149,0.04475351461529831
test-2515,0.03772930020037507
test-25150,0.06173455737323336
test-25151,0.013900633327013422
test-25152,0.34312914768319197
test-25153,0.023089436153511625
test-25154,0.061577899304617906
test-25155,0.02270175562425445
test-25156,0.2568266762337074
test-25157,0.2318143265758651
test-25158,0.17215193164682546
test-25159,0.2841424532080159
test-2516,0.2903149680327812
test-25160,0.030403806266781092
test-25161,0.039943117353432894
test-25162,0.06807277471988875
test-25163,0.033358598928523234
test-25164,0.008443481737337723
test-25165,0.0193591525646486
test-25166,0.043782786609879824
test-25167,0.2076907098585359
test-25168,0.0387516180400211
test-25169,0.13775918575813118
test-2517,0.16041092403239682
test-25170,0.05930576000970054
test-25171,0.021355805790685592
test-25172,0.036352519643092975
test-25173,0.2660695723137488
test-25174,0.0680862143593127
test-25175,0.07523623872802973
test-25176,0.059501922873155644
test-25177,0.07305911273342602
test-25178,0.03563965779772
test-25179,0.028090285400281967
test-2518,0.04174448867016458
test-25180,0.10132528588214676
test-25181,0.059726684063105176
test-25182,0.011455045641507273
test-25183,0.025378667099567587
test-25184,0.0178886086383052
test-25185,0.3523677953302402
test-25186,0.2578727466054428
test-25187,0.03201162371768549
test-25188,0.010997960926486099
test-25189,0.08378167808419683
test-2519,0.013595082741098186
test-25190,0.0929416739813368
test-25191,0.010056363433970284
test-25192,0.014157662206778865
test-25193,0.10150205355978568
test-25194,0.017380442562130494
test-25195,0.026558631001875912
test-25196,0.117680950946773
test-25197,0.015989661703718107
test-25198,0.0175457313422073
test-25199,0.02806574573639831
test-252,0.03721446499084605
test-2520,0.11470652216686841
test-25200,0.20119292790449267
test-25201,0.006412851691144523
test-25202,0.10912577553869712
test-25203,0.16935573230105191
test-25204,0.035808119694210175
test-25205,0.09722372675710492
test-25206,0.1587869706008065
test-25207,0.2846567261383245
test-25208,0.12099176132734665
test-25209,0.024840373135949417
test-2521,0.011439000718241067
test-25210,0.148707018255072
test-25211,0.10035012216328235
test-25212,0.1394463013726253
test-25213,0.010193797095514694
test-25214,0.20875932129716152
test-25215,0.022395363511407477
test-25216,0.017054583361619764
test-25217,0.03142684381386346
test-25218,0.23868397811087794
test-25219,0.048613410905428894
test-2522,0.00925213649793922
test-25220,0.0463630298797408
test-25221,0.13269937052641603
test-25222,0.04786492469245328
test-25223,0.01963241348531116
test-25224,0.09860381645007209
test-25225,0.023945284865501373
test-25226,0.01873162131232826
test-25227,0.12768034155426614
test-25228,0.016955077342553023
test-25229,0.3951689071688702
test-2523,0.19551058866332777
test-25230,0.020643273200199996
test-25231,0.022073572992487658
test-25232,0.12202720435737792
test-25233,0.025561837763494136
test-25234,0.16288005114499374
test-25235,0.015134569986125506
test-25236,0.054097809846678654
test-25237,0.16934934414496067
test-25238,0.11730284066781692
test-25239,0.013509250797862022
test-2524,0.07851896097445257
test-25240,0.03611663395578433
test-25241,0.011489201983448388
test-25242,0.04281709974455204
test-25243,0.2777735034553529
test-25244,0.059501922873155644
test-25245,0.015375682458882522
test-25246,0.0370178999960362
test-25247,0.12248267217716732
test-25248,0.13700765216516195
test-25249,0.027259917314447477
test-2525,0.03162093546674455
test-25250,0.035498810748935766
test-25251,0.008589187753082943
test-25252,0.021817389440483816
test-25253,0.01843536722991557
test-25254,0.19666576143732206
test-25255,0.05979957654322543
test-25256,0.09787796055403811
test-25257,0.3001321397717744
test-25258,0.13548333444104455
test-25259,0.013125155838904338
test-2526,0.23453082472099898
test-25260,0.14477738904936552
test-25261,0.19284073927202597
test-25262,0.35332675763330407
test-25263,0.07300415700059695
test-25264,0.022709669503999576
test-25265,0.3655113239938006
test-25266,0.08459646565477272
test-25267,0.00807723309087314
test-25268,0.012816568901424482
test-25269,0.1749400544547567
test-2527,0.046080903532490065
test-25270,0.08387665200676524
test-25271,0.034462792400414846
test-25272,0.31939396202793396
test-25273,0.10290466484111752
test-25274,0.017517794408192403
test-25275,0.046226524915842976
test-25276,0.23645148183313475
test-25277,0.11803087843920418
test-25278,0.09564424785242442
test-25279,0.01019866298570962
test-2528,0.19629386064678928
test-25280,0.00796295368881771
test-25281,0.02760929751911212
test-25282,0.05131729720626744
test-25283,0.011359659525609973
test-25284,0.04051182369827448
test-25285,0.029763386436953188
test-25286,0.009148859720877216
test-25287,0.1021804656619918
test-25288,0.16130828240634443
test-25289,0.31380257983712506
test-2529,0.006370383227728452
test-25290,0.018492674325657786
test-25291,0.02036845620967065
test-25292,0.29768633729161476
test-25293,0.11690782927104641
test-25294,0.047721642354525175
test-25295,0.010053780195059009
test-25296,0.20502439501440922
test-25297,0.15749589323429916
test-25298,0.037340333885979494
test-25299,0.059780655540322275
test-253,0.16476995877188572
test-2530,0.03500623183050008
test-25300,0.008498724598562823
test-25301,0.039167560663944896
test-25302,0.1394463013726253
test-25303,0.01323067546362762
test-25304,0.28672424402100855
test-25305,0.08785006560430299
test-25306,0.02925181451733757
test-25307,0.04398654810674749
test-25308,0.02260661585436778
test-25309,0.013291950730679087
test-2531,0.021743668455419068
test-25310,0.08318470054355681
test-25311,0.08003083037374147
test-25312,0.014095201358196323
test-25313,0.08854018945950937
test-25314,0.02107734597185447
test-25315,0.0165903623584868
test-25316,0.006918078169663977
test-25317,0.014622936338569656
test-25318,0.19234382342660808
test-25319,0.0909810564641548
test-2532,0.04672347851698797
test-25320,0.06107244868006746
test-25321,0.033584882621283556
test-25322,0.09435854111353265
test-25323,0.02233437628570016
test-25324,0.015466684111788247
test-25325,0.04201587544696237
test-25326,0.051765332970610214
test-25327,0.16097039003298266
test-25328,0.14516657391541513
test-25329,0.15489636334832696
test-2533,0.005281451775027793
test-25330,0.0435951299683259
test-25331,0.04371739997126556
test-25332,0.30627530588561463
test-25333,0.22284176316514867
test-25334,0.017870681043521488
test-25335,0.013117979710711396
test-25336,0.01042483697568999
test-25337,0.01440416593640712
test-25338,0.014606832165642208
test-25339,0.09279198626670025
test-2534,0.07570544771894107
test-25340,0.050415637044265625
test-25341,0.1944346418129891
test-25342,0.007370237838874003
test-25343,0.03991427570930743
test-25344,0.011497880075381009
test-25345,0.053553707767250706
test-25346,0.02931666854107908
test-25347,0.05069822474348229
test-25348,0.09407009729664456
test-25349,0.04201587544696237
test-2535,0.17312304755965455
test-25350,0.02015046895192022
test-25351,0.007614978351067604
test-25352,0.06165684118536136
test-25353,0.028833407940722696
test-25354,0.0836160361599026
test-25355,0.12083842617237292
test-25356,0.016807010535578173
test-25357,0.01944977067549947
test-25358,0.23648799865232792
test-25359,0.09329114569549721
test-2536,0.018351462672615528
test-25360,0.2010100684059277
test-25361,0.08073455462196906
test-25362,0.13728219661578422
test-25363,0.012637397863476533
test-25364,0.02490807328426238
test-25365,0.07530698548391887
test-25366,0.013414345702250648
test-25367,0.048891590433605754
test-25368,0.29382590383978296
test-25369,0.0314425268840178
test-2537,0.13717358091809215
test-25370,0.07357265692355214
test-25371,0.03116306266596563
test-25372,0.013754142314695426
test-25373,0.09660306435378263
test-25374,0.022426834726591575
test-25375,0.1621359384939259
test-25376,0.050406494854553056
test-25377,0.07799579669516332
test-25378,0.055148312911940674
test-25379,0.008231571866006529
test-2538,0.016713145446360263
test-25380,0.02149681760566622
test-25381,0.012874529722174677
test-25382,0.07685295299331849
test-25383,0.2569813618968038
test-25384,0.07283857716050303
test-25385,0.007219217992684454
test-25386,0.016334975380951747
test-25387,0.025264225167770285
test-25388,0.2134403155351014
test-25389,0.009928707470995125
test-2539,0.02148905534698849
test-25390,0.0125521510220404
test-25391,0.008572412555190052
test-25392,0.08003083037374147
test-25393,0.02789231220044445
test-25394,0.02799829370649109
test-25395,0.32349836908036844
test-25396,0.028820191832033226
test-25397,0.07300415700059695
test-25398,0.12394046477917241
test-25399,0.1675180623111953
test-254,0.007878796935477234
test-2540,0.012574041827917718
test-25400,0.027207021740503635
test-25401,0.020600986157129308
test-25402,0.03810745848360462
test-25403,0.19344977173418956
test-25404,0.06803412447426488
test-25405,0.014724068478057375
test-25406,0.00839738206759701
test-25407,0.10863712469274445
test-25408,0.2746744630338302
test-25409,0.013484431501374839
test-2541,0.033090003765741324
test-25410,0.1280339787175386
test-25411,0.034863892987026926
test-25412,0.03689605965681717
test-25413,0.09450674163169562
test-25414,0.016310571505758955
test-25415,0.011349091319978558
test-25416,0.014476609843095295
test-25417,0.25099877445257923
test-25418,0.020730501466260202
test-25419,0.23257435426724637
test-2542,0.06259100480523434
test-25420,0.24509283302263443
test-25421,0.15069433897427462
test-25422,0.04402187412228945
test-25423,0.02371583537465526
test-25424,0.02236510515530074
test-25425,0.02292326155654053
test-25426,0.0583066817679733
test-25427,0.19928723223453393
test-25428,0.06613128233036399
test-25429,0.035422562575740384
test-2543,0.01799989878339815
test-25430,0.25772297772782204
test-25431,0.05339307069340168
test-25432,0.011683562578179102
test-25433,0.021440425575089406
test-25434,0.0319438666442105
test-25435,0.06108085344638038
test-25436,0.025438045291636478
test-25437,0.08238958996284462
test-25438,0.04252105837468247
test-25439,0.0091119697118891
test-2544,0.010865154306093174
test-25440,0.03501689404757815
test-25441,0.021894597177310172
test-25442,0.024965710578313267
test-25443,0.008697560457054691
test-25444,0.011991136902549113
test-25445,0.04291352350258542
test-25446,0.02663298210448609
test-25447,0.24782615735307742
test-25448,0.00899991489377161
test-25449,0.08110413393213176
test-2545,0.009501418558876843
test-25450,0.010311566925566826
test-25451,0.02130997250085645
test-25452,0.16327175869031993
test-25453,0.15404003296505941
test-25454,0.021145487492944905
test-25455,0.015381404847325138
test-25456,0.0409043758464611
test-25457,0.12400874937570441
test-25458,0.06669462032270346
test-25459,0.17261752591391524
test-2546,0.16539541143546335
test-25460,0.0783435241336305
test-25461,0.046321224556132426
test-25462,0.1011647941350918
test-25463,0.03409843070313782
test-25464,0.011061180659624798
test-25465,0.0288256965280256
test-25466,0.04924318633948955
test-25467,0.02302195015226425
test-25468,0.020197667142681317
test-25469,0.19880774776985727
test-2547,0.20564161944038378
test-25470,0.045656276677462374
test-25471,0.1807029006317495
test-25472,0.11655125347424804
test-25473,0.17645226684991447
test-25474,0.19319438777168021
test-25475,0.020949854787824514
test-25476,0.024551884882046276
test-25477,0.016886049181079894
test-25478,0.030513714976182868
test-25479,0.11715779715883995
test-2548,0.12908233539490316
test-25480,0.15257244592453686
test-25481,0.03345072928630892
test-25482,0.20565317909877823
test-25483,0.17676793917477673
test-25484,0.009945544235989269
test-25485,0.03956501138883579
test-25486,0.01095297789524586
test-25487,0.14136535607650436
test-25488,0.09053831316485697
test-25489,0.017938508927497727
test-2549,0.007957743098263416
test-25490,0.08091840458510943
test-25491,0.028224925443446482
test-25492,0.025841881073173596
test-25493,0.01465977632923049
test-25494,0.02335564161150244
test-25495,0.40171673601165164
test-25496,0.016714810155089035
test-25497,0.16948764875643343
test-25498,0.23614960471351973
test-25499,0.2587806466152034
test-255,0.10979449600483909
test-2550,0.05835397070828883
test-25500,0.09787796055403811
test-25501,0.031233384809993606
test-25502,0.05487776745599645
test-25503,0.06418338554609807
test-25504,0.017713710341972187
test-25505,0.0340567493705713
test-25506,0.08268501437676881
test-25507,0.027981596557351798
test-25508,0.0064699230389817595
test-25509,0.013932361121081538
test-2551,0.04658147943152278
test-25510,0.12804156961941549
test-25511,0.16948764875643343
test-25512,0.04972980610446393
test-25513,0.13386216675566
test-25514,0.03352734778219476
test-25515,0.030067107090668503
test-25516,0.019444751094682508
test-25517,0.058128449677796
test-25518,0.19250274887351887
test-25519,0.02237058989001141
test-2552,0.013341016380945094
test-25520,0.027047494012960773
test-25521,0.03236182402558801
test-25522,0.28349385609325084
test-25523,0.03263256366981311
test-25524,0.027575184234161935
test-25525,0.01175645872483035
test-25526,0.011650488098437333
test-25527,0.012350651297579661
test-25528,0.04252105837468247
test-25529,0.18663950696135428
test-2553,0.06866260127631668
test-25530,0.014217704812579212
test-25531,0.06680575911102908
test-25532,0.027180305287528322
test-25533,0.25559389283524714
test-25534,0.01739669593752785
test-25535,0.3208444012523929
test-25536,0.02602209480445384
test-25537,0.010043551539695838
test-25538,0.017712898967108197
test-25539,0.04371754124366825
test-2554,0.031865361579189844
test-25540,0.038289474168875605
test-25541,0.024110587882695707
test-25542,0.016741488923999497
test-25543,0.04475351461529831
test-25544,0.02883603506234253
test-25545,0.11386083946544535
test-25546,0.022487548992525405
test-25547,0.013019270087357699
test-25548,0.14961718542632496
test-25549,0.06603155858918427
test-2555,0.008895591537698904
test-25550,0.020425697337251157
test-25551,0.07066391180041305
test-25552,0.08526227083278394
test-25553,0.17097567726643986
test-25554,0.04895050024092073
test-25555,0.2093699132190417
test-25556,0.00925803662767432
test-25557,0.20428309499299127
test-25558,0.02095753738498804
test-25559,0.0732858674232542
test-2556,0.10642681427494319
test-25560,0.016861668691595798
test-25561,0.06731287478468845
test-25562,0.13707338501584213
test-25563,0.29071853952805465
test-25564,0.20112534528635206
test-25565,0.03192284304136769
test-25566,0.03409903900508733
test-25567,0.014618137908183186
test-25568,0.059793799085783375
test-25569,0.09894217917792562
test-2557,0.045897731765942106
test-25570,0.007374695786315749
test-25571,0.07305911273342602
test-25572,0.10327955926391405
test-25573,0.009641536660070933
test-25574,0.11563283694627824
test-25575,0.02311791679835939
test-25576,0.057738957094061565
test-25577,0.11222945179869177
test-25578,0.03394517755049771
test-25579,0.012033439464615062
test-2558,0.06518688175134404
test-25580,0.05032456663616559
test-25581,0.16362422601186172
test-25582,0.009849473995068738
test-25583,0.014422673190260247
test-25584,0.12315504161877408
test-25585,0.02715202436311902
test-25586,0.05410739181064715
test-25587,0.1478408385100214
test-25588,0.07287513663214307
test-25589,0.0669392073111586
test-2559,0.03324611489283628
test-25590,0.024655048265708693
test-25591,0.0669392073111586
test-25592,0.03117753676616587
test-25593,0.13726071573070886
test-25594,0.13306867425513277
test-25595,0.020807791313845622
test-25596,0.03426943249237818
test-25597,0.16020624713040893
test-25598,0.02801372017952095
test-25599,0.015809364037426638
test-256,0.1944346418129891
test-2560,0.017615376371671397
test-25600,0.023240846149684947
test-25601,0.061970417471282874
test-25602,0.02823657148658974
test-25603,0.13587265895289832
test-25604,0.09787796055403811
test-25605,0.020496323152607653
test-25606,0.02141096911611418
test-25607,0.05720033932511675
test-25608,0.017066284732060406
test-25609,0.03321276723375625
test-2561,0.0115681749965387
test-25610,0.03194061257247162
test-25611,0.18709143841964196
test-25612,0.02439082000890906
test-25613,0.05819604623059732
test-25614,0.009624134901274246
test-25615,0.018535790468174995
test-25616,0.04049860151896432
test-25617,0.012784259067386653
test-25618,0.02772102418537192
test-25619,0.02005808573683487
test-2562,0.008443481737337723
test-25620,0.015101017896833787
test-25621,0.03585535466148271
test-25622,0.10688875032218856
test-25623,0.021593076672932924
test-25624,0.0846182167635542
test-25625,0.03040119360773219
test-25626,0.009459684218596845
test-25627,0.014299307191582443
test-25628,0.014746028199338783
test-25629,0.03325402996737262
test-2563,0.017676407216861176
test-25630,0.0684419811070953
test-25631,0.05888552706163986
test-25632,0.08003083037374147
test-25633,0.20873764611511714
test-25634,0.01213298158083581
test-25635,0.3008925464524673
test-25636,0.038725315010321615
test-25637,0.08746938402896616
test-25638,0.1294518985841953
test-25639,0.015499451200918276
test-2564,0.03232020798548525
test-25640,0.022507192529495165
test-25641,0.01437127620073338
test-25642,0.26946225082926695
test-25643,0.008577365610350472
test-25644,0.2749734562319839
test-25645,0.18858957815229194
test-25646,0.07952477564645437
test-25647,0.19234382342660808
test-25648,0.008104545779943101
test-25649,0.033050075500605465
test-2565,0.2697507449282824
test-25650,0.029898820979739373
test-25651,0.01173901088197153
test-25652,0.02104256085277956
test-25653,0.01470155729677045
test-25654,0.03775169123701027
test-25655,0.008149002485368602
test-25656,0.17645226684991447
test-25657,0.012862994149223577
test-25658,0.00666334734698686
test-25659,0.025752039565588195
test-2566,0.015732809691320914
test-25660,0.037140503595600026
test-25661,0.2704939783212195
test-25662,0.007549042960258118
test-25663,0.024551139624338948
test-25664,0.20833629038591897
test-25665,0.03519308116821826
test-25666,0.041644692851619175
test-25667,0.02008863397410812
test-25668,0.15644328139772729
test-25669,0.01622645493468441
test-2567,0.0084201895527156
test-25670,0.1869213515024209
test-25671,0.05669042333400212
test-25672,0.3495839287884276
test-25673,0.02992457200789119
test-25674,0.01617708901667578
test-25675,0.10135147787955867
test-25676,0.04252105837468247
test-25677,0.22742476144955448
test-25678,0.01165912861558228
test-25679,0.03317616062419894
test-2568,0.1859072246500359
test-25680,0.09787796055403811
test-25681,0.0669392073111586
test-25682,0.042817480290909024
test-25683,0.3116846642025746
test-25684,0.3431983125011996
test-25685,0.11500556831065104
test-25686,0.03359347823370298
test-25687,0.06247177855193048
test-25688,0.013245143839571025
test-25689,0.0180553043047019
test-2569,0.10348018762970507
test-25690,0.037087707577736495
test-25691,0.27538985912732666
test-25692,0.015563784571738754
test-25693,0.03488050043069859
test-25694,0.014080232656244744
test-25695,0.01738656371682634
test-25696,0.2754241825800075
test-25697,0.2444226940305503
test-25698,0.034462792400414846
test-25699,0.005958705354653174
test-257,0.04058253511780579
test-2570,0.08886513942764598
test-25700,0.04224266752505652
test-25701,0.0701445611033807
test-25702,0.016740870732518703
test-25703,0.07334337621268745
test-25704,0.015946264383769337
test-25705,0.1945697034510691
test-25706,0.26138840549659387
test-25707,0.24235549513047738
test-25708,0.0241453367406784
test-25709,0.02012686458239544
test-2571,0.02143546801446825
test-25710,0.0831030652116057
test-25711,0.01861173245431562
test-25712,0.22540528423031633
test-25713,0.09894217917792562
test-25714,0.02790192685352737
test-25715,0.03603346038149868
test-25716,0.06807277471988875
test-25717,0.21389710083865404
test-25718,0.1805397474662893
test-25719,0.02498576171447507
test-2572,0.0173696774484928
test-25720,0.03640059827416189
test-25721,0.034462792400414846
test-25722,0.22244587110883515
test-25723,0.057738957094061565
test-25724,0.031150706737159806
test-25725,0.013110934706134185
test-25726,0.030792796003663924
test-25727,0.08609055088091426
test-25728,0.10893213999898937
test-25729,0.09519531966585655
test-2573,0.05687356403481908
test-25730,0.23145804825894717
test-25731,0.14308879111322706
test-25732,0.027943342246259995
test-25733,0.04115333341285059
test-25734,0.04992602504619911
test-25735,0.1001728034970038
test-25736,0.010269064091156887
test-25737,0.19812280921305014
test-25738,0.24792505773370271
test-25739,0.011704848918856765
test-2574,0.3628129306563962
test-25740,0.033976376399573446
test-25741,0.06259100480523434
test-25742,0.13307302741519858
test-25743,0.30175548411936604
test-25744,0.015476735110467427
test-25745,0.01549258023610569
test-25746,0.21341144539356774
test-25747,0.12787398021648064
test-25748,0.16913142050694852
test-25749,0.1741712344567541
test-2575,0.08124309336913033
test-25750,0.060830464168921544
test-25751,0.09023124374078785
test-25752,0.020525484138723012
test-25753,0.027897259495504943
test-25754,0.036448585408619526
test-25755,0.02541097816328273
test-25756,0.24904976119653424
test-25757,0.01957348167589286
test-25758,0.06360682958531191
test-25759,0.043565478732178094
test-2576,0.1251142476680306
test-25760,0.027471521470755177
test-25761,0.03651751482718425
test-25762,0.25772297772782204
test-25763,0.036288919880370564
test-25764,0.2343729101036418
test-25765,0.01374330804737118
test-25766,0.36300597604733476
test-25767,0.024840373135949417
test-25768,0.013177253487102273
test-25769,0.23453082472099898
test-2577,0.14996650843917617
test-25770,0.04987065339616208
test-25771,0.014723842527765011
test-25772,0.01336816673091909
test-25773,0.1922569337804319
test-25774,0.3088846073371973
test-25775,0.17627352122449386
test-25776,0.02799429869318684
test-25777,0.008830588046599532
test-25778,0.01454415832719732
test-25779,0.08110413393213176
test-2578,0.015572057599272344
test-25780,0.006738913227611761
test-25781,0.023786878394881302
test-25782,0.014349355902735703
test-25783,0.14341590628354015
test-25784,0.20785589716652972
test-25785,0.009379571220005656
test-25786,0.2629219219623749
test-25787,0.18579810617965245
test-25788,0.09423642250778333
test-25789,0.015400593101498133
test-2579,0.1865511640693734
test-25790,0.009984776730042668
test-25791,0.026883331916326643
test-25792,0.08003083037374147
test-25793,0.042352883813296695
test-25794,0.03941874907551302
test-25795,0.14623320297721715
test-25796,0.08003083037374147
test-25797,0.27293552399391935
test-25798,0.00659763530063196
test-25799,0.024445716628658853
test-258,0.20076579714671464
test-2580,0.012013302880041571
test-25800,0.2117561828182452
test-25801,0.01390216037169494
test-25802,0.08303060988276804
test-25803,0.14998352645516214
test-25804,0.014272868398427762
test-25805,0.2635197351916955
test-25806,0.013305082837576173
test-25807,0.00944840316476947
test-25808,0.032076041109233455
test-25809,0.02202982995534565
test-2581,0.11356695506636219
test-25810,0.01696645711176172
test-25811,0.008676370355590586
test-25812,0.09412706284210655
test-25813,0.04759282345771477
test-25814,0.22778739739758228
test-25815,0.01994460401945168
test-25816,0.1835518712678432
test-25817,0.02765514104300002
test-25818,0.20170527928757553
test-25819,0.01420852975322766
test-2582,0.10098069506471297
test-25820,0.020687851181157867
test-25821,0.08033721361395463
test-25822,0.02227437310531224
test-25823,0.11107686648776109
test-25824,0.009145756277289446
test-25825,0.25217726805312385
test-25826,0.11378069649606996
test-25827,0.39324078457006145
test-25828,0.01177917744609575
test-25829,0.04166971932024224
test-2583,0.02102836935412256
test-25830,0.083179273703619
test-25831,0.06390585972311909
test-25832,0.029242055147961188
test-25833,0.019988534213179907
test-25834,0.18650911861277353
test-25835,0.03174986431848952
test-25836,0.07518904568546354
test-25837,0.1869213515024209
test-25838,0.017442472890608164
test-25839,0.046575692610921954
test-2584,0.026270061235884188
test-25840,0.05528912411976604
test-25841,0.17645226684991447
test-25842,0.17839559737897584
test-25843,0.04299159743807372
test-25844,0.16248265034062837
test-25845,0.2802175801913022
test-25846,0.12663596937894922
test-25847,0.08160741677370288
test-25848,0.03578435323244881
test-25849,0.02415564419149177
test-2585,0.015866804333469375
test-25850,0.016160909900064323
test-25851,0.14989183373111928
test-25852,0.021033295686117254
test-25853,0.11605750684178578
test-25854,0.17561817563013307
test-25855,0.2122052241274034
test-25856,0.027049538818401355
test-25857,0.011442219399349564
test-25858,0.08287687233596294
test-25859,0.02117127043199765
test-2586,0.05829240831491782
test-25860,0.2155018561688507
test-25861,0.006091187963518492
test-25862,0.22628366584661108
test-25863,0.07778238965239172
test-25864,0.0524006564995539
test-25865,0.006957785075584236
test-25866,0.023881288078242857
test-25867,0.08446298650961538
test-25868,0.008523297695770095
test-25869,0.027179700268765053
test-2587,0.14739607630046048
test-25870,0.04688163618239434
test-25871,0.13384350921352214
test-25872,0.19955545937433553
test-25873,0.13852078947799773
test-25874,0.1808349737952321
test-25875,0.19632024349265403
test-25876,0.10151779096905766
test-25877,0.33077113033708055
test-25878,0.11803087843920418
test-25879,0.32993703958256637
test-2588,0.01790241838341448
test-25880,0.34540688757083293
test-25881,0.01846282963819026
test-25882,0.016284152485550284
test-25883,0.024787130238717054
test-25884,0.0089904797416106
test-25885,0.1340869603370697
test-25886,0.011385186335865567
test-25887,0.08079763879559686
test-25888,0.020514388625969486
test-25889,0.1815838463556452
test-2589,0.021328570743252732
test-25890,0.04055288649254395
test-25891,0.03855508554496906
test-25892,0.1477475978103982
test-25893,0.08474693944463584
test-25894,0.021927965370516153
test-25895,0.035053484795627005
test-25896,0.01071999890877113
test-25897,0.022022932627505716
test-25898,0.24235549513047738
test-25899,0.2943537819186007
test-259,0.4201967663351794
test-2590,0.017746194857274203
test-25900,0.048030890711748986
test-25901,0.06655802936855235
test-25902,0.2798621966097908
test-25903,0.16780212609422623
test-25904,0.251427574838691
test-25905,0.07106363708445729
test-25906,0.06792825084411598
test-25907,0.031247550652396133
test-25908,0.013375420929342295
test-25909,0.10099310381147761
test-2591,0.08563034614333351
test-25910,0.042799159707787145
test-25911,0.20164159952389807
test-25912,0.19015604029869562
test-25913,0.08685312191020479
test-25914,0.043586473211879445
test-25915,0.04025040055988446
test-25916,0.017457659619450873
test-25917,0.07843534915132715
test-25918,0.027965052179454393
test-25919,0.05491858065520007
test-2592,0.018091581114751763
test-25920,0.016137574322781772
test-25921,0.011692341901156237
test-25922,0.08683237133311573
test-25923,0.024809104831264896
test-25924,0.19856090277378516
test-25925,0.020510438237605105
test-25926,0.3853500123223105
test-25927,0.0068453042642724685
test-25928,0.11239793232760027
test-25929,0.036198202697409525
test-2593,0.01957359914250917
test-25930,0.13675302319130297
test-25931,0.10623089695388306
test-25932,0.01932326947482453
test-25933,0.0272711318804284
test-25934,0.1244892465673478
test-25935,0.1948134821096742
test-25936,0.12747527280845236
test-25937,0.024192409037653705
test-25938,0.13174327415661558
test-25939,0.08003083037374147
test-2594,0.10278904274502332
test-25940,0.20720090897435325
test-25941,0.23986171083458568
test-25942,0.009501418558876843
test-25943,0.02553577280842034
test-25944,0.038763931963692974
test-25945,0.03433877983197177
test-25946,0.02711071828079592
test-25947,0.033808698643629384
test-25948,0.12796851635119139
test-25949,0.1979308404854355
test-2595,0.00864392248201242
test-25950,0.18451617143824303
test-25951,0.33868446129851926
test-25952,0.012364869938628315
test-25953,0.03680126540691407
test-25954,0.24869630636498638
test-25955,0.01954997846638373
test-25956,0.04633768358798432
test-25957,0.020184049019556536
test-25958,0.023748545878281895
test-25959,0.010225355716676801
test-2596,0.006286731613997165
test-25960,0.016024278326791392
test-25961,0.1689288097257411
test-25962,0.030874113281043728
test-25963,0.06640093516412826
test-25964,0.08425972432917751
test-25965,0.02141789342183534
test-25966,0.09787796055403811
test-25967,0.12677033546507585
test-25968,0.15228056315886299
test-25969,0.37559175077801793
test-2597,0.027273049682896094
test-25970,0.01528759574163999
test-25971,0.09343322867769799
test-25972,0.16913142050694852
test-25973,0.10617050650439887
test-25974,0.012879094530534457
test-25975,0.012820822438310921
test-25976,0.30336003215595847
test-25977,0.11992865485900006
test-25978,0.009456420939531796
test-25979,0.04360371795341047
test-2598,0.018354800260633117
test-25980,0.07455315953979737
test-25981,0.2382346467279987
test-25982,0.019266145932857248
test-25983,0.18194596394196155
test-25984,0.2049681152135336
test-25985,0.08271883256400049
test-25986,0.08003083037374147
test-25987,0.016904631504124672
test-25988,0.020997478057810194
test-25989,0.01617184671403119
test-2599,0.17569161547016815
test-25990,0.01973552970889512
test-25991,0.18500807634718155
test-25992,0.040695030576269844
test-25993,0.03183798661852236
test-25994,0.0443513945333651
test-25995,0.24805277083355898
test-25996,0.3365083587373555
test-25997,0.2044799643817732
test-25998,0.016227582135651432
test-25999,0.1388519072053379
test-26,0.1785413296428842
test-260,0.01277868925240935
test-2600,0.17079862125932282
test-26000,0.0846182167635542
test-26001,0.12464672792423792
test-26002,0.05092955942260684
test-26003,0.24483104839831596
test-26004,0.020939612317082273
test-26005,0.20501209170427323
test-26006,0.03110614112997279
test-26007,0.02346539063387721
test-26008,0.021772501375569034
test-26009,0.18320026783296575
test-2601,0.010246173139444485
test-26010,0.009150998278209931
test-26011,0.18721882929278563
test-26012,0.1790649654737557
test-26013,0.008591948771476019
test-26014,0.0422655669910502
test-26015,0.010422660207485628
test-26016,0.0057666642101119195
test-26017,0.012217285255226851
test-26018,0.1092282900229675
test-26019,0.043426535588116044
test-2602,0.14977284303977403
test-26020,0.10584814572145296
test-26021,0.09278365050712774
test-26022,0.11821818992676535
test-26023,0.08855448568457788
test-26024,0.0987499069533767
test-26025,0.026549446702095688
test-26026,0.03861672093780096
test-26027,0.028354185079541513
test-26028,0.017856527026678157
test-26029,0.13394529269301064
test-2603,0.2532577410976312
test-26030,0.04255811528916256
test-26031,0.03810495562487775
test-26032,0.20926848688617164
test-26033,0.01497393887253323
test-26034,0.029938427210117434
test-26035,0.011061782563887505
test-26036,0.3503380197404797
test-26037,0.2704939783212195
test-26038,0.030200602847129433
test-26039,0.04228605690236307
test-2604,0.01960824048581046
test-26040,0.059501922873155644
test-26041,0.01367957351619565
test-26042,0.013476618172839416
test-26043,0.012482374380147468
test-26044,0.024957344509404084
test-26045,0.013749496927240177
test-26046,0.03409426940226248
test-26047,0.09787796055403811
test-26048,0.010078712906788054
test-26049,0.18932675798911267
test-2605,0.40674954881879777
test-26050,0.020520065730756185
test-26051,0.04266495294141678
test-26052,0.04953683494266845
test-26053,0.19185359580555877
test-26054,0.06258681244157119
test-26055,0.009310283983320898
test-26056,0.0385969663849814
test-26057,0.017404071651908454
test-26058,0.012244724992360064
test-26059,0.012057931789698816
test-2606,0.11962083811888856
test-26060,0.05942170310237008
test-26061,0.24869630636498638
test-26062,0.010135586984646101
test-26063,0.07896917855603469
test-26064,0.007060017688047748
test-26065,0.045235036055545984
test-26066,0.27881860400925335
test-26067,0.19085157024780922
test-26068,0.12947292282747142
test-26069,0.034768034231258994
test-2607,0.23961446048020218
test-26070,0.03223276446633569
test-26071,0.3388848198843676
test-26072,0.019486589624516968
test-26073,0.011171684817864626
test-26074,0.09095363519959088
test-26075,0.04658207234633171
test-26076,0.03429647236304722
test-26077,0.14452576266667122
test-26078,0.19933954200030096
test-26079,0.198591314957286
test-2608,0.024953578225078005
test-26080,0.028874697423111308
test-26081,0.22634297173026205
test-26082,0.33435794568648547
test-26083,0.19407766487774955
test-26084,0.07947474205100848
test-26085,0.021715646288854834
test-26086,0.03469944445414387
test-26087,0.2156799081724183
test-26088,0.017607304687171303
test-26089,0.018286221967561418
test-2609,0.0877486618990566
test-26090,0.009354497503840185
test-26091,0.0109083218286929
test-26092,0.016638224362452665
test-26093,0.19363973345070065
test-26094,0.27624858320535045
test-26095,0.0846182167635542
test-26096,0.037580294786027243
test-26097,0.04659012580197584
test-26098,0.009596819289632392
test-26099,0.0667012308444009
test-261,0.01013905173056012
test-2610,0.16493058387340945
test-26100,0.01578477637441524
test-26101,0.01977337377860594
test-26102,0.013025561554456963
test-26103,0.04776962151622654
test-26104,0.030906436967485414
test-26105,0.06866260127631668
test-26106,0.034462792400414846
test-26107,0.12051449736997483
test-26108,0.19071577311574714
test-26109,0.04992602504619911
test-2611,0.16746832382256452
test-26110,0.016008100743313037
test-26111,0.25453752245194944
test-26112,0.011761128455391581
test-26113,0.0306874942978367
test-26114,0.02040023263292976
test-26115,0.19034194470298121
test-26116,0.02189360514640424
test-26117,0.11220395838963122
test-26118,0.032172317962672815
test-26119,0.0694383676635873
test-2612,0.10460243167243917
test-26120,0.27489181810612157
test-26121,0.2563108161582349
test-26122,0.00897954525936133
test-26123,0.06771621420876443
test-26124,0.011294690848289395
test-26125,0.2520944155446072
test-26126,0.2910426055905189
test-26127,0.20502351483406558
test-26128,0.16245481364568562
test-26129,0.2528351114713763
test-2613,0.0707119985986715
test-26130,0.15372237742424197
test-26131,0.07623639179552384
test-26132,0.28309756851400286
test-26133,0.1519103133624904
test-26134,0.02078191143681649
test-26135,0.014268691864470216
test-26136,0.07969712720890926
test-26137,0.04291652474527878
test-26138,0.013735814186933397
test-26139,0.14449871569458733
test-2614,0.027940201429365704
test-26140,0.27669072697039926
test-26141,0.06432756060440482
test-26142,0.03987913386974664
test-26143,0.03957797408190487
test-26144,0.12529905228316307
test-26145,0.008279811273085975
test-26146,0.2762814501491187
test-26147,0.02121049180925119
test-26148,0.08003083037374147
test-26149,0.25525976544944223
test-2615,0.051427809461339055
test-26150,0.020529161562685465
test-26151,0.02675277210048759
test-26152,0.23418961780378636
test-26153,0.01686514087602327
test-26154,0.012572665905477549
test-26155,0.21183189778714523
test-26156,0.008452242473673995
test-26157,0.08725714365503714
test-26158,0.3001969336830008
test-26159,0.0575168974989628
test-2616,0.30588770759266865
test-26160,0.19951862626585293
test-26161,0.0487075674291583
test-26162,0.03562798081380685
test-26163,0.018688091245625715
test-26164,0.02640804116847228
test-26165,0.07736971131561239
test-26166,0.13837138597290255
test-26167,0.007590240423586719
test-26168,0.31704665173165986
test-26169,0.02453314934516176
test-2617,0.030433921184088247
test-26170,0.06751268990387627
test-26171,0.3087449276469072
test-26172,0.09787796055403811
test-26173,0.11505497013756455
test-26174,0.04657955913493424
test-26175,0.036792633482380446
test-26176,0.020184049019556536
test-26177,0.14282678616257405
test-26178,0.29515109101923925
test-26179,0.018364256421671186
test-2618,0.03834972556214505
test-26180,0.09091428219196572
test-26181,0.01642206972561701
test-26182,0.013259225004508093
test-26183,0.20049436246453295
test-26184,0.13051823067002963
test-26185,0.10089444844358914
test-26186,0.20368655124824386
test-26187,0.11726072359285189
test-26188,0.1616148511166039
test-26189,0.19812280921305014
test-2619,0.05163739354283873
test-26190,0.22901677619727703
test-26191,0.014570391299492391
test-26192,0.038911032239101716
test-26193,0.14583864975689836
test-26194,0.013159362097469655
test-26195,0.06948685445311889
test-26196,0.055825340198866695
test-26197,0.014675783144617061
test-26198,0.0901352337797959
test-26199,0.02276134927622133
test-262,0.023095800523072446
test-2620,0.03904935128143105
test-26200,0.10382809060498496
test-26201,0.0048045784504551926
test-26202,0.03022102871130017
test-26203,0.01663182289740692
test-26204,0.015624988649225778
test-26205,0.03514898192218138
test-26206,0.10812230317096443
test-26207,0.02006042134933292
test-26208,0.020911002301251452
test-26209,0.012495017379532443
test-2621,0.06377044602076236
test-26210,0.054527705425753914
test-26211,0.03957797408190487
test-26212,0.10220494749562539
test-26213,0.03611663395578433
test-26214,0.08532376639491036
test-26215,0.03220386597957526
test-26216,0.24339149822240957
test-26217,0.04769917007834093
test-26218,0.018368208641024574
test-26219,0.02237058989001141
test-2622,0.03782891917137519
test-26220,0.048758961588395364
test-26221,0.08469207989574525
test-26222,0.04573435936340651
test-26223,0.04861475669599391
test-26224,0.197802672687342
test-26225,0.01806413876490279
test-26226,0.10793101252695783
test-26227,0.19929279332509617
test-26228,0.2044660400281232
test-26229,0.06731582163851182
test-2623,0.07154554671561687
test-26230,0.014146787062105759
test-26231,0.02306669772812342
test-26232,0.3252984141456306
test-26233,0.20076579714671464
test-26234,0.018827042536449113
test-26235,0.008455001336754116
test-26236,0.09435854111353265
test-26237,0.01636419146468894
test-26238,0.059501922873155644
test-26239,0.015921907898062318
test-2624,0.21151047650611574
test-26240,0.04464716509677099
test-26241,0.01332498022294866
test-26242,0.030067555232986643
test-26243,0.08003083037374147
test-26244,0.2753707183817788
test-26245,0.16927690825990138
test-26246,0.06527479962241564
test-26247,0.022169036513490236
test-26248,0.015405907823593513
test-26249,0.01870791940350425
test-2625,0.04951034368262352
test-26250,0.013214906420868602
test-26251,0.20769056214105025
test-26252,0.2239435355371126
test-26253,0.06297102580457199
test-26254,0.2525746400936263
test-26255,0.020436984620475496
test-26256,0.046673008750680006
test-26257,0.014128004964069591
test-26258,0.04728148644620742
test-26259,0.12614711902775436
test-2626,0.205759141871519
test-26260,0.1534985562230927
test-26261,0.020831842053263275
test-26262,0.0104253487643917
test-26263,0.03500623183050008
test-26264,0.07621930129074267
test-26265,0.023071826841758042
test-26266,0.043870246132439616
test-26267,0.17557559549723942
test-26268,0.20405919210885215
test-26269,0.061518432331661155
test-2627,0.13719845950748102
test-26270,0.008637489353218768
test-26271,0.04387262388962667
test-26272,0.05431713724916883
test-26273,0.24869630636498638
test-26274,0.028046776586071298
test-26275,0.16386631531149262
test-26276,0.011383722262169767
test-26277,0.187176665564713
test-26278,0.1230591772058676
test-26279,0.13276143807812588
test-2628,0.24038040825725593
test-26280,0.04688424238898584
test-26281,0.033176713303741855
test-26282,0.1980105482235472
test-26283,0.02536763395449554
test-26284,0.018189711830167786
test-26285,0.08437600602948948
test-26286,0.15190011387923316
test-26287,0.07567076657543398
test-26288,0.043447753026877894
test-26289,0.23785414048817588
test-2629,0.028218677343721844
test-26290,0.2366231546547577
test-26291,0.29290712738638386
test-26292,0.03563965779772
test-26293,0.014007970880027825
test-26294,0.14245084723087217
test-26295,0.010210464518042351
test-26296,0.17381232373617939
test-26297,0.015640102795615767
test-26298,0.19724664697084543
test-26299,0.1682468612169321
test-263,0.1828317357847283
test-2630,0.03138050532639399
test-26300,0.07051278797123901
test-26301,0.14865992126850122
test-26302,0.16574565649231482
test-26303,0.15364606339145723
test-26304,0.05751420418871255
test-26305,0.13495350320030697
test-26306,0.02490454545700401
test-26307,0.016019247421498226
test-26308,0.019223858544069446
test-26309,0.18224080799940082
test-2631,0.2724252661967489
test-26310,0.010513542506416463
test-26311,0.09787796055403811
test-26312,0.09985649801372733
test-26313,0.0787718604191346
test-26314,0.08259004213296248
test-26315,0.03707031737372156
test-26316,0.007608808784960126
test-26317,0.019925043184370946
test-26318,0.04478818767892403
test-26319,0.018760285795795067
test-2632,0.1522543437497443
test-26320,0.30373274099159253
test-26321,0.010706479574388555
test-26322,0.15212787526348368
test-26323,0.012962765446716897
test-26324,0.010946020716034618
test-26325,0.03222054887984098
test-26326,0.016575197267773113
test-26327,0.01294898901389803
test-26328,0.013876298874662227
test-26329,0.006199136839004085
test-2633,0.009714239515642235
test-26330,0.019780143595890632
test-26331,0.025185397128388395
test-26332,0.02014784694091255
test-26333,0.023029103897902522
test-26334,0.175486439238571
test-26335,0.021352329676122266
test-26336,0.3746766445775233
test-26337,0.1511248409904168
test-26338,0.0846182167635542
test-26339,0.012011830862991936
test-2634,0.4252554837280234
test-26340,0.042256910629608055
test-26341,0.02213634949791932
test-26342,0.05554886169863329
test-26343,0.00630833185055406
test-26344,0.15880733319749804
test-26345,0.006751116169543928
test-26346,0.016778284688104713
test-26347,0.3992599386074003
test-26348,0.029247566600288332
test-26349,0.01273248069425723
test-2635,0.045655951357548165
test-26350,0.10406382075852712
test-26351,0.012007982812155555
test-26352,0.032058634956427204
test-26353,0.03455541583101647
test-26354,0.021718485519208547
test-26355,0.02869262216485135
test-26356,0.015485006648989694
test-26357,0.0232911499626386
test-26358,0.031156529726190065
test-26359,0.046673008750680006
test-2636,0.09623241386352949
test-26360,0.013642070196779729
test-26361,0.024968245595682476
test-26362,0.0687732139720173
test-26363,0.023352719983832933
test-26364,0.08001747038484643
test-26365,0.03158180832673118
test-26366,0.014189386295621819
test-26367,0.02676304713126457
test-26368,0.03194127965795964
test-26369,0.2097282955517113
test-2637,0.019896865660953143
test-26370,0.012220191286158675
test-26371,0.1499344686363919
test-26372,0.11486764144139909
test-26373,0.27432821632515814
test-26374,0.31380257983712506
test-26375,0.03441418080332251
test-26376,0.010351066081452627
test-26377,0.015409579903010936
test-26378,0.016129602202534087
test-26379,0.23614960471351973
test-2638,0.019189077807838753
test-26380,0.012282688210997351
test-26381,0.037956229509908304
test-26382,0.06687591078501293
test-26383,0.02425921644721945
test-26384,0.019761409847342704
test-26385,0.013357539195975005
test-26386,0.12913253738235023
test-26387,0.11378262855581633
test-26388,0.16948764875643343
test-26389,0.05764436604769493
test-2639,0.0065630623965908744
test-26390,0.0868884526264283
test-26391,0.05127494565378761
test-26392,0.3338012188838904
test-26393,0.3798797060619616
test-26394,0.007984979493965098
test-26395,0.1327892721327666
test-26396,0.13108904054286935
test-26397,0.013200295596514608
test-26398,0.09860381645007209
test-26399,0.16328521707714858
test-264,0.03709486287306028
test-2640,0.025900544852513304
test-26400,0.019255332334596555
test-26401,0.011268218548333755
test-26402,0.14262905013171698
test-26403,0.049595555782296866
test-26404,0.031751049529724976
test-26405,0.120262295899426
test-26406,0.021518360151849665
test-26407,0.015873947715012122
test-26408,0.014953627596337712
test-26409,0.010628073799617152
test-2641,0.00884589455857126
test-26410,0.0687732139720173
test-26411,0.037354340783084014
test-26412,0.047251321486233795
test-26413,0.010372660650938725
test-26414,0.03206773502611107
test-26415,0.044558176844321305
test-26416,0.05657939474726323
test-26417,0.01442541232282069
test-26418,0.02152155874454912
test-26419,0.01861771186689834
test-2642,0.010357337276661185
test-26420,0.0669392073111586
test-26421,0.16409010571446617
test-26422,0.02302113813910117
test-26423,0.06644417737653274
test-26424,0.36640663919411814
test-26425,0.2959802215925765
test-26426,0.022224411511550933
test-26427,0.26568074230570465
test-26428,0.032644572752613385
test-26429,0.18531743331984696
test-2643,0.023996931615876075
test-26430,0.11290369854786071
test-26431,0.010918335201384076
test-26432,0.01672116006503941
test-26433,0.09013460430834504
test-26434,0.017325508272574473
test-26435,0.05487776745599645
test-26436,0.10594317553606096
test-26437,0.10022332301988479
test-26438,0.10920323524033362
test-26439,0.21819015283059917
test-2644,0.4031213656418931
test-26440,0.04376193911436331
test-26441,0.22634297173026205
test-26442,0.2577063412985257
test-26443,0.04100349300273914
test-26444,0.04654604565434371
test-26445,0.017402078311977768
test-26446,0.04315587774234556
test-26447,0.047115060831977314
test-26448,0.03732395223251579
test-26449,0.08959767693759854
test-2645,0.0741313523368138
test-26450,0.09550966915265147
test-26451,0.01650259620400669
test-26452,0.041686296903058445
test-26453,0.02223910858568407
test-26454,0.00476107945741687
test-26455,0.22616369046057452
test-26456,0.03383905649178967
test-26457,0.01044942211761745
test-26458,0.022473683035310627
test-26459,0.09910007123442116
test-2646,0.11412015650690727
test-26460,0.10809540262255028
test-26461,0.02365318957879279
test-26462,0.04953858611954152
test-26463,0.09980266772989176
test-26464,0.08345035645319317
test-26465,0.030199550098623646
test-26466,0.07736953252942919
test-26467,0.022426970128716694
test-26468,0.10137415591944435
test-26469,0.06198984131948728
test-2647,0.06613128233036399
test-26470,0.03663842885808893
test-26471,0.17645226684991447
test-26472,0.08553929853227811
test-26473,0.010998439015907554
test-26474,0.051225730485779164
test-26475,0.01955446254350377
test-26476,0.14631641646221413
test-26477,0.1201792497618648
test-26478,0.04505857832632118
test-26479,0.05339307069340168
test-2648,0.01171835468530426
test-26480,0.2949891905353286
test-26481,0.11728331896029819
test-26482,0.27052144146366597
test-26483,0.010975067692091743
test-26484,0.008942027972716617
test-26485,0.014285292905803
test-26486,0.11501711959101113
test-26487,0.1815400709303478
test-26488,0.1508126009690024
test-26489,0.20509796447886236
test-2649,0.02620958847014889
test-26490,0.025831925915983243
test-26491,0.014080232656244744
test-26492,0.0171412131157425
test-26493,0.10140737130020336
test-26494,0.15513314172069073
test-26495,0.17858589619109416
test-26496,0.11789892571785307
test-26497,0.009945544235989269
test-26498,0.18687356281017262
test-26499,0.022536562152169745
test-265,0.1387564677932596
test-2650,0.015082343163304607
test-26500,0.11928811035268136
test-26501,0.09056164417344853
test-26502,0.007893084233708355
test-26503,0.09943800696189763
test-26504,0.011686847105553138
test-26505,0.18798267289708603
test-26506,0.012194305000130103
test-26507,0.037037854214816666
test-26508,0.0373728040767616
test-26509,0.3047932925159292
test-2651,0.12398021096753663
test-26510,0.0741313523368138
test-26511,0.028173966377440268
test-26512,0.025307682735614782
test-26513,0.10755565832241976
test-26514,0.03212136814156088
test-26515,0.06473258254976975
test-26516,0.1879294906135771
test-26517,0.045193506740572785
test-26518,0.10722623449349541
test-26519,0.023609233121452064
test-2652,0.20279917461596844
test-26520,0.007797789159783071
test-26521,0.07621457668761301
test-26522,0.10135147787955867
test-26523,0.00871438085054481
test-26524,0.06326105909569386
test-26525,0.08003083037374147
test-26526,0.024086973048268526
test-26527,0.061577899304617906
test-26528,0.01705336408603887
test-26529,0.0534705112874695
test-2653,0.019423583336081924
test-26530,0.04316911623991531
test-26531,0.041584270947499766
test-26532,0.2036113940798538
test-26533,0.016044864236608943
test-26534,0.13929886015865958
test-26535,0.022312922833345128
test-26536,0.020908640866069392
test-26537,0.007033161406805242
test-26538,0.028028625113761158
test-26539,0.02434548750167747
test-2654,0.016489025803732692
test-26540,0.015167963246219903
test-26541,0.08565053734440786
test-26542,0.11731188802771474
test-26543,0.14580685991058734
test-26544,0.020342873035547496
test-26545,0.010761540928651078
test-26546,0.0520871740381511
test-26547,0.00906933897684479
test-26548,0.18892487685738982
test-26549,0.043063202820598154
test-2655,0.30626614632850524
test-26550,0.027570414543443802
test-26551,0.009996905229832825
test-26552,0.010659031459151282
test-26553,0.04817604843631479
test-26554,0.008979517088662748
test-26555,0.06986194723583708
test-26556,0.06148093363491958
test-26557,0.13469828869556247
test-26558,0.18043614825057416
test-26559,0.016029177114216107
test-2656,0.08667552464164029
test-26560,0.27669072697039926
test-26561,0.033765874238408114
test-26562,0.08872141369582649
test-26563,0.012424314387981503
test-26564,0.05161610951962633
test-26565,0.12802829656489853
test-26566,0.09681361462602546
test-26567,0.049565804796604294
test-26568,0.052883180241077674
test-26569,0.197286025661373
test-2657,0.0740256067315039
test-26570,0.11708405009008428
test-26571,0.017599316467170684
test-26572,0.026895596394338472
test-26573,0.3154973966235827
test-26574,0.01647870846103355
test-26575,0.009301293710692948
test-26576,0.4304841654576077
test-26577,0.0905869632991712
test-26578,0.008443481737337723
test-26579,0.47738654053485907
test-2658,0.010597022721610675
test-26580,0.04757119622340907
test-26581,0.04400177738607208
test-26582,0.02469786612073721
test-26583,0.12756464018589395
test-26584,0.20445225570703285
test-26585,0.04906984181357477
test-26586,0.08207348032800042
test-26587,0.03388858243739365
test-26588,0.010769600052933401
test-26589,0.06418983491088384
test-2659,0.0148202088670645
test-26590,0.2373123826978943
test-26591,0.037383678677083004
test-26592,0.020748749751011625
test-26593,0.03639021897760403
test-26594,0.021340410030459812
test-26595,0.04228549116538294
test-26596,0.013325466142858221
test-26597,0.027845282682481914
test-26598,0.02638071199082973
test-26599,0.0179950647502797
test-266,0.029491959629226953
test-2660,0.020541807901292865
test-26600,0.061146962178142465
test-26601,0.16286311446443696
test-26602,0.10088255239516832
test-26603,0.024468494796123202
test-26604,0.08498383350456942
test-26605,0.14186744356993639
test-26606,0.27339840515857755
test-26607,0.024183939642200874
test-26608,0.0493296977079847
test-26609,0.3831322194145488
test-2661,0.12943435322301775
test-26610,0.2508278874324729
test-26611,0.23029129719132918
test-26612,0.05339307069340168
test-26613,0.20192717866426538
test-26614,0.0347933738568915
test-26615,0.39910968623920534
test-26616,0.1276965200064816
test-26617,0.28789486696042543
test-26618,0.011293515643241957
test-26619,0.2181515502753938
test-2662,0.020542319415238444
test-26620,0.03294873799504477
test-26621,0.02681356265169381
test-26622,0.1693495211889661
test-26623,0.18262844240160467
test-26624,0.012122039167862647
test-26625,0.052839200156297034
test-26626,0.05011484702663753
test-26627,0.07954800971423864
test-26628,0.30071676211624493
test-26629,0.12460507488050093
test-2663,0.0669392073111586
test-26630,0.20671483053357298
test-26631,0.025467682666929673
test-26632,0.07599320853146156
test-26633,0.042198741833283857
test-26634,0.013414864622922547
test-26635,0.23072203287459186
test-26636,0.018324044422877956
test-26637,0.024684957838282756
test-26638,0.09731246070297363
test-26639,0.08003083037374147
test-2664,0.015525805718414665
test-26640,0.2957854474058984
test-26641,0.028029553368464136
test-26642,0.008888808765479215
test-26643,0.010567957688488259
test-26644,0.03600835984841371
test-26645,0.057738957094061565
test-26646,0.01551438173459191
test-26647,0.01637697474636509
test-26648,0.108570525742673
test-26649,0.14463325417035267
test-2665,0.08349880024065066
test-26650,0.10812230317096443
test-26651,0.11298512974491191
test-26652,0.08865699011032639
test-26653,0.04934958477561162
test-26654,0.02029867252585119
test-26655,0.009785552613912637
test-26656,0.030376225645368758
test-26657,0.26427750360485236
test-26658,0.16695447271917302
test-26659,0.015285849399848209
test-2666,0.03346765952611356
test-26660,0.018368208641024574
test-26661,0.07996590751926458
test-26662,0.007112917534731741
test-26663,0.11640510268310741
test-26664,0.023907366382159966
test-26665,0.1216326127272364
test-26666,0.007305637800464553
test-26667,0.14671823322244895
test-26668,0.029718539899041246
test-26669,0.14867189010709678
test-2667,0.03836555095786533
test-26670,0.02083636572700637
test-26671,0.15783201839224847
test-26672,0.007257585174266178
test-26673,0.02877399097572008
test-26674,0.026002404907551437
test-26675,0.015599313641043737
test-26676,0.2475829831289237
test-26677,0.16150425118360182
test-26678,0.02462268412904499
test-26679,0.12669521753714805
test-2668,0.0978379340564276
test-26680,0.11682241037080732
test-26681,0.009855174616363947
test-26682,0.03563965779772
test-26683,0.01427441220258124
test-26684,0.015895449890895353
test-26685,0.2806800857159324
test-26686,0.17601634870306193
test-26687,0.021178012687785
test-26688,0.17043076091547307
test-26689,0.17290101955762774
test-2669,0.10485737111207348
test-26690,0.07474087046491203
test-26691,0.12815638368753415
test-26692,0.02003843258395867
test-26693,0.03975818149821901
test-26694,0.008460350894848426
test-26695,0.058027959806451354
test-26696,0.011837820271888896
test-26697,0.10830451879794449
test-26698,0.04809059214770302
test-26699,0.03697906117163682
test-267,0.04447645650981439
test-2670,0.04315587774234556
test-26700,0.026383078387516346
test-26701,0.042221616264128556
test-26702,0.014953627596337712
test-26703,0.08676426786931425
test-26704,0.16764876601641351
test-26705,0.005950979484623831
test-26706,0.14004439896364013
test-26707,0.016541062929564723
test-26708,0.2670532669243701
test-26709,0.03500623183050008
test-2671,0.2055587651868877
test-26710,0.04252105837468247
test-26711,0.02700776867794636
test-26712,0.15536667462623457
test-26713,0.10919590239001664
test-26714,0.1277212571776168
test-26715,0.12663596937894922
test-26716,0.009134365760800362
test-26717,0.016020232182825667
test-26718,0.07512180394517347
test-26719,0.016692095387237645
test-2672,0.24937241371159052
test-26720,0.01660396549257896
test-26721,0.07896917855603469
test-26722,0.04475351461529831
test-26723,0.2360964893430095
test-26724,0.20433850341631718
test-26725,0.0669392073111586
test-26726,0.0669392073111586
test-26727,0.3420813898184655
test-26728,0.018392300271366627
test-26729,0.14180053055156927
test-2673,0.29679137846595127
test-26730,0.29345789455511395
test-26731,0.0366900459855652
test-26732,0.0344028872682643
test-26733,0.017916804217872114
test-26734,0.02280441465033638
test-26735,0.02040412656144145
test-26736,0.03936161858341532
test-26737,0.13788854016326016
test-26738,0.11794603577740274
test-26739,0.009818900575629352
test-2674,0.018206343377268303
test-26740,0.058584290485831615
test-26741,0.04875309191420789
test-26742,0.007273896506043557
test-26743,0.01066280010045814
test-26744,0.04953858611954152
test-26745,0.22818290844163944
test-26746,0.020134276965516753
test-26747,0.0669392073111586
test-26748,0.020240589932351866
test-26749,0.07209686122172154
test-2675,0.17235912580305585
test-26750,0.008737082570430238
test-26751,0.20022045146463296
test-26752,0.04625468909743779
test-26753,0.02035147146955086
test-26754,0.3915781221280137
test-26755,0.17820205542073778
test-26756,0.018055559574034864
test-26757,0.11252806424262769
test-26758,0.061577899304617906
test-26759,0.0885340608750168
test-2676,0.28529634678771815
test-26760,0.0210783768133071
test-26761,0.035791750141678305
test-26762,0.020477104785442856
test-26763,0.01564617828032102
test-26764,0.024659298988221456
test-26765,0.04463417473467651
test-26766,0.017576507669825457
test-26767,0.10747101260582378
test-26768,0.09793588653195563
test-26769,0.18233041260119667
test-2677,0.029275264446685805
test-26770,0.2805966504871891
test-26771,0.011068669840659056
test-26772,0.012803290350664956
test-26773,0.04504178569221454
test-26774,0.027234209265551663
test-26775,0.123817286149575
test-26776,0.1660659702737325
test-26777,0.014213350521712277
test-26778,0.023177438256530916
test-26779,0.008864260234745798
test-2678,0.22981580514559038
test-26780,0.12184119188959754
test-26781,0.06803412447426488
test-26782,0.11666471495983914
test-26783,0.07897040389942632
test-26784,0.01658829528924223
test-26785,0.026424429060477466
test-26786,0.029536998406614945
test-26787,0.010044191340509444
test-26788,0.13856417267136134
test-26789,0.06077383023818971
test-2679,0.017933287282552158
test-26790,0.008970273402915384
test-26791,0.26835068823280345
test-26792,0.01905927292481894
test-26793,0.056234241728564255
test-26794,0.009672986816219831
test-26795,0.03246949832856034
test-26796,0.08473870990243504
test-26797,0.018749581508992613
test-26798,0.2520944155446072
test-26799,0.07300415700059695
test-268,0.22147259109356918
test-2680,0.02984573360662447
test-26800,0.012917885483155011
test-26801,0.01857810071394847
test-26802,0.16578863907503483
test-26803,0.03040705258841133
test-26804,0.05139727987960333
test-26805,0.034163109477157505
test-26806,0.02835502238755413
test-26807,0.06321810233848607
test-26808,0.13468717252354326
test-26809,0.10950858067538653
test-2681,0.37673366065424524
test-26810,0.03332089141826591
test-26811,0.009913157767260615
test-26812,0.011829739715367093
test-26813,0.11399720226717237
test-26814,0.06769227346933265
test-26815,0.0373728040767616
test-26816,0.10983774798225922
test-26817,0.1193052470042341
test-26818,0.17645226684991447
test-26819,0.027401508801154162
test-2682,0.21246405957519862
test-26820,0.11625012747944598
test-26821,0.04072188177806142
test-26822,0.015514309943200636
test-26823,0.10226995383996745
test-26824,0.033937120103125794
test-26825,0.026661024377002514
test-26826,0.04505779455023517
test-26827,0.04992602504619911
test-26828,0.15455463927653046
test-26829,0.1444640626677933
test-2683,0.21321261219249163
test-26830,0.041220814313703856
test-26831,0.012313037625775555
test-26832,0.0046286582995690795
test-26833,0.2802313272772543
test-26834,0.04269978161932397
test-26835,0.14172823142653299
test-26836,0.02819154904035408
test-26837,0.07834232144926054
test-26838,0.10707836121534485
test-26839,0.027984449959639543
test-2684,0.1180967353013795
test-26840,0.04315587774234556
test-26841,0.06613128233036399
test-26842,0.08884743158153059
test-26843,0.2596096038365989
test-26844,0.09787796055403811
test-26845,0.007619387425308036
test-26846,0.07799433853261355
test-26847,0.01702835521378331
test-26848,0.010656326580831862
test-26849,0.01065803183796106
test-2685,0.02812830779303407
test-26850,0.21677752889089402
test-26851,0.32489822073562663
test-26852,0.30345964812948845
test-26853,0.019786756231834086
test-26854,0.020785413051632375
test-26855,0.12220509538505206
test-26856,0.09601133939506544
test-26857,0.12498629848211673
test-26858,0.08884743158153059
test-26859,0.020158901037856402
test-2686,0.06569145783679435
test-26860,0.03773800906246972
test-26861,0.02739371941535153
test-26862,0.09220335399888963
test-26863,0.051714592210737584
test-26864,0.034462792400414846
test-26865,0.08469207989574525
test-26866,0.074197805207606
test-26867,0.018082006797088924
test-26868,0.19699952187261424
test-26869,0.023826247123277314
test-2687,0.009937227849881916
test-26870,0.012820822438310921
test-26871,0.04970415121316241
test-26872,0.03385466380837087
test-26873,0.020188303752776065
test-26874,0.02109592267888556
test-26875,0.0264251902153315
test-26876,0.03680800134246496
test-26877,0.10135147787955867
test-26878,0.2761134120947388
test-26879,0.025735116859375858
test-2688,0.02082674943431338
test-26880,0.0846182167635542
test-26881,0.04066191321555037
test-26882,0.10660447884766662
test-26883,0.03811760704433445
test-26884,0.031189105334535148
test-26885,0.12526015094310758
test-26886,0.14411355878808735
test-26887,0.011206606047868897
test-26888,0.00855656131795698
test-26889,0.01489030503095053
test-2689,0.024017099080450865
test-26890,0.20093984165543224
test-26891,0.12758786262445412
test-26892,0.03347614493926332
test-26893,0.20578083258656207
test-26894,0.04371739997126556
test-26895,0.31040130873447597
test-26896,0.024925573107424433
test-26897,0.02135693775007182
test-26898,0.06769227346933265
test-26899,0.008581341450804065
test-269,0.054346699592757106
test-2690,0.3334999624402113
test-26900,0.012255174050204347
test-26901,0.23470201950644579
test-26902,0.08084056569162382
test-26903,0.009458232793080985
test-26904,0.17382478457719894
test-26905,0.05339307069340168
test-26906,0.03546385890212039
test-26907,0.14062981196375388
test-26908,0.33932693179455037
test-26909,0.033098446423393435
test-2691,0.07074465959235587
test-26910,0.048992784348834584
test-26911,0.020801005660754594
test-26912,0.17909856925714268
test-26913,0.026307952797547288
test-26914,0.24782168864499474
test-26915,0.01544115794313251
test-26916,0.01470155729677045
test-26917,0.24835648487938072
test-26918,0.007144349835878002
test-26919,0.010218421980588728
test-2692,0.013251905418913301
test-26920,0.20076579714671464
test-26921,0.13574888663355303
test-26922,0.007740320541535319
test-26923,0.009618644677248276
test-26924,0.20018359870711444
test-26925,0.008280804265338927
test-26926,0.08822761256543794
test-26927,0.021865609432450285
test-26928,0.07124476373718741
test-26929,0.13497478651822228
test-2693,0.2112049850469137
test-26930,0.20470991988795806
test-26931,0.03504806445210172
test-26932,0.010577365844382626
test-26933,0.12819412947753134
test-26934,0.08764056870122172
test-26935,0.0255191797676089
test-26936,0.08828446214389694
test-26937,0.017925692823562583
test-26938,0.036198202697409525
test-26939,0.1946953956304081
test-2694,0.07265264190678564
test-26940,0.06148338625392867
test-26941,0.012022022793763713
test-26942,0.07742767884236121
test-26943,0.040542913149073066
test-26944,0.01917058876274198
test-26945,0.11024846024629928
test-26946,0.02620284558204135
test-26947,0.01421280295436301
test-26948,0.03250549039692623
test-26949,0.04497130988811064
test-2695,0.12592277477855526
test-26950,0.21218113703900396
test-26951,0.06888123757380822
test-26952,0.02600075625612231
test-26953,0.02371742916204248
test-26954,0.09240176635414277
test-26955,0.012170494714348936
test-26956,0.022825685712358938
test-26957,0.011841520233121856
test-26958,0.1266318699247569
test-26959,0.03902474160786257
test-2696,0.09522287738301098
test-26960,0.15297416027798308
test-26961,0.08966581324527842
test-26962,0.10301811979682896
test-26963,0.10849253478482374
test-26964,0.30636902148561057
test-26965,0.006982779756623047
test-26966,0.11284799025798391
test-26967,0.18687356281017262
test-26968,0.2482499201584345
test-26969,0.10230256088136595
test-2697,0.019137973540321013
test-26970,0.013593358072834091
test-26971,0.02618463721256772
test-26972,0.1457216749315573
test-26973,0.016868867183313596
test-26974,0.13775918575813118
test-26975,0.02402291785793323
test-26976,0.013164239751230006
test-26977,0.10672453462234169
test-26978,0.2606122570960555
test-26979,0.06024153935679235
test-2698,0.012155783801540972
test-26980,0.06735990689426458
test-26981,0.04564034079149878
test-26982,0.07890146450581005
test-26983,0.01982600331489965
test-26984,0.010997276837906208
test-26985,0.2008626476743409
test-26986,0.033697946230288205
test-26987,0.015983764326116413
test-26988,0.0193591525646486
test-26989,0.16856478729520333
test-2699,0.08219192647824698
test-26990,0.02466572337590596
test-26991,0.011040391597255927
test-26992,0.16447759164141604
test-26993,0.011534993870318712
test-26994,0.04201587544696237
test-26995,0.009529886591518155
test-26996,0.01301722307906373
test-26997,0.3614789899788685
test-26998,0.03534129172596895
test-26999,0.07313043965755014
test-27,0.014572723371870834
test-270,0.030058788957738027
test-2700,0.013259225004508093
test-27000,0.005479451252382007
test-27001,0.26568074230570465
test-27002,0.014057897143598647
test-27003,0.04520566049831504
test-27004,0.132714090823437
test-27005,0.24741029286452398
test-27006,0.060356192116148476
test-27007,0.018150223045305655
test-27008,0.10847934763589935
test-27009,0.10135147787955867
test-2701,0.05515342747509343
test-27010,0.22635820088980177
test-27011,0.01390459623230388
test-27012,0.03568241974083927
test-27013,0.012518380240668722
test-27014,0.00923384514394441
test-27015,0.040749367449237336
test-27016,0.013832751230692438
test-27017,0.08884743158153059
test-27018,0.1152106739617825
test-27019,0.18047306384073714
test-2702,0.21719568106439105
test-27020,0.020507170137012535
test-27021,0.023796694224658785
test-27022,0.015376061157154248
test-27023,0.17645226684991447
test-27024,0.02199350770784346
test-27025,0.00818450604636993
test-27026,0.08305722926452795
test-27027,0.013172624354968384
test-27028,0.27293657714410474
test-27029,0.23949572782894632
test-2703,0.3089675831470879
test-27030,0.0687732139720173
test-27031,0.018180073769316494
test-27032,0.019226321340342863
test-27033,0.010975728854442202
test-27034,0.030473521192476715
test-27035,0.039036934218544525
test-27036,0.01422517693372428
test-27037,0.008061794931849761
test-27038,0.07287513663214307
test-27039,0.015302963005611797
test-2704,0.021784681942356596
test-27040,0.162567307530442
test-27041,0.06662190895833063
test-27042,0.18418539639569032
test-27043,0.01667627631501256
test-27044,0.2032847911121376
test-27045,0.0089672308219878
test-27046,0.14294850042404034
test-27047,0.014940870696812839
test-27048,0.03525524677092272
test-27049,0.0084254266450099
test-2705,0.012426115509916942
test-27050,0.06904461842930618
test-27051,0.09787796055403811
test-27052,0.021784420056510666
test-27053,0.06314672933514771
test-27054,0.08003083037374147
test-27055,0.13981834956181521
test-27056,0.01832330028542422
test-27057,0.14878005424422697
test-27058,0.01830690210171691
test-27059,0.17719147012456074
test-2706,0.01301448762638958
test-27060,0.09168823785299632
test-27061,0.07251204507768456
test-27062,0.020785413051632375
test-27063,0.09082374131608012
test-27064,0.13836139334380393
test-27065,0.11412015650690727
test-27066,0.11173673153450091
test-27067,0.021323810157429905
test-27068,0.011196794005503902
test-27069,0.1689288097257411
test-2707,0.289434285218916
test-27070,0.30498660218790236
test-27071,0.2996455125266202
test-27072,0.01219598991172028
test-27073,0.0835761148625529
test-27074,0.11170877152894743
test-27075,0.036558957388586895
test-27076,0.40674954881879777
test-27077,0.09238432317454845
test-27078,0.15366269762382287
test-27079,0.2675619423683228
test-2708,0.31508301098392505
test-27080,0.07253454137713526
test-27081,0.016008100743313037
test-27082,0.05268712084415553
test-27083,0.19333990130222065
test-27084,0.1147282788766436
test-27085,0.010037293173717408
test-27086,0.017444290155148243
test-27087,0.05689672983694743
test-27088,0.07022485167507946
test-27089,0.16409010571446617
test-2709,0.07281805228065386
test-27090,0.09787796055403811
test-27091,0.009546053570412195
test-27092,0.24367057842400308
test-27093,0.08408927059694289
test-27094,0.04804743556363686
test-27095,0.029769009252380223
test-27096,0.05044404350876965
test-27097,0.18959834806418163
test-27098,0.0076619016186746025
test-27099,0.026245553530904603
test-271,0.020921991497610374
test-2710,0.011057307202143998
test-27100,0.010275924219931128
test-27101,0.010210839534316344
test-27102,0.03250372366337557
test-27103,0.02321506196577903
test-27104,0.1018465504817938
test-27105,0.018463310567184518
test-27106,0.02863759821378156
test-27107,0.03958471858137933
test-27108,0.10863712469274445
test-27109,0.07952228403556316
test-2711,0.39734879023310465
test-27110,0.3160112696601699
test-27111,0.0148357810369734
test-27112,0.02832905366648227
test-27113,0.02459128538537083
test-27114,0.013338261024701776
test-27115,0.2462558032445499
test-27116,0.25561895904408594
test-27117,0.01687257571218541
test-27118,0.02647122468200491
test-27119,0.11483809012263801
test-2712,0.014669886599917104
test-27120,0.029473433862379755
test-27121,0.04444951280135226
test-27122,0.012938620504214167
test-27123,0.019392996566398743
test-27124,0.1944346418129891
test-27125,0.03902516233390028
test-27126,0.25541852355787653
test-27127,0.029101521791940928
test-27128,0.03711634600553463
test-27129,0.22190594816466497
test-2713,0.017559487813723476
test-27130,0.007709812383722656
test-27131,0.07431966347507735
test-27132,0.18755797483066478
test-27133,0.0148202088670645
test-27134,0.34194575242074515
test-27135,0.011046412697354097
test-27136,0.021877249027181165
test-27137,0.01216423830038212
test-27138,0.05003489375022534
test-27139,0.008805206720304529
test-2714,0.009989042179174698
test-27140,0.015355519777653948
test-27141,0.032039855717219984
test-27142,0.010660936720487284
test-27143,0.20425089733738827
test-27144,0.03543117771242448
test-27145,0.022894876039534055
test-27146,0.02699928253423889
test-27147,0.06980978041580677
test-27148,0.050034843877610126
test-27149,0.007549042960258118
test-2715,0.04391583419824058
test-27150,0.02241256998261909
test-27151,0.374183593555531
test-27152,0.07059120341421213
test-27153,0.07568128380344682
test-27154,0.02995403887978745
test-27155,0.06374151222810648
test-27156,0.04007511882327391
test-27157,0.10920944968275821
test-27158,0.15269386202866944
test-27159,0.05339307069340168
test-2716,0.011249017373407385
test-27160,0.034233395148845214
test-27161,0.23410691756262883
test-27162,0.07278892182117214
test-27163,0.028530662137965773
test-27164,0.009541041906449648
test-27165,0.021186008362573
test-27166,0.02911176551836766
test-27167,0.1734350822087201
test-27168,0.019025323534672334
test-27169,0.034462792400414846
test-2717,0.2842649645043524
test-27170,0.020184049019556536
test-27171,0.008087714513908476
test-27172,0.009022507512433841
test-27173,0.23141360061598643
test-27174,0.08819098012875183
test-27175,0.020966696779243156
test-27176,0.10913324507352316
test-27177,0.02200130176489163
test-27178,0.010604853131000925
test-27179,0.028492898028632002
test-2718,0.008637489353218768
test-27180,0.032147435043153
test-27181,0.19840882095509682
test-27182,0.1313395705021038
test-27183,0.17422213933593936
test-27184,0.017258967143985254
test-27185,0.007086062945371411
test-27186,0.31550847351172256
test-27187,0.2534097098298051
test-27188,0.025617594298375786
test-27189,0.019648628901678154
test-2719,0.0076965383907401435
test-27190,0.010074265553368805
test-27191,0.320309987779848
test-27192,0.12429661306642333
test-27193,0.2023587313293205
test-27194,0.19798204921996343
test-27195,0.05240799975153002
test-27196,0.01677371125175232
test-27197,0.021970473759797677
test-27198,0.11116200830611077
test-27199,0.13702935072768646
test-272,0.16850781139479815
test-2720,0.030198381896816666
test-27200,0.01539609836346375
test-27201,0.06799528586043344
test-27202,0.017174934725767355
test-27203,0.04035529055152082
test-27204,0.017808423708689212
test-27205,0.08731684374522404
test-27206,0.029095306874811617
test-27207,0.015617337545811724
test-27208,0.04882477180444128
test-27209,0.008808459429007813
test-2721,0.16747742475406874
test-27210,0.11794603577740274
test-27211,0.00904231008038593
test-27212,0.0531118492179254
test-27213,0.034233395148845214
test-27214,0.02173616165920631
test-27215,0.009189846409732678
test-27216,0.27975611834176184
test-27217,0.02913596108566084
test-27218,0.08626888026528272
test-27219,0.0393968058759615
test-2722,0.011527094960609496
test-27220,0.04301208359899352
test-27221,0.0744759739511813
test-27222,0.018498070475544
test-27223,0.039683088686898266
test-27224,0.12615444584063126
test-27225,0.10558466273757922
test-27226,0.10466575754488365
test-27227,0.034788764652639276
test-27228,0.08774455281302136
test-27229,0.028720943063491534
test-2723,0.2215808240564418
test-27230,0.03562798081380685
test-27231,0.04475351461529831
test-27232,0.0858619063932938
test-27233,0.12460507488050093
test-27234,0.06975915993684484
test-27235,0.016980488168216706
test-27236,0.024952609004681523
test-27237,0.05744664627472588
test-27238,0.12849642476509174
test-27239,0.022382642917149812
test-2724,0.20276386981567868
test-27240,0.01560916635605809
test-27241,0.01059263164176677
test-27242,0.09328902035601053
test-27243,0.010597022721610675
test-27244,0.3200176147254343
test-27245,0.1265014461845372
test-27246,0.21674881142884983
test-27247,0.10739716329290841
test-27248,0.06551351904328022
test-27249,0.3609642290707718
test-2725,0.18255092599188188
test-27250,0.05339307069340168
test-27251,0.037349567322823095
test-27252,0.07154554671561687
test-27253,0.0846182167635542
test-27254,0.05948539271495662
test-27255,0.06613128233036399
test-27256,0.40488010214048054
test-27257,0.026427832044715733
test-27258,0.020514201354115903
test-27259,0.20013398502663698
test-2726,0.021053292326584004
test-27260,0.06390585972311909
test-27261,0.024151492415766394
test-27262,0.03170912372369171
test-27263,0.18857689929216978
test-27264,0.020102034755818877
test-27265,0.03281653423827879
test-27266,0.020184049019556536
test-27267,0.03372421045004818
test-27268,0.10488782583202624
test-27269,0.014036889458783071
test-2727,0.026833468653451296
test-27270,0.29238760925750185
test-27271,0.018719381584718628
test-27272,0.13844485831116107
test-27273,0.03976920638336089
test-27274,0.19219832215241445
test-27275,0.08349535553597165
test-27276,0.018244747427778686
test-27277,0.041820784114906744
test-27278,0.0669392073111586
test-27279,0.20279050102592314
test-2728,0.029372799521573748
test-27280,0.028352820121618768
test-27281,0.040648817121392296
test-27282,0.2981225462032615
test-27283,0.036642722043361046
test-27284,0.02133628689597076
test-27285,0.1377979397837487
test-27286,0.01148996846995849
test-27287,0.012219132039403459
test-27288,0.16948764875643343
test-27289,0.009790006903410949
test-2729,0.1722413244339959
test-27290,0.05967284652811108
test-27291,0.03394517755049771
test-27292,0.013541010566906833
test-27293,0.039223785381347145
test-27294,0.08549318337279413
test-27295,0.016693919227377195
test-27296,0.11567283054082526
test-27297,0.023802891708230453
test-27298,0.16640571965307052
test-27299,0.07736971131561239
test-273,0.013966194738971066
test-2730,0.0687732139720173
test-27300,0.03486415065020565
test-27301,0.015943190342785605
test-27302,0.10686320322145923
test-27303,0.014606832165642208
test-27304,0.008036333233083197
test-27305,0.33237016745917264
test-27306,0.019105006366699463
test-27307,0.0846182167635542
test-27308,0.014236250470800828
test-27309,0.19565498377452084
test-2731,0.11282129469519808
test-27310,0.016039616117060264
test-27311,0.12756464018589395
test-27312,0.1140873148537606
test-27313,0.022904482006750538
test-27314,0.013176529709656094
test-27315,0.31939396202793396
test-27316,0.09967505524039096
test-27317,0.033465051545227914
test-27318,0.3242611331474619
test-27319,0.023672498885735974
test-2732,0.1682745718798708
test-27320,0.015209576103699163
test-27321,0.027774549459122215
test-27322,0.05062463214756352
test-27323,0.15330208074013751
test-27324,0.009432176945049841
test-27325,0.06506751806945091
test-27326,0.17917949271122455
test-27327,0.01984474469911796
test-27328,0.006409211495665564
test-27329,0.03950915470502685
test-2733,0.124966086811171
test-27330,0.24140651190977508
test-27331,0.017511787651129283
test-27332,0.1976483549167294
test-27333,0.0255308180087541
test-27334,0.020094110329857452
test-27335,0.06687591078501293
test-27336,0.17227767303737218
test-27337,0.03767841187595932
test-27338,0.20375945124330658
test-27339,0.09238432317454845
test-2734,0.01972045502233893
test-27340,0.1486236483130309
test-27341,0.018815380475030764
test-27342,0.012849526731562907
test-27343,0.061577899304617906
test-27344,0.12913253738235023
test-27345,0.029952567162603888
test-27346,0.10340816957413058
test-27347,0.0666484675845209
test-27348,0.09651342877341024
test-27349,0.012792382637165057
test-2735,0.31550847351172256
test-27350,0.08446298650961538
test-27351,0.014988230294189006
test-27352,0.13791271204127317
test-27353,0.010972976233347585
test-27354,0.10785268951637313
test-27355,0.22580658926809236
test-27356,0.10037023619870919
test-27357,0.04617194735711235
test-27358,0.041644692851619175
test-27359,0.016964766546495695
test-2736,0.006551246440805443
test-27360,0.055225358998479204
test-27361,0.03902112084029485
test-27362,0.012000079947332893
test-27363,0.01906537517406463
test-27364,0.18361908790998444
test-27365,0.1726607178011846
test-27366,0.034269109464174954
test-27367,0.028758160505727527
test-27368,0.018266659595601753
test-27369,0.027940201429365704
test-2737,0.0621766861126852
test-27370,0.025371217675539147
test-27371,0.01916014862961962
test-27372,0.008706288559388584
test-27373,0.1164386135178966
test-27374,0.029451176148044208
test-27375,0.0288256965280256
test-27376,0.2409448368798204
test-27377,0.00898048943938904
test-27378,0.014060043503261637
test-27379,0.056361083900924085
test-2738,0.0734238194770512
test-27380,0.02840835942662558
test-27381,0.10135147787955867
test-27382,0.0669392073111586
test-27383,0.009915470437027262
test-27384,0.021700944982932895
test-27385,0.006602071889516715
test-27386,0.11162100479048834
test-27387,0.05608161125235809
test-27388,0.020015395967321888
test-27389,0.33754593629652924
test-2739,0.08196973207204497
test-27390,0.06449627885283231
test-27391,0.24169204204508
test-27392,0.15094870832104648
test-27393,0.01447921979322872
test-27394,0.0685769913690541
test-27395,0.09728980819670822
test-27396,0.02142425584941281
test-27397,0.035008227673000894
test-27398,0.06483576536500103
test-27399,0.016995075968734463
test-274,0.013806641487661767
test-2740,0.016738454755733437
test-27400,0.1181461335750352
test-27401,0.022599730121464604
test-27402,0.10263506150880501
test-27403,0.015877537400280535
test-27404,0.06468699352381173
test-27405,0.0218922571206724
test-27406,0.07001785861797262
test-27407,0.14121487240199462
test-27408,0.0846182167635542
test-27409,0.352798605303451
test-2741,0.23992283371255976
test-27410,0.19284297600218142
test-27411,0.12927165021299186
test-27412,0.018050431402565126
test-27413,0.15525819850513814
test-27414,0.013457760024896579
test-27415,0.019320014314121357
test-27416,0.12420957533375461
test-27417,0.006573244242197825
test-27418,0.028388205707413638
test-27419,0.14283049563077777
test-2742,0.016945273216543308
test-27420,0.05487776745599645
test-27421,0.01820185503820918
test-27422,0.11406573607985475
test-27423,0.017194697839827522
test-27424,0.07721170213401377
test-27425,0.02013509085995286
test-27426,0.15337623136666068
test-27427,0.07813699000151728
test-27428,0.127746254602757
test-27429,0.1502306319585916
test-2743,0.01284231245261749
test-27430,0.19438309107485702
test-27431,0.02573605672350418
test-27432,0.04393126367395003
test-27433,0.09071563927971255
test-27434,0.04677088199851037
test-27435,0.018919593253776026
test-27436,0.035762680574615124
test-27437,0.24893440210589887
test-27438,0.10465271795850446
test-27439,0.01589288560208848
test-2744,0.022599730121464604
test-27440,0.01446963673782823
test-27441,0.19123928155634112
test-27442,0.13327320387106362
test-27443,0.016634903397708352
test-27444,0.2758987289551091
test-27445,0.016729489585395583
test-27446,0.010152308812950655
test-27447,0.007590240423586719
test-27448,0.023750931107560175
test-27449,0.15083867422927139
test-2745,0.01192330293440243
test-27450,0.025249818448101938
test-27451,0.30694057773394956
test-27452,0.07799433853261355
test-27453,0.020184049019556536
test-27454,0.05400256287771402
test-27455,0.011196794005503902
test-27456,0.12819412947753134
test-27457,0.023550138820587718
test-27458,0.27109431200249223
test-27459,0.023694945312998733
test-2746,0.3031432078595421
test-27460,0.03991427570930743
test-27461,0.3341027874495234
test-27462,0.1505848498149049
test-27463,0.03687931955716802
test-27464,0.28209101980283563
test-27465,0.022455340343950286
test-27466,0.023074623942656986
test-27467,0.021453750321230494
test-27468,0.047422615564128766
test-27469,0.15054764945089008
test-2747,0.02374622291032752
test-27470,0.12163992554592658
test-27471,0.008436442297877225
test-27472,0.034462792400414846
test-27473,0.016251504336411732
test-27474,0.2262887729828075
test-27475,0.12166264428212699
test-27476,0.3536074501707449
test-27477,0.23453082472099898
test-27478,0.036423949971104715
test-27479,0.15016670914245578
test-2748,0.17308456808127715
test-27480,0.10022332301988479
test-27481,0.011775467271689606
test-27482,0.06107244868006746
test-27483,0.022579312055135914
test-27484,0.16304235365604688
test-27485,0.07287513663214307
test-27486,0.02206799553251007
test-27487,0.08110413393213176
test-27488,0.09220376681874201
test-27489,0.06415981098675833
test-2749,0.041576097341727
test-27490,0.02344747729963121
test-27491,0.06259100480523434
test-27492,0.02408639459011046
test-27493,0.034315158713963984
test-27494,0.014753217902816999
test-27495,0.15661798481413614
test-27496,0.022457659559108504
test-27497,0.010637683644336678
test-27498,0.032446546722643556
test-27499,0.20813853482740824
test-275,0.018619464302441314
test-2750,0.049846500281527484
test-27500,0.3003518067254701
test-27501,0.027928920371805405
test-27502,0.011285000162907434
test-27503,0.06207739159613358
test-27504,0.01737832710922188
test-27505,0.17090105689587917
test-27506,0.09697256493189678
test-27507,0.13170917561604026
test-27508,0.014168188154289482
test-27509,0.018290710268504894
test-2751,0.020046699504640306
test-27510,0.010722247350078718
test-27511,0.20274245429682122
test-27512,0.20195327380842104
test-27513,0.022008679041437485
test-27514,0.03584075441179273
test-27515,0.0389782656076541
test-27516,0.020847301171439226
test-27517,0.019679788621196743
test-27518,0.1658289692702735
test-27519,0.01997179052157533
test-2752,0.07357265692355214
test-27520,0.0642154505949695
test-27521,0.06500854700929855
test-27522,0.03486415065020565
test-27523,0.13936203867631117
test-27524,0.011431459486893987
test-27525,0.08474693944463584
test-27526,0.02434368692761234
test-27527,0.0573524774693549
test-27528,0.01388100807450866
test-27529,0.037424574271694905
test-2753,0.21928520610587118
test-27530,0.016439842183977305
test-27531,0.1428572116590055
test-27532,0.01805146533596381
test-27533,0.007899484192530878
test-27534,0.02371050302466412
test-27535,0.05015468531813707
test-27536,0.07618601166564619
test-27537,0.032396486137989185
test-27538,0.12714414463613255
test-27539,0.0765176442062777
test-2754,0.023048984954461522
test-27540,0.040695030576269844
test-27541,0.004750830298266732
test-27542,0.3799805551282675
test-27543,0.0413507543453446
test-27544,0.2105781849673743
test-27545,0.006530014135805229
test-27546,0.0669392073111586
test-27547,0.32072693085634246
test-27548,0.07561279832390984
test-27549,0.02053954199168422
test-2755,0.045163227381492636
test-27550,0.0669392073111586
test-27551,0.19583504058740633
test-27552,0.13335096168099903
test-27553,0.04448740232624613
test-27554,0.025441104593302875
test-27555,0.049056390634835786
test-27556,0.024690438571479983
test-27557,0.08747623915036411
test-27558,0.10725855193985033
test-27559,0.017329753855466055
test-2756,0.02665853151508765
test-27560,0.02956024772439601
test-27561,0.015002816330298601
test-27562,0.2262887729828075
test-27563,0.016607342338124075
test-27564,0.1313395705021038
test-27565,0.030238555434561155
test-27566,0.10312689222578245
test-27567,0.22539364510989898
test-27568,0.015024956873517027
test-27569,0.010134572729726142
test-2757,0.018685860555294382
test-27570,0.030469875644890534
test-27571,0.011116983898953232
test-27572,0.015435356659239997
test-27573,0.01074635737178932
test-27574,0.014230203077198049
test-27575,0.022899349015905818
test-27576,0.20768300850249446
test-27577,0.15341761580107394
test-27578,0.06345343099453807
test-27579,0.1368064526262009
test-2758,0.012480882894161851
test-27580,0.03817708167538762
test-27581,0.32174975629199193
test-27582,0.1276965200064816
test-27583,0.044463822635495795
test-27584,0.08013992888105673
test-27585,0.16979078428087774
test-27586,0.13774040894190315
test-27587,0.08086385461013587
test-27588,0.07305911273342602
test-27589,0.23100173700377324
test-2759,0.14413605851348468
test-27590,0.033636178075170005
test-27591,0.011206606047868897
test-27592,0.02436531142295488
test-27593,0.13728219661578422
test-27594,0.25541852355787653
test-27595,0.061577899304617906
test-27596,0.06900684011721689
test-27597,0.11121171236019778
test-27598,0.028607641580588972
test-27599,0.15568859752283193
test-276,0.14505200279590172
test-2760,0.033138117040077374
test-27600,0.2670339154237481
test-27601,0.20737734328226967
test-27602,0.2016516405804263
test-27603,0.036072627127886246
test-27604,0.05986564947919294
test-27605,0.020288634780351353
test-27606,0.010795606426408748
test-27607,0.16203056802668728
test-27608,0.013475432574775598
test-27609,0.02624270705334214
test-2761,0.00717562510713152
test-27610,0.29103127018028657
test-27611,0.01194874455700577
test-27612,0.015211488272316985
test-27613,0.02543413379811761
test-27614,0.01775544411050005
test-27615,0.028279162335007664
test-27616,0.004594840514248968
test-27617,0.05049890618405692
test-27618,0.25495886873843554
test-27619,0.013002090664451342
test-2762,0.04458355411753605
test-27620,0.04154351699599006
test-27621,0.18672172455475006
test-27622,0.281166995401454
test-27623,0.010973132126234473
test-27624,0.18528259192881547
test-27625,0.07344271144404275
test-27626,0.05273939999786985
test-27627,0.03902516233390028
test-27628,0.009732484491311354
test-27629,0.07097412885645901
test-2763,0.044011653495478156
test-27630,0.07802819961977205
test-27631,0.38543958936263284
test-27632,0.08083689581740613
test-27633,0.023346494251673348
test-27634,0.03516559238250572
test-27635,0.06759324984205257
test-27636,0.023157802709346302
test-27637,0.02772784546552782
test-27638,0.04525586635937303
test-27639,0.005273381136240828
test-2764,0.009060154038362236
test-27640,0.024035271494723672
test-27641,0.04155369108221147
test-27642,0.057738957094061565
test-27643,0.039092390886072914
test-27644,0.01438296204738036
test-27645,0.038251078560515454
test-27646,0.15412660011342372
test-27647,0.025019504649358693
test-27648,0.12797181510573755
test-27649,0.11298247213039499
test-2765,0.22009103655941561
test-27650,0.024559970278679576
test-27651,0.017895833962478562
test-27652,0.15475042078867268
test-27653,0.01216073058656326
test-27654,0.008351431359598217
test-27655,0.0751332706005262
test-27656,0.009415921489172079
test-27657,0.008073623099646165
test-27658,0.06396033496278469
test-27659,0.05018916877699244
test-2766,0.016783345473286145
test-27660,0.006232924124234133
test-27661,0.15368310274186242
test-27662,0.1202531798889819
test-27663,0.12832044645513305
test-27664,0.040695030576269844
test-27665,0.009196473378486739
test-27666,0.011444644855571224
test-27667,0.012608977413394357
test-27668,0.05882612792247807
test-27669,0.029898820979739373
test-2767,0.03338085372639674
test-27670,0.016389325571564393
test-27671,0.2822764026304689
test-27672,0.31342439713580605
test-27673,0.0576456442294101
test-27674,0.030613519266399554
test-27675,0.046587387649494015
test-27676,0.18485336580497877
test-27677,0.03155358373482753
test-27678,0.11388832783215415
test-27679,0.11543498080582862
test-2768,0.07321148603617267
test-27680,0.1152493913282694
test-27681,0.02560686963871042
test-27682,0.02837920626252374
test-27683,0.011952225859116782
test-27684,0.12369514547988265
test-27685,0.09356840746315706
test-27686,0.023424822364818125
test-27687,0.12683894289274839
test-27688,0.014564924089356298
test-27689,0.013148320908481061
test-2769,0.23647304442660083
test-27690,0.0790180506397581
test-27691,0.015372129517491508
test-27692,0.023046856637255853
test-27693,0.015464844067314583
test-27694,0.0322560369895652
test-27695,0.027552080183123266
test-27696,0.01056376484615707
test-27697,0.048613269983211214
test-27698,0.05972230232980044
test-27699,0.11780362302776323
test-277,0.1546005165808803
test-2770,0.03702918060342681
test-27700,0.1840700844820332
test-27701,0.02773583886210405
test-27702,0.07815361720463701
test-27703,0.19829554136274313
test-27704,0.16764459152129835
test-27705,0.010293197285930077
test-27706,0.043653899513224625
test-27707,0.13996357193069836
test-27708,0.020643273200199996
test-27709,0.1096587240071467
test-2771,0.06804425800119882
test-27710,0.178973748196672
test-27711,0.021394305451943218
test-27712,0.023797971688405146
test-27713,0.022225357958220313
test-27714,0.020646584319993118
test-27715,0.05608161125235809
test-27716,0.014279642795940179
test-27717,0.12426513400358717
test-27718,0.01969065784482813
test-27719,0.025707876143274456
test-2772,0.011868116856013074
test-27720,0.22591524565227183
test-27721,0.09323474808473138
test-27722,0.040036434232552064
test-27723,0.33438326804880786
test-27724,0.04471897446224498
test-27725,0.009776444437483798
test-27726,0.02844686623442999
test-27727,0.03371709720556654
test-27728,0.04715841325419497
test-27729,0.07287513663214307
test-2773,0.008163275631005506
test-27730,0.028582442195453837
test-27731,0.040036434232552064
test-27732,0.023775380470524413
test-27733,0.06687591078501293
test-27734,0.0669392073111586
test-27735,0.017260721782785128
test-27736,0.11693886939988454
test-27737,0.08504857616893237
test-27738,0.014518413105214997
test-27739,0.02281718860175105
test-2774,0.021912278809305873
test-27740,0.2936185596299844
test-27741,0.03135025552021608
test-27742,0.009477972264384484
test-27743,0.04953858611954152
test-27744,0.08110413393213176
test-27745,0.06097312575041154
test-27746,0.023825727187863053
test-27747,0.014841881371834119
test-27748,0.03106658150837803
test-27749,0.32196150053330336
test-2775,0.033961752950963944
test-27750,0.013356245014544993
test-27751,0.09396443202046138
test-27752,0.014393455435556222
test-27753,0.05911663650548887
test-27754,0.25833160433641844
test-27755,0.027447689395313377
test-27756,0.019133543980964063
test-27757,0.024366460746888616
test-27758,0.05478038316673291
test-27759,0.060338098737689264
test-2776,0.050158804159657136
test-27760,0.039579147011189184
test-27761,0.040369245507923264
test-27762,0.14910042259153042
test-27763,0.015139281632594287
test-27764,0.027357728642797518
test-27765,0.1556448330413848
test-27766,0.08276219398222494
test-27767,0.2650485756544702
test-27768,0.014985487148036304
test-27769,0.029386567730576914
test-2777,0.0195619937392464
test-27770,0.016343395209032812
test-27771,0.23670730585216337
test-27772,0.03630902176841508
test-27773,0.16718108076330399
test-27774,0.15732207170174997
test-27775,0.019600688926229338
test-27776,0.11497616763004309
test-27777,0.3199343065352281
test-27778,0.1313739250835974
test-27779,0.27905039867118536
test-2778,0.031204364599769423
test-27780,0.011068253337298715
test-27781,0.24757954348843933
test-27782,0.03421814749705108
test-27783,0.21989709922722833
test-27784,0.09413432048468437
test-27785,0.01366004892565036
test-27786,0.018483446201535705
test-27787,0.31417932649329156
test-27788,0.011634696330936726
test-27789,0.07917919910395906
test-2779,0.1426884972012501
test-27790,0.015766592395231822
test-27791,0.07808851905831081
test-27792,0.01653832358506473
test-27793,0.016556709208268627
test-27794,0.16862936169275256
test-27795,0.03356706052092764
test-27796,0.17902261452809354
test-27797,0.021687202943850743
test-27798,0.11889063251998333
test-27799,0.27334308862103407
test-278,0.11489906261617051
test-2780,0.020163726980259998
test-27800,0.025808025171509583
test-27801,0.018358888991278566
test-27802,0.05339307069340168
test-27803,0.10679982929247607
test-27804,0.24616322221919645
test-27805,0.023323108097834635
test-27806,0.01708795377307525
test-27807,0.17761731370759004
test-27808,0.02543284385865352
test-27809,0.10040377291339292
test-2781,0.011088951328031092
test-27810,0.02510496719577298
test-27811,0.16922822049561181
test-27812,0.12614711902775436
test-27813,0.038382651072094584
test-27814,0.12277024795820152
test-27815,0.023529104662335865
test-27816,0.07154554671561687
test-27817,0.005449379363184103
test-27818,0.08687060592348461
test-27819,0.04737745727804819
test-2782,0.21934942932157145
test-27820,0.08003083037374147
test-27821,0.046136995605575305
test-27822,0.05487776745599645
test-27823,0.01727590458027449
test-27824,0.02439762257240396
test-27825,0.27936346558202424
test-27826,0.22236955771472816
test-27827,0.01653103556500467
test-27828,0.04401939252721196
test-27829,0.10389132753931458
test-2783,0.06259100480523434
test-27830,0.10552460928080255
test-27831,0.2524522006514267
test-27832,0.17622996447189604
test-27833,0.11884729848318301
test-27834,0.10016106950207247
test-27835,0.06769227346933265
test-27836,0.008310759079668837
test-27837,0.13980550641447664
test-27838,0.13771808455381868
test-27839,0.013428843715478823
test-2784,0.064036959065214
test-27840,0.01834279556902482
test-27841,0.02175249947787543
test-27842,0.011427608992446872
test-27843,0.06879860020577158
test-27844,0.147364519805825
test-27845,0.15071261327754834
test-27846,0.009672986816219831
test-27847,0.02101254259390118
test-27848,0.012273147994272777
test-27849,0.01492637355019219
test-2785,0.022604860170882233
test-27850,0.011623349144823157
test-27851,0.051823874552820386
test-27852,0.04784812168981063
test-27853,0.07676001022002449
test-27854,0.1944346418129891
test-27855,0.31031435814079444
test-27856,0.009853810826414127
test-27857,0.00943182662075909
test-27858,0.16546503073296637
test-27859,0.015417279176954164
test-2786,0.0308630756304967
test-27860,0.01044024073603011
test-27861,0.11308686175942782
test-27862,0.2494698680211174
test-27863,0.2174757355565806
test-27864,0.03670183749726021
test-27865,0.02608729206569439
test-27866,0.017306754694867574
test-27867,0.28209710398858906
test-27868,0.09274028796751217
test-27869,0.2383820565217043
test-2787,0.2736921876111666
test-27870,0.018226427753078506
test-27871,0.007347062083877219
test-27872,0.038297707989166374
test-27873,0.0414953855924854
test-27874,0.34081305961565234
test-27875,0.199343343162246
test-27876,0.012599489025323101
test-27877,0.07040534738879146
test-27878,0.01795034993746991
test-27879,0.0177300533759575
test-2788,0.1285727876993293
test-27880,0.02660478910507015
test-27881,0.10373474614286309
test-27882,0.033192726119234364
test-27883,0.0174455724895754
test-27884,0.1944346418129891
test-27885,0.04475351461529831
test-27886,0.014677787753829753
test-27887,0.1127279061666934
test-27888,0.35654389333558595
test-27889,0.02850747460483943
test-2789,0.03991427570930743
test-27890,0.029885619067567388
test-27891,0.015491903494095597
test-27892,0.21389710083865404
test-27893,0.10971199490975982
test-27894,0.30311173782463047
test-27895,0.2608606113982203
test-27896,0.019385697984229542
test-27897,0.12344587981472292
test-27898,0.08277875045703237
test-27899,0.2724907108319708
test-279,0.1247282384843349
test-2790,0.13042859879859986
test-27900,0.27912205539961826
test-27901,0.14836699348012886
test-27902,0.18270282934760523
test-27903,0.0846182167635542
test-27904,0.05476830803863165
test-27905,0.01519524321004887
test-27906,0.01871615359577814
test-27907,0.029778034879541795
test-27908,0.016404142974584708
test-27909,0.034718204545593656
test-2791,0.011982272935362599
test-27910,0.03934666541902391
test-27911,0.1096587240071467
test-27912,0.17681491731004878
test-27913,0.008439705835347665
test-27914,0.008004514200012261
test-27915,0.24056619489427739
test-27916,0.01660359675094098
test-27917,0.17909856925714268
test-27918,0.09860381645007209
test-27919,0.009403293169107001
test-2792,0.02431629039332045
test-27920,0.16717837040668707
test-27921,0.06415578285508772
test-27922,0.10098069506471297
test-27923,0.16431241017658113
test-27924,0.012637275737464369
test-27925,0.09582655209299479
test-27926,0.158020262955652
test-27927,0.009808115933531002
test-27928,0.006668906919008863
test-27929,0.035724344762240394
test-2793,0.019181632298255986
test-27930,0.009032478472138852
test-27931,0.15127773985978196
test-27932,0.029647003241274127
test-27933,0.03224366841656297
test-27934,0.11177002277013334
test-27935,0.15701359839361284
test-27936,0.01884280952489356
test-27937,0.026266745395851256
test-27938,0.12663596937894922
test-27939,0.05336814580185642
test-2794,0.03964104184512463
test-27940,0.021026351362945485
test-27941,0.20173596112108197
test-27942,0.016223330971801293
test-27943,0.1970491852782235
test-27944,0.019820846539124068
test-27945,0.10010784217021361
test-27946,0.061577899304617906
test-27947,0.023314017814971513
test-27948,0.07802819961977205
test-27949,0.07014673511928562
test-2795,0.010359022844837501
test-27950,0.05339307069340168
test-27951,0.04049860151896432
test-27952,0.030264987197747187
test-27953,0.0669392073111586
test-27954,0.013892831984056305
test-27955,0.013102429018510749
test-27956,0.03842003777042655
test-27957,0.032554026385082424
test-27958,0.006894872619952603
test-27959,0.0311834052605167
test-2796,0.012436045165365197
test-27960,0.024715364458064562
test-27961,0.017824702192690785
test-27962,0.014373814663533477
test-27963,0.17012627444574682
test-27964,0.11953144595091578
test-27965,0.17027324927335355
test-27966,0.013892831984056305
test-27967,0.18233041260119667
test-27968,0.011803230562566101
test-27969,0.045367096956415186
test-2797,0.13844485831116107
test-27970,0.011971629513762402
test-27971,0.0143632518024536
test-27972,0.029039810257080103
test-27973,0.03664390256299667
test-27974,0.018261847732405703
test-27975,0.0834134307146357
test-27976,0.025251692121562527
test-27977,0.014979373485495147
test-27978,0.06087050036470092
test-27979,0.13473111397650483
test-2798,0.013908455601035678
test-27980,0.15071261327754834
test-27981,0.015163290657215871
test-27982,0.22976867280561036
test-27983,0.019303853241837123
test-27984,0.1621021578950837
test-27985,0.01063047290001726
test-27986,0.30497680931767895
test-27987,0.014809995116029429
test-27988,0.05339307069340168
test-27989,0.05080392614556887
test-2799,0.1488418857294934
test-27990,0.09173321019638254
test-27991,0.03097570190225726
test-27992,0.12663596937894922
test-27993,0.2001405910596027
test-27994,0.0105448410564779
test-27995,0.014991756117227245
test-27996,0.010034635384000814
test-27997,0.15094870832104648
test-27998,0.013544026472356916
test-27999,0.058854947575087524
test-28,0.14888417414747807
test-280,0.012838438515429422
test-2800,0.030450134565311572
test-28000,0.05015468531813707
test-28001,0.20854992632898178
test-28002,0.027354727109107066
test-28003,0.01368243126754499
test-28004,0.06769227346933265
test-28005,0.14780280851058517
test-28006,0.19224502645507174
test-28007,0.00986692341770471
test-28008,0.13844485831116107
test-28009,0.13868531357382335
test-2801,0.04477500177617861
test-28010,0.021853663875536236
test-28011,0.02114740725879859
test-28012,0.19702030418989233
test-28013,0.041229346460538975
test-28014,0.07096446565888062
test-28015,0.216299538952277
test-28016,0.02809087748782194
test-28017,0.27109431200249223
test-28018,0.006683990871311558
test-28019,0.17903802988922818
test-2802,0.02070040027818604
test-28020,0.13191004154891964
test-28021,0.055007372109418015
test-28022,0.014820898450903246
test-28023,0.022840744924929247
test-28024,0.02021706143915149
test-28025,0.01554099044344809
test-28026,0.03211277025086865
test-28027,0.20046169843775385
test-28028,0.043637668882465584
test-28029,0.015410537313225755
test-2803,0.2777433620726031
test-28030,0.015976252810676186
test-28031,0.1833013232887272
test-28032,0.007907323709717268
test-28033,0.026885068306180884
test-28034,0.020739379941251388
test-28035,0.020982787513930384
test-28036,0.04051182369827448
test-28037,0.1701144893425531
test-28038,0.027788605307689857
test-28039,0.008551183781861892
test-2804,0.05273939999786985
test-28040,0.056719954711376405
test-28041,0.015269891413635467
test-28042,0.049744957843033503
test-28043,0.006950047603780158
test-28044,0.016318195934753463
test-28045,0.17016744377677495
test-28046,0.023158344470472866
test-28047,0.12913253738235023
test-28048,0.11332020277243152
test-28049,0.14375367875283504
test-2805,0.13537991569079344
test-28050,0.09456466912495104
test-28051,0.023676893742653467
test-28052,0.006793447623209685
test-28053,0.0171066728014475
test-28054,0.01900038240677797
test-28055,0.062365460256377084
test-28056,0.040243776329496626
test-28057,0.19319438777168021
test-28058,0.11094171495979958
test-28059,0.14775535514739566
test-2806,0.010761540928651078
test-28060,0.06501551765628782
test-28061,0.04660231619244236
test-28062,0.09846996039788926
test-28063,0.04960990819229643
test-28064,0.15164355656214898
test-28065,0.256163099567202
test-28066,0.10061140798356767
test-28067,0.03001579508550537
test-28068,0.13844485831116107
test-28069,0.008940824532284513
test-2807,0.027860921275786606
test-28070,0.008379273241019454
test-28071,0.027471521470755177
test-28072,0.03241908863276157
test-28073,0.011171684817864626
test-28074,0.012927381581561518
test-28075,0.10835724977844534
test-28076,0.18390702406431075
test-28077,0.051896182462538416
test-28078,0.03719143448766125
test-28079,0.14607565985614943
test-2808,0.021784031723357876
test-28080,0.011370957007417472
test-28081,0.0669392073111586
test-28082,0.1256050330315402
test-28083,0.02012735448481615
test-28084,0.16976721733356054
test-28085,0.0846182167635542
test-28086,0.20126136501862862
test-28087,0.06281246440917955
test-28088,0.01994694992344191
test-28089,0.015463198329091125
test-2809,0.3328253372369291
test-28090,0.011184865883752107
test-28091,0.009027199214935683
test-28092,0.13775918575813118
test-28093,0.007072542281927434
test-28094,0.016732652042838924
test-28095,0.13849464527560343
test-28096,0.030614859107208132
test-28097,0.10634026011067438
test-28098,0.2599981833230733
test-28099,0.011611752923635229
test-281,0.02341298955899268
test-2810,0.010321416196110147
test-28100,0.24614936333694437
test-28101,0.025898848078506276
test-28102,0.023413369975682864
test-28103,0.044023641061010824
test-28104,0.07564923525375761
test-28105,0.14336699555778395
test-28106,0.05339307069340168
test-28107,0.0196744439622847
test-28108,0.027746516834860454
test-28109,0.01237055164370701
test-2811,0.010083085105058637
test-28110,0.0470541194742211
test-28111,0.15599946901778988
test-28112,0.017763132933817833
test-28113,0.048356874837632985
test-28114,0.15957470457475026
test-28115,0.15449745812598384
test-28116,0.10464289785790641
test-28117,0.24702419241838972
test-28118,0.16436074712614018
test-28119,0.020958632757238256
test-2812,0.016925859124695478
test-28120,0.2605689842600721
test-28121,0.14281387885522065
test-28122,0.02249489337605445
test-28123,0.1678284530048302
test-28124,0.0846182167635542
test-28125,0.017792260866821022
test-28126,0.11109540874157045
test-28127,0.024456824812666676
test-28128,0.07715838552075903
test-28129,0.17645226684991447
test-2813,0.039981160665421456
test-28130,0.014395608327741317
test-28131,0.01323817564959788
test-28132,0.08681882986569583
test-28133,0.010358866802596458
test-28134,0.07896917855603469
test-28135,0.12048946527222239
test-28136,0.12322690531435704
test-28137,0.042911910928609985
test-28138,0.009737129434740354
test-28139,0.16695447271917302
test-2814,0.23038104901530082
test-28140,0.12796851635119139
test-28141,0.0669392073111586
test-28142,0.079085343038518
test-28143,0.023843380534930327
test-28144,0.023079571419992003
test-28145,0.02219897876108133
test-28146,0.08481205168172634
test-28147,0.046009648738188004
test-28148,0.0738270094194662
test-28149,0.042271010515427164
test-2815,0.04804122324042897
test-28150,0.2831748768513622
test-28151,0.014453725996444811
test-28152,0.09985649801372733
test-28153,0.011742031940445452
test-28154,0.016325644439130513
test-28155,0.03667199034057764
test-28156,0.016211957030778244
test-28157,0.11409505332894458
test-28158,0.07440127431535362
test-28159,0.06803412447426488
test-2816,0.028627805136062123
test-28160,0.02300596474847844
test-28161,0.08219192647824698
test-28162,0.08387859542133967
test-28163,0.2028353487500849
test-28164,0.020726388894785064
test-28165,0.1737116379291322
test-28166,0.020091368148451545
test-28167,0.01433086539956689
test-28168,0.04819890899113547
test-28169,0.029592697781129162
test-2817,0.08503726492032321
test-28170,0.060830464168921544
test-28171,0.0846182167635542
test-28172,0.3357856055717469
test-28173,0.03436420663930244
test-28174,0.2766416983124139
test-28175,0.1020047849174325
test-28176,0.09359024428871544
test-28177,0.21609278075440314
test-28178,0.02731449937514923
test-28179,0.021086587393576172
test-2818,0.0313071093968521
test-28180,0.017336573713381855
test-28181,0.009225465351846155
test-28182,0.12721840174292554
test-28183,0.05850319094739505
test-28184,0.11517461840618773
test-28185,0.11603521729755248
test-28186,0.016267199774750246
test-28187,0.0669392073111586
test-28188,0.33605751195913636
test-28189,0.040749367449237336
test-2819,0.06933945528441951
test-28190,0.00918450978957492
test-28191,0.009004820408528263
test-28192,0.10359546277680343
test-28193,0.019006426475796645
test-28194,0.3459775083097528
test-28195,0.02106974869140933
test-28196,0.033351673322711176
test-28197,0.33292620595638384
test-28198,0.009584322245589997
test-28199,0.01063858971082535
test-282,0.06003170691383048
test-2820,0.046925236864265044
test-28200,0.015702569054117498
test-28201,0.03726749007332688
test-28202,0.14271455762741322
test-28203,0.062251093173730274
test-28204,0.08344340156561636
test-28205,0.1346437455193104
test-28206,0.012206247414213176
test-28207,0.11709343371842393
test-28208,0.12441223546122891
test-28209,0.07805590032262784
test-2821,0.012594263898652728
test-28210,0.008936551092745732
test-28211,0.0179922235944473
test-28212,0.03687931955716802
test-28213,0.08112334735030056
test-28214,0.19743206482037587
test-28215,0.010245914072066804
test-28216,0.034462792400414846
test-28217,0.02460804797114191
test-28218,0.15958575578129647
test-28219,0.2043970162219944
test-2822,0.10281856337115299
test-28220,0.031148908745146055
test-28221,0.02128232033489122
test-28222,0.03590778900422261
test-28223,0.2793431240609464
test-28224,0.02016469219903714
test-28225,0.021429145267572256
test-28226,0.1940390719704004
test-28227,0.03285235906345457
test-28228,0.25434449027650397
test-28229,0.14920974889138464
test-2823,0.12819412947753134
test-28230,0.015253988666938462
test-28231,0.04323469716922459
test-28232,0.032415773509869614
test-28233,0.32265078270470976
test-28234,0.0377573288940271
test-28235,0.03714947726772564
test-28236,0.07958009128105223
test-28237,0.02712610431248483
test-28238,0.1365263683748764
test-28239,0.16409010571446617
test-2824,0.0666612180718833
test-28240,0.11585507371236556
test-28241,0.1112059242649073
test-28242,0.018666804875540167
test-28243,0.14357018715524497
test-28244,0.03408290519867739
test-28245,0.022827051711578453
test-28246,0.007591116568110364
test-28247,0.04252105837468247
test-28248,0.19635659361311064
test-28249,0.05920054730219067
test-2825,0.035154164349262725
test-28250,0.026505877226680914
test-28251,0.21242399375755136
test-28252,0.21090264445220602
test-28253,0.1305753118922354
test-28254,0.11406573607985475
test-28255,0.02357962781028604
test-28256,0.016547132283839677
test-28257,0.17056737353958626
test-28258,0.0453870587290005
test-28259,0.04442808930057596
test-2826,0.04571681258402433
test-28260,0.05254425850992101
test-28261,0.11434307705442615
test-28262,0.15947011809607417
test-28263,0.2816031368114811
test-28264,0.18572608189811501
test-28265,0.2120033876744126
test-28266,0.08219192647824698
test-28267,0.0985165161880429
test-28268,0.06794476528463178
test-28269,0.051227544107493396
test-2827,0.09751873698518972
test-28270,0.007029221899324922
test-28271,0.13789998390506453
test-28272,0.023288471302624687
test-28273,0.06726763825244073
test-28274,0.14942353919649468
test-28275,0.015477563887850673
test-28276,0.022438288905356096
test-28277,0.1321879791200925
test-28278,0.07381868401873878
test-28279,0.11793935927484021
test-2828,0.27388714395649144
test-28280,0.18215477273798958
test-28281,0.39905854318075734
test-28282,0.11428288821084902
test-28283,0.01788807739136583
test-28284,0.12190971526953269
test-28285,0.04648446536488542
test-28286,0.023325947517826934
test-28287,0.09498830618099288
test-28288,0.14811326198206934
test-28289,0.10093982204175307
test-2829,0.3336259411820427
test-28290,0.061577899304617906
test-28291,0.011446541080521795
test-28292,0.030202583740747097
test-28293,0.011171874188688995
test-28294,0.08290872674684348
test-28295,0.09787796055403811
test-28296,0.30853732051740573
test-28297,0.032383391405566016
test-28298,0.008016778646300455
test-28299,0.15517460481981005
test-283,0.03069745984456474
test-2830,0.0652740912381451
test-28300,0.18233041260119667
test-28301,0.00951397352036494
test-28302,0.40974046193218844
test-28303,0.06319063519698519
test-28304,0.012698763655657553
test-28305,0.016899178032014416
test-28306,0.11558108806056146
test-28307,0.26976964046456203
test-28308,0.08110413393213176
test-28309,0.024720255391028078
test-2831,0.20711141096091673
test-28310,0.14278843445157324
test-28311,0.024479853176697996
test-28312,0.030903045858539934
test-28313,0.04048529671783023
test-28314,0.1803906170026154
test-28315,0.03720246025069621
test-28316,0.02815431697521465
test-28317,0.08693098885129331
test-28318,0.24876298738355232
test-28319,0.09486257592983101
test-2832,0.053837227505485356
test-28320,0.01451471194747319
test-28321,0.007941880632707052
test-28322,0.028283075085127462
test-28323,0.02397742163416358
test-28324,0.01636838960603035
test-28325,0.020273562520482645
test-28326,0.09075760693758843
test-28327,0.12976751675970785
test-28328,0.13140222857075257
test-28329,0.037639592859793784
test-2833,0.013138351666057986
test-28330,0.06873521062093119
test-28331,0.08140971531087521
test-28332,0.17903802988922818
test-28333,0.09860381645007209
test-28334,0.10302116701472411
test-28335,0.03546352782233932
test-28336,0.01741866773378331
test-28337,0.013846267200434838
test-28338,0.024840373135949417
test-28339,0.005992453066418236
test-2834,0.019439136811262962
test-28340,0.2858907770186216
test-28341,0.1534667394352415
test-28342,0.2462850450461358
test-28343,0.043409990082938575
test-28344,0.019429645077319722
test-28345,0.03211277025086865
test-28346,0.11483317958784839
test-28347,0.01975315287464747
test-28348,0.009057339758780243
test-28349,0.027405776400784978
test-2835,0.22975279383106761
test-28350,0.09982529003757733
test-28351,0.012746603538655189
test-28352,0.013407615615166126
test-28353,0.13619137790808908
test-28354,0.027471521470755177
test-28355,0.04192840410973585
test-28356,0.04883206730500834
test-28357,0.025121651107988203
test-28358,0.19359229831266725
test-28359,0.04428069945232152
test-2836,0.02376762326804837
test-28360,0.1745626356698363
test-28361,0.12621933585906506
test-28362,0.055913258804495526
test-28363,0.00801231528674514
test-28364,0.12935176170943868
test-28365,0.023855531959943145
test-28366,0.019828277784809414
test-28367,0.4252554837280234
test-28368,0.10135147787955867
test-28369,0.162186650845998
test-2837,0.1794910376344284
test-28370,0.008149002485368602
test-28371,0.09169444941721208
test-28372,0.050114904407134016
test-28373,0.08122473235673121
test-28374,0.026048539754326423
test-28375,0.03286716334690705
test-28376,0.04371739997126556
test-28377,0.031175526601995008
test-28378,0.1020638179551638
test-28379,0.11308961903456394
test-2838,0.07795865595274819
test-28380,0.011052531641681048
test-28381,0.017577994117244193
test-28382,0.07283857716050303
test-28383,0.06769227346933265
test-28384,0.034875457747988434
test-28385,0.11025666896035011
test-28386,0.015224312249784357
test-28387,0.007941880632707052
test-28388,0.06108085344638038
test-28389,0.30658367179541124
test-2839,0.15345783032051516
test-28390,0.028764526117268947
test-28391,0.2587806466152034
test-28392,0.019538320329213005
test-28393,0.1149730050769331
test-28394,0.01041985318047094
test-28395,0.2461634662827426
test-28396,0.012317884019876778
test-28397,0.06569882115573068
test-28398,0.15496561876537288
test-28399,0.08083819574466836
test-284,0.0698089805151791
test-2840,0.06803412447426488
test-28400,0.1552931113429972
test-28401,0.04252105837468247
test-28402,0.04049860151896432
test-28403,0.01018160787902135
test-28404,0.25561895904408594
test-28405,0.11176257798288464
test-28406,0.21597157120978241
test-28407,0.20523412207816144
test-28408,0.13513861898426763
test-28409,0.11543498080582862
test-2841,0.07470746101002906
test-28410,0.18524196655061045
test-28411,0.10485864888401285
test-28412,0.04252105837468247
test-28413,0.012848547371054606
test-28414,0.021176670602333646
test-28415,0.07318748156493517
test-28416,0.21599102690644992
test-28417,0.036210069611132156
test-28418,0.079085343038518
test-28419,0.08016385560534599
test-2842,0.31397646530619067
test-28420,0.20674059617269075
test-28421,0.039780165868657354
test-28422,0.11822211909190937
test-28423,0.04668502930701924
test-28424,0.31323090516395474
test-28425,0.015816013654356337
test-28426,0.22370353021949554
test-28427,0.020184049019556536
test-28428,0.02063018089389356
test-28429,0.20355115739482127
test-2843,0.013119195642410568
test-28430,0.13948384567221164
test-28431,0.2846499099618719
test-28432,0.09040375342901708
test-28433,0.2640513481957621
test-28434,0.040575361925333425
test-28435,0.054518773270869125
test-28436,0.0707119985986715
test-28437,0.033062955998837046
test-28438,0.17610921814298344
test-28439,0.01580858899074017
test-2844,0.2543791248583513
test-28440,0.07725328849404303
test-28441,0.0830916957700869
test-28442,0.16325177176414923
test-28443,0.08260182777979576
test-28444,0.3424315814147771
test-28445,0.2770995374286521
test-28446,0.10069962394230743
test-28447,0.03401994650382166
test-28448,0.1248152734460098
test-28449,0.01708025921158117
test-2845,0.11134465300126702
test-28450,0.028312050568385167
test-28451,0.26808117646908397
test-28452,0.029256998353461457
test-28453,0.02757799736869128
test-28454,0.18623412861232053
test-28455,0.3212210543192243
test-28456,0.1391726244209597
test-28457,0.010181828203564652
test-28458,0.06390585972311909
test-28459,0.12601375924837346
test-2846,0.25207846409084755
test-28460,0.04252105837468247
test-28461,0.2545526960896964
test-28462,0.09860381645007209
test-28463,0.028797081939130706
test-28464,0.09049323717883959
test-28465,0.07289378428675894
test-28466,0.09767664230201685
test-28467,0.07989033706039528
test-28468,0.04300892611452446
test-28469,0.0311268657736334
test-2847,0.02308942776057553
test-28470,0.014306002372027522
test-28471,0.11292319823017632
test-28472,0.011668743733849381
test-28473,0.25214075032517796
test-28474,0.02054299098376315
test-28475,0.07031193631445548
test-28476,0.09787796055403811
test-28477,0.15329290954486224
test-28478,0.07896917855603469
test-28479,0.030335608896396832
test-2848,0.06271731001114328
test-28480,0.37969556376182384
test-28481,0.19800503156667143
test-28482,0.017223872948300405
test-28483,0.03287217721893113
test-28484,0.05072324026851799
test-28485,0.014564924089356298
test-28486,0.39518087643769223
test-28487,0.23813766333637051
test-28488,0.06769227346933265
test-28489,0.07530166930968869
test-2849,0.14910042259153042
test-28490,0.09492835117918162
test-28491,0.03536573495970685
test-28492,0.1650842356319659
test-28493,0.18343652567004148
test-28494,0.03598784573739425
test-28495,0.2651197345118816
test-28496,0.019142992237301155
test-28497,0.01832155013394861
test-28498,0.0410788146578605
test-28499,0.028689186138286804
test-285,0.014256628166021527
test-2850,0.02786563096121257
test-28500,0.1285727876993293
test-28501,0.30437417783671544
test-28502,0.28935367325250416
test-28503,0.14212334614238026
test-28504,0.1389273001978615
test-28505,0.14859329853388883
test-28506,0.20303494434490432
test-28507,0.16631020871831356
test-28508,0.02444827347126973
test-28509,0.18963932221090624
test-2851,0.12756464018589395
test-28510,0.032079090833514796
test-28511,0.1015990729615897
test-28512,0.0629813711159518
test-28513,0.11923667308376391
test-28514,0.06900244582697689
test-28515,0.03428316841415857
test-28516,0.09610554766019225
test-28517,0.21744395856122567
test-28518,0.056956801306496524
test-28519,0.16436074712614018
test-2852,0.08003083037374147
test-28520,0.3194071685354453
test-28521,0.03722215104813557
test-28522,0.12802052308297748
test-28523,0.01605961316105822
test-28524,0.14760504392140714
test-28525,0.02619537209506966
test-28526,0.029905946713622712
test-28527,0.014898339585443829
test-28528,0.02414391552922626
test-28529,0.029308046350804334
test-2853,0.3314048015097171
test-28530,0.1108544017740993
test-28531,0.17909856925714268
test-28532,0.02578045646056067
test-28533,0.01665359921116206
test-28534,0.02488634271099642
test-28535,0.32072693085634246
test-28536,0.05245037090813424
test-28537,0.02043903973857785
test-28538,0.05339307069340168
test-28539,0.009713997423482714
test-2854,0.2418013236102615
test-28540,0.061161859750583
test-28541,0.026455109810932364
test-28542,0.05015468531813707
test-28543,0.07324343561030845
test-28544,0.07896917855603469
test-28545,0.015487448370062641
test-28546,0.045984451982104546
test-28547,0.022402952706246853
test-28548,0.1501655086081887
test-28549,0.020446234033832653
test-2855,0.026970280039883353
test-28550,0.19455632405635065
test-28551,0.028531159260563967
test-28552,0.21746165216631833
test-28553,0.055407184267517354
test-28554,0.12403480135041699
test-28555,0.10616010064218641
test-28556,0.07301846854181678
test-28557,0.03425889474782681
test-28558,0.03925513037083529
test-28559,0.013823173335541703
test-2856,0.0844442073615155
test-28560,0.04602580979112124
test-28561,0.1635696544009231
test-28562,0.01903371771125826
test-28563,0.042966579895049886
test-28564,0.030282596372868138
test-28565,0.15489297748950853
test-28566,0.2712028891739193
test-28567,0.01426797107634645
test-28568,0.156332613677146
test-28569,0.18787906940527146
test-2857,0.05696161965524481
test-28570,0.0344467352469859
test-28571,0.11468893238149488
test-28572,0.17561247062907126
test-28573,0.011092448146833977
test-28574,0.020004455156712644
test-28575,0.1021406251203945
test-28576,0.0905424941527192
test-28577,0.06807277471988875
test-28578,0.02952007126793115
test-28579,0.08726857538083797
test-2858,0.2938136212751342
test-28580,0.008567637758974758
test-28581,0.011349091319978558
test-28582,0.11794603577740274
test-28583,0.10819972627792668
test-28584,0.3136040974364507
test-28585,0.016483723353497605
test-28586,0.00887401265246504
test-28587,0.009991749009791483
test-28588,0.046080903532490065
test-28589,0.14797925477107016
test-2859,0.04471897446224498
test-28590,0.010269064091156887
test-28591,0.18811731458304776
test-28592,0.021728223159246392
test-28593,0.01771081809340238
test-28594,0.1246489921632947
test-28595,0.09598450543555212
test-28596,0.024035271494723672
test-28597,0.03217148106861156
test-28598,0.07137440135034315
test-28599,0.02679012364306654
test-286,0.025148301981319555
test-2860,0.09123441404631848
test-28600,0.02695036692577566
test-28601,0.014941659125485982
test-28602,0.047304894717805364
test-28603,0.007103459395646547
test-28604,0.012585114680358245
test-28605,0.3147502131079928
test-28606,0.027609046057916236
test-28607,0.03376746088744362
test-28608,0.13108904054286935
test-28609,0.1962967891607133
test-2861,0.022524251182178743
test-28610,0.015058313311995275
test-28611,0.07646958160479339
test-28612,0.00790909524927742
test-28613,0.014968700634836477
test-28614,0.06402129276234815
test-28615,0.016083038281510188
test-28616,0.40686754259466146
test-28617,0.3184993952609627
test-28618,0.19043972607291476
test-28619,0.02660273231482107
test-2862,0.005392273868993414
test-28620,0.015032121596495885
test-28621,0.01028570073339645
test-28622,0.007594196864209345
test-28623,0.2757074132295775
test-28624,0.036918254486389905
test-28625,0.01739985368785017
test-28626,0.024170963436466384
test-28627,0.03934874619046878
test-28628,0.08290727509103138
test-28629,0.017723494702616242
test-2863,0.16383872796337626
test-28630,0.12088100615822539
test-28631,0.013027771008646579
test-28632,0.1269148464799346
test-28633,0.05759449642745958
test-28634,0.0434180649939036
test-28635,0.009965729279134094
test-28636,0.05487776745599645
test-28637,0.2528351114713763
test-28638,0.014203926997518532
test-28639,0.10509029641039076
test-2864,0.09953241554326306
test-28640,0.26703502507903276
test-28641,0.04216048356756013
test-28642,0.11607553849948815
test-28643,0.012820822438310921
test-28644,0.11607569426881235
test-28645,0.3766549579388158
test-28646,0.1900258626328395
test-28647,0.01655319331480978
test-28648,0.0669392073111586
test-28649,0.024045553567493636
test-2865,0.2776805259293126
test-28650,0.16682501222542145
test-28651,0.31397646530619067
test-28652,0.029802904958247518
test-28653,0.19863852306277474
test-28654,0.0905424941527192
test-28655,0.01989636507270669
test-28656,0.08091840458510943
test-28657,0.03836805500481991
test-28658,0.056871079803259755
test-28659,0.0956954274796912
test-2866,0.19986393241712927
test-28660,0.0210403433356526
test-28661,0.08058821058501697
test-28662,0.010753727626414267
test-28663,0.04167562980021376
test-28664,0.053341850880775386
test-28665,0.025077527196278787
test-28666,0.27261193519194005
test-28667,0.05339307069340168
test-28668,0.17613398991761037
test-28669,0.009390340646552791
test-2867,0.15257244592453686
test-28670,0.07896917855603469
test-28671,0.13120238097822481
test-28672,0.010316586073940535
test-28673,0.018357202154026718
test-28674,0.04392753737707184
test-28675,0.009514685303196806
test-28676,0.02541467703593147
test-28677,0.011261310686448714
test-28678,0.017027176719928025
test-28679,0.1402991303967614
test-2868,0.06951968669436137
test-28680,0.03665660995115787
test-28681,0.032478265060726125
test-28682,0.09134730776785924
test-28683,0.18623412861232053
test-28684,0.12663596937894922
test-28685,0.18573269756897354
test-28686,0.13064768740628338
test-28687,0.05581130208698903
test-28688,0.2006349097984084
test-28689,0.016106465133258745
test-2869,0.03364560530613155
test-28690,0.018358323965692796
test-28691,0.23507528264516364
test-28692,0.008104545779943101
test-28693,0.03543173605700459
test-28694,0.10706638164210829
test-28695,0.009933978825860388
test-28696,0.18114757255006078
test-28697,0.026836237584090344
test-28698,0.06769227346933265
test-28699,0.036884889661422615
test-287,0.042298411280310096
test-2870,0.05652636713934997
test-28700,0.26616850426062816
test-28701,0.007258800216470635
test-28702,0.03793309008104921
test-28703,0.09935030145420644
test-28704,0.014549015640477801
test-28705,0.32632224195732124
test-28706,0.016397672232471856
test-28707,0.07272160535830764
test-28708,0.009315953538131397
test-28709,0.092645646454815
test-2871,0.015093492632862622
test-28710,0.009801146113887623
test-28711,0.07600377563646514
test-28712,0.2938824088879956
test-28713,0.009250084020858371
test-28714,0.12159885389923444
test-28715,0.012585143955365221
test-28716,0.0442402989330661
test-28717,0.09865208192423197
test-28718,0.09787796055403811
test-28719,0.3817386602733686
test-2872,0.021468517631935916
test-28720,0.19722081551827236
test-28721,0.041994584683696344
test-28722,0.02648290178332952
test-28723,0.08069731614954175
test-28724,0.013299152172445683
test-28725,0.009489250100583702
test-28726,0.008837832993350175
test-28727,0.010012071117718747
test-28728,0.031031134628103262
test-28729,0.3904186118225203
test-2873,0.06399312529163173
test-28730,0.01057270284633994
test-28731,0.0836160361599026
test-28732,0.07896917855603469
test-28733,0.015591241545470137
test-28734,0.044588371815794496
test-28735,0.21957870442206753
test-28736,0.0886487230358177
test-28737,0.0669392073111586
test-28738,0.010205823459179456
test-28739,0.02840424904869861
test-2874,0.013585875957695682
test-28740,0.24815345262690333
test-28741,0.09139753198058895
test-28742,0.02374293376244133
test-28743,0.02909287992778067
test-28744,0.18534431801415807
test-28745,0.09461053780887678
test-28746,0.08260182777979576
test-28747,0.16544683837573318
test-28748,0.0669392073111586
test-28749,0.1309600608404936
test-2875,0.017166134549048927
test-28750,0.029699052823956382
test-28751,0.1271254939665803
test-28752,0.033111667580915494
test-28753,0.008669269772836162
test-28754,0.022809588182251553
test-28755,0.06894724268291011
test-28756,0.010768401027914909
test-28757,0.08043089850720082
test-28758,0.019282984525144174
test-28759,0.10135147787955867
test-2876,0.21888278018285415
test-28760,0.3362501306070282
test-28761,0.1371090311350402
test-28762,0.027520579681479883
test-28763,0.09577148861252165
test-28764,0.039086452581574595
test-28765,0.18754485966307255
test-28766,0.06879550275546958
test-28767,0.22996847128818868
test-28768,0.03603654765868365
test-28769,0.13112634419947802
test-2877,0.012864146429992252
test-28770,0.049952482123110535
test-28771,0.0716153105731157
test-28772,0.30986266679825347
test-28773,0.17645226684991447
test-28774,0.21088894614569934
test-28775,0.028469513154820554
test-28776,0.06613128233036399
test-28777,0.13646297188674386
test-28778,0.061577899304617906
test-28779,0.28992675744995283
test-2878,0.033535415297805356
test-28780,0.2729198409002501
test-28781,0.030733226701722065
test-28782,0.032570915998490726
test-28783,0.0667012308444009
test-28784,0.15701630716024761
test-28785,0.12265936089606379
test-28786,0.00941973487783537
test-28787,0.3937301534634637
test-28788,0.03278915950076474
test-28789,0.06570429569812915
test-2879,0.010742044642731983
test-28790,0.015921907898062318
test-28791,0.1602465292055352
test-28792,0.18656506267457304
test-28793,0.014379586207534508
test-28794,0.07799433853261355
test-28795,0.030408546537523083
test-28796,0.10268910592538764
test-28797,0.04049860151896432
test-28798,0.11235991218175079
test-28799,0.039884422877073625
test-288,0.07896917855603469
test-2880,0.02240177362191252
test-28800,0.09787796055403811
test-28801,0.0597861783789666
test-28802,0.19215648774678265
test-28803,0.2921408309036412
test-28804,0.15164355656214898
test-28805,0.008416308877064734
test-28806,0.18194403442450666
test-28807,0.1229497226581949
test-28808,0.18806003977919847
test-28809,0.05132393700284649
test-2881,0.0669392073111586
test-28810,0.10037034601817081
test-28811,0.30850770323078525
test-28812,0.21483952361366657
test-28813,0.05739450714471283
test-28814,0.021148006035873933
test-28815,0.024418213784376166
test-28816,0.24941337619412177
test-28817,0.04271858082433733
test-28818,0.20719211066782645
test-28819,0.03254656788055025
test-2882,0.00671839494003325
test-28820,0.07896917855603469
test-28821,0.014675783144617061
test-28822,0.09637998548127069
test-28823,0.08003083037374147
test-28824,0.023471905101639455
test-28825,0.05016977797642414
test-28826,0.014684162762213729
test-28827,0.021832648453114896
test-28828,0.12174198596231083
test-28829,0.1762976970914442
test-2883,0.039295374227288245
test-28830,0.07046141076942886
test-28831,0.13091380359304408
test-28832,0.09394507126896243
test-28833,0.028500717565670304
test-28834,0.016988288441449183
test-28835,0.2810002158487307
test-28836,0.020772601649598398
test-28837,0.060603888786786374
test-28838,0.05777344767784443
test-28839,0.015372129517491508
test-2884,0.0989058927028737
test-28840,0.01212604726561534
test-28841,0.2802333157569193
test-28842,0.024024599266139677
test-28843,0.014228484493282482
test-28844,0.017572287121319956
test-28845,0.13844485831116107
test-28846,0.13627361917992256
test-28847,0.29055257447563226
test-28848,0.10473515578331055
test-28849,0.4100690170957797
test-2885,0.32641958553279166
test-28850,0.014181238539650802
test-28851,0.2102049855014895
test-28852,0.2700654638494339
test-28853,0.07717321049652556
test-28854,0.08735942964655267
test-28855,0.2554044436003909
test-28856,0.008045504343732413
test-28857,0.3084956158265698
test-28858,0.060830464168921544
test-28859,0.10660447884766662
test-2886,0.36265523860468457
test-28860,0.037834696295149774
test-28861,0.3151781400469196
test-28862,0.18858896600899172
test-28863,0.02428952585552313
test-28864,0.011023845627156822
test-28865,0.06784397936624709
test-28866,0.11180131430646607
test-28867,0.04036895594194661
test-28868,0.18595374328700767
test-28869,0.026089790047638832
test-2887,0.07066391180041305
test-28870,0.01859611267447422
test-28871,0.01681244404681816
test-28872,0.053083356602575335
test-28873,0.07896917855603469
test-28874,0.009293142912863258
test-28875,0.04904966373037652
test-28876,0.13327320387106362
test-28877,0.00915483587089139
test-28878,0.05339307069340168
test-28879,0.005682998922855227
test-2888,0.07846914292426303
test-28880,0.015974706370264696
test-28881,0.014023528936981774
test-28882,0.012433000961519265
test-28883,0.03267079981702899
test-28884,0.027190818790295904
test-28885,0.06722701180227124
test-28886,0.18212985887941047
test-28887,0.05339307069340168
test-28888,0.028817499891288435
test-28889,0.02070889106173611
test-2889,0.09755103255864661
test-28890,0.04750087129261262
test-28891,0.18294717262952817
test-28892,0.1591781592184693
test-28893,0.011097506885324302
test-28894,0.06799639546870956
test-28895,0.009834013793367465
test-28896,0.06312370198506943
test-28897,0.03317389293452996
test-28898,0.00752474605011211
test-28899,0.04787239637357104
test-289,0.06807277471988875
test-2890,0.035663153865109744
test-28900,0.020572108245705604
test-28901,0.08719755038109307
test-28902,0.3609642290707718
test-28903,0.0370178999960362
test-28904,0.38368250115368974
test-28905,0.07765548192385864
test-28906,0.02071941127687697
test-28907,0.028384065199610748
test-28908,0.018409649130595344
test-28909,0.021861809340423907
test-2891,0.15915711866409052
test-28910,0.05003697088968722
test-28911,0.016160909900064323
test-28912,0.259571306402474
test-28913,0.011061180659624798
test-28914,0.058867508779278974
test-28915,0.009071822177896698
test-28916,0.020525968264683832
test-28917,0.0694311981061502
test-28918,0.037658600636406254
test-28919,0.07955672582119087
test-2892,0.02528617219525359
test-28920,0.03125785177794684
test-28921,0.04519159860323758
test-28922,0.12137033067599531
test-28923,0.2841916820042579
test-28924,0.145534466139558
test-28925,0.1516093110639453
test-28926,0.10660447884766662
test-28927,0.006569155602233168
test-28928,0.029464430150035102
test-28929,0.014079325126362077
test-2893,0.2029611996987785
test-28930,0.008155399914167454
test-28931,0.20590610156796446
test-28932,0.13838758200649465
test-28933,0.21377903336784207
test-28934,0.14509701010677978
test-28935,0.0867035628376612
test-28936,0.018593528405970856
test-28937,0.011329443334316422
test-28938,0.017179506158794888
test-28939,0.03281653423827879
test-2894,0.026143167820950667
test-28940,0.04203862517134292
test-28941,0.015333541146879164
test-28942,0.140623435741625
test-28943,0.01723207879119548
test-28944,0.015804894171723323
test-28945,0.016820124533071076
test-28946,0.053064704212534376
test-28947,0.03394517755049771
test-28948,0.010519160112868638
test-28949,0.041954678431232274
test-2895,0.12656503210267603
test-28950,0.07747033851402056
test-28951,0.17287177774573617
test-28952,0.020174416329624873
test-28953,0.027342321940717965
test-28954,0.011429312100173658
test-28955,0.006721280828775492
test-28956,0.30029925147960496
test-28957,0.020091368148451545
test-28958,0.3391516253436453
test-28959,0.17261752591391524
test-2896,0.016187624658989187
test-28960,0.14477738904936552
test-28961,0.14972241428537483
test-28962,0.018323296403102648
test-28963,0.02189139208018756
test-28964,0.04040979457150509
test-28965,0.11685400283612546
test-28966,0.11935625167526694
test-28967,0.09787796055403811
test-28968,0.013529809543921939
test-28969,0.2001117055573503
test-2897,0.019325167571414267
test-28970,0.014307029042013085
test-28971,0.04839654654403477
test-28972,0.01922467280237979
test-28973,0.01729058597311177
test-28974,0.016378536108696072
test-28975,0.020984981008342236
test-28976,0.018011788418607493
test-28977,0.043637537409501645
test-28978,0.2608606113982203
test-28979,0.08091840458510943
test-2898,0.11430352231219558
test-28980,0.07570544771894107
test-28981,0.1481739198546055
test-28982,0.00887709608893385
test-28983,0.023827607946861777
test-28984,0.06648904163958448
test-28985,0.0669392073111586
test-28986,0.016896459257951232
test-28987,0.05641087824844124
test-28988,0.14660621249274897
test-28989,0.010452030479398421
test-2899,0.0091456587024928
test-28990,0.00994701757448089
test-28991,0.10349699573416214
test-28992,0.016084734390601457
test-28993,0.046080903532490065
test-28994,0.389606039667169
test-28995,0.051906443769042625
test-28996,0.041904589175894104
test-28997,0.14522570421095446
test-28998,0.07300415700059695
test-28999,0.27953503927081225
test-29,0.12786341707208773
test-290,0.006475311628637051
test-2900,0.060830464168921544
test-29000,0.1677795813655283
test-29001,0.29843476559021975
test-29002,0.014641547161499029
test-29003,0.024835011937344706
test-29004,0.09393929192250278
test-29005,0.009122970669547458
test-29006,0.011080177345037958
test-29007,0.1283781047974185
test-29008,0.2204568046801959
test-29009,0.020184049019556536
test-2901,0.1894070602098791
test-29010,0.008983746185132039
test-29011,0.05998312246249292
test-29012,0.010446109450272882
test-29013,0.07265558817206443
test-29014,0.04225796779127887
test-29015,0.15155492072607568
test-29016,0.055874069678319045
test-29017,0.013628959187246449
test-29018,0.09787796055403811
test-29019,0.127132347947015
test-2902,0.05653262449943233
test-29020,0.15661750127198884
test-29021,0.12105860937289321
test-29022,0.01769192324956068
test-29023,0.012300702005935756
test-29024,0.11709343371842393
test-29025,0.009431039267095811
test-29026,0.08788120190007584
test-29027,0.01473971756553988
test-29028,0.04483953858827799
test-29029,0.19600034374676123
test-2903,0.10407186273717679
test-29030,0.02680209205551303
test-29031,0.01913784352844042
test-29032,0.016052954377661917
test-29033,0.07861122764110745
test-29034,0.03606953984573852
test-29035,0.007549042960258118
test-29036,0.009852567248470065
test-29037,0.03185419453005903
test-29038,0.01399833625341764
test-29039,0.020753684162367156
test-2904,0.0221579415284716
test-29040,0.04475351461529831
test-29041,0.0949574141830801
test-29042,0.0669392073111586
test-29043,0.03255801071553335
test-29044,0.14383055515648485
test-29045,0.2519907039033014
test-29046,0.3406863510024624
test-29047,0.0077204303057179305
test-29048,0.00814620100097729
test-29049,0.08854343684407918
test-2905,0.0566602537364795
test-29050,0.34710696739636415
test-29051,0.4123612153931427
test-29052,0.130722187936221
test-29053,0.020896821873040487
test-29054,0.08433594359094086
test-29055,0.033694294818512216
test-29056,0.013253368094860322
test-29057,0.0464128864546116
test-29058,0.3205679663423559
test-29059,0.19815622022609578
test-2906,0.013837490727021137
test-29060,0.01709786569939229
test-29061,0.07958009128105223
test-29062,0.015279776073264322
test-29063,0.007045326625457414
test-29064,0.12702439057959836
test-29065,0.02966776819551953
test-29066,0.0340692697019044
test-29067,0.009779509574549986
test-29068,0.06811091341524564
test-29069,0.031056975903826688
test-2907,0.09516943685111812
test-29070,0.03291753474293656
test-29071,0.01310858960167484
test-29072,0.13021522197265545
test-29073,0.07062471906463907
test-29074,0.017535919177880593
test-29075,0.037477670287948066
test-29076,0.020599015447566153
test-29077,0.10135147787955867
test-29078,0.02534496628613209
test-29079,0.15599946901778988
test-2908,0.009143517798907519
test-29080,0.020225472250272363
test-29081,0.22539638730251257
test-29082,0.024524935218690168
test-29083,0.170707421096708
test-29084,0.11129539011136583
test-29085,0.0741658435075022
test-29086,0.023418667240116608
test-29087,0.015516916219973555
test-29088,0.08177060122267607
test-29089,0.2407686096062262
test-2909,0.034875457747988434
test-29090,0.03706903379431884
test-29091,0.028796666890724902
test-29092,0.19523902225687972
test-29093,0.24663867714043947
test-29094,0.0688376526721422
test-29095,0.00634167841966409
test-29096,0.39962286323532953
test-29097,0.011005398602143788
test-29098,0.20637121474712503
test-29099,0.33234969749582927
test-291,0.05347929313284538
test-2910,0.01845599262878948
test-29100,0.16084375870573794
test-29101,0.15925862020686524
test-29102,0.023111245641195346
test-29103,0.05382995418276935
test-29104,0.06233080017623353
test-29105,0.14282447599002426
test-29106,0.03562798081380685
test-29107,0.03285746978981016
test-29108,0.02070889106173611
test-29109,0.089995886600485
test-2911,0.014753029715236694
test-29110,0.11246601556151103
test-29111,0.11652084466450191
test-29112,0.022910642479385
test-29113,0.11876283138303043
test-29114,0.21098625055605524
test-29115,0.11592587899259717
test-29116,0.01706611906412973
test-29117,0.034462792400414846
test-29118,0.00982173373542545
test-29119,0.03957797408190487
test-2912,0.026478693392479307
test-29120,0.29962855705749425
test-29121,0.015434476247496415
test-29122,0.018819949091817414
test-29123,0.3101582635378399
test-29124,0.07896917855603469
test-29125,0.2617480780356112
test-29126,0.044101048278079986
test-29127,0.07396612243156744
test-29128,0.19847710726412657
test-29129,0.010920315114661653
test-2913,0.02179796741400253
test-29130,0.1951699104538745
test-29131,0.22605038392667867
test-29132,0.10062551206765444
test-29133,0.03569549949166895
test-29134,0.0689746002066245
test-29135,0.008112148750105571
test-29136,0.117497923073559
test-29137,0.010835473765823868
test-29138,0.05341063703371072
test-29139,0.014799505540203388
test-2914,0.26403329334324965
test-29140,0.18832173177051958
test-29141,0.13188539291315352
test-29142,0.06803412447426488
test-29143,0.07001792589123748
test-29144,0.37110055641829975
test-29145,0.23267882007087173
test-29146,0.00729241186555351
test-29147,0.2255233688766979
test-29148,0.022216113329109263
test-29149,0.014480572420051926
test-2915,0.04475130498403396
test-29150,0.0323349075194833
test-29151,0.05208457129373567
test-29152,0.029632296539339315
test-29153,0.12185396852316471
test-29154,0.02358092538767129
test-29155,0.34817751735797753
test-29156,0.010537875940766108
test-29157,0.04433214638981496
test-29158,0.024861510136267192
test-29159,0.14556918195545027
test-2916,0.09422529163647642
test-29160,0.0073823580031103595
test-29161,0.012572665905477549
test-29162,0.022374718272403303
test-29163,0.07342596125073728
test-29164,0.02364569819103662
test-29165,0.15128391287444543
test-29166,0.02598049569371233
test-29167,0.03379370600127585
test-29168,0.018546588532725568
test-29169,0.3949223194477507
test-2917,0.04468932443682747
test-29170,0.06526931803360675
test-29171,0.19278280327054903
test-29172,0.01135584472655674
test-29173,0.11192954368951438
test-29174,0.031939403162442044
test-29175,0.24894281450267913
test-29176,0.13917750797641154
test-29177,0.027263285291637223
test-29178,0.09347350967318542
test-29179,0.03500623183050008
test-2918,0.0669392073111586
test-29180,0.015008144262688644
test-29181,0.039056486816039286
test-29182,0.021445192016588514
test-29183,0.32367752417250684
test-29184,0.010141860916422342
test-29185,0.02105977705485097
test-29186,0.021955815449450237
test-29187,0.10615887621159968
test-29188,0.009486786535160403
test-29189,0.05930563121499364
test-2919,0.03847711022400309
test-29190,0.013659514988185578
test-29191,0.018657903521872583
test-29192,0.04668191777756727
test-29193,0.21746087666312888
test-29194,0.02653383014757639
test-29195,0.03810495562487775
test-29196,0.06789276252946114
test-29197,0.016137574322781772
test-29198,0.20045012414981023
test-29199,0.09787796055403811
test-292,0.03957797408190487
test-2920,0.08104041895994016
test-29200,0.08816802730188074
test-29201,0.0107902510270964
test-29202,0.19387859158396806
test-29203,0.026040405474379993
test-29204,0.023681136263783722
test-29205,0.07916663183644586
test-29206,0.04069447462403318
test-29207,0.20805410956422943
test-29208,0.022181969892362444
test-29209,0.04253147182591293
test-2921,0.022766223818141723
test-29210,0.012129342837688491
test-29211,0.0173547759977192
test-29212,0.0846182167635542
test-29213,0.08859236866885901
test-29214,0.09444596453015981
test-29215,0.10062551206765444
test-29216,0.01323817564959788
test-29217,0.02913047342831332
test-29218,0.0156576976785392
test-29219,0.03834571016359717
test-2922,0.01265639087156044
test-29220,0.03763846002177265
test-29221,0.11246601556151103
test-29222,0.020283207768253052
test-29223,0.07154554671561687
test-29224,0.04178401989134431
test-29225,0.012158275530659327
test-29226,0.159773457455663
test-29227,0.017371150297336553
test-29228,0.060983579295517544
test-29229,0.008462799822867743
test-2923,0.05410739181064715
test-29230,0.018045070700810475
test-29231,0.17075233833075007
test-29232,0.024137047146720415
test-29233,0.013856056846601319
test-29234,0.01113940347694407
test-29235,0.0074431965808809805
test-29236,0.021018729900540933
test-29237,0.018244747427778686
test-29238,0.10378352228237422
test-29239,0.10216497894360929
test-2924,0.07266774528390472
test-29240,0.04600162021116706
test-29241,0.07922499286518482
test-29242,0.02657600816732424
test-29243,0.014607681040761981
test-29244,0.11358708444246228
test-29245,0.10846262970976613
test-29246,0.03829942748581969
test-29247,0.08044948455607703
test-29248,0.01012118104143969
test-29249,0.19715383299252162
test-2925,0.0619687497344148
test-29250,0.14341590628354015
test-29251,0.04688163618239434
test-29252,0.017133816131952074
test-29253,0.017892057948105493
test-29254,0.039044988498908195
test-29255,0.1698693691023214
test-29256,0.2608606113982203
test-29257,0.01847959058207254
test-29258,0.1060959533689933
test-29259,0.06687762142506364
test-2926,0.017248438128727856
test-29260,0.04838287503759041
test-29261,0.02295157842735299
test-29262,0.130376299677737
test-29263,0.05708884919408381
test-29264,0.10135147787955867
test-29265,0.011935956678804784
test-29266,0.23162893260550635
test-29267,0.25727089565983285
test-29268,0.05720033932511675
test-29269,0.10078966190951746
test-2927,0.01942115170340283
test-29270,0.13538421291824243
test-29271,0.3712775211124462
test-29272,0.008746314735289418
test-29273,0.06619158325711465
test-29274,0.030307165706679125
test-29275,0.016130759644261205
test-29276,0.014985448976983846
test-29277,0.13366769714760632
test-29278,0.01785068018513187
test-29279,0.019378236130760087
test-2928,0.19483971724685903
test-29280,0.01218810437598446
test-29281,0.07801519369422803
test-29282,0.018676332983945186
test-29283,0.13263393412362084
test-29284,0.042267216855751695
test-29285,0.05273939999786985
test-29286,0.12853401045173043
test-29287,0.015298111431351328
test-29288,0.06268903025036542
test-29289,0.15706672986722656
test-2929,0.20728620190783095
test-29290,0.02206574526650376
test-29291,0.09809654162814607
test-29292,0.02791990970382587
test-29293,0.03265255883948073
test-29294,0.07831952976256225
test-29295,0.10074742371725894
test-29296,0.0322560369895652
test-29297,0.2999571176339793
test-29298,0.1319959913759028
test-29299,0.05410739181064715
test-293,0.024153465663665198
test-2930,0.009849667231264132
test-29300,0.012164928181528459
test-29301,0.07096625851781876
test-29302,0.029482413417339544
test-29303,0.07512180394517347
test-29304,0.3051149402550923
test-29305,0.03973567623984971
test-29306,0.12756464018589395
test-29307,0.03438233881523461
test-29308,0.022535369156686844
test-29309,0.0669392073111586
test-2931,0.028214078710427422
test-29310,0.022457967212621274
test-29311,0.037274600477896366
test-29312,0.022710015082795746
test-29313,0.017352190889525825
test-29314,0.1926507689428191
test-29315,0.2521074885532023
test-29316,0.013434900950470216
test-29317,0.027940201429365704
test-29318,0.20491248154899175
test-29319,0.015702700345184083
test-2932,0.07512180394517347
test-29320,0.22953672003499748
test-29321,0.03321281700534105
test-29322,0.2793498202780778
test-29323,0.042269410909388384
test-29324,0.0137927903596234
test-29325,0.0669392073111586
test-29326,0.02216107605838234
test-29327,0.03212640291975789
test-29328,0.016435559117169395
test-29329,0.29993711275533225
test-2933,0.028544115156122114
test-29330,0.0669392073111586
test-29331,0.008189203858242304
test-29332,0.01571434845224363
test-29333,0.03714313983117403
test-29334,0.0669392073111586
test-29335,0.23019240368392002
test-29336,0.17903802988922818
test-29337,0.009945544235989269
test-29338,0.015642883902817525
test-29339,0.1383692580304007
test-2934,0.1526794991479999
test-29340,0.0669392073111586
test-29341,0.011005810997266274
test-29342,0.05806745975637024
test-29343,0.02036303013332763
test-29344,0.0926089024726945
test-29345,0.10151779096905766
test-29346,0.028835108104503394
test-29347,0.016897084809181166
test-29348,0.0765176442062777
test-29349,0.012876219353113316
test-2935,0.2754241825800075
test-29350,0.3183313485598758
test-29351,0.15190826330366877
test-29352,0.041220814313703856
test-29353,0.05948539271495662
test-29354,0.24833105179436996
test-29355,0.0627114209541987
test-29356,0.07733977831722527
test-29357,0.12627203320586405
test-29358,0.16227012843928346
test-29359,0.14221617752237098
test-2936,0.04806455412671401
test-29360,0.030862575341221624
test-29361,0.0187456837302231
test-29362,0.009036431714225957
test-29363,0.0888977426581809
test-29364,0.0110936492112113
test-29365,0.03137908933320975
test-29366,0.16913142050694852
test-29367,0.01844455195621382
test-29368,0.04849545370753795
test-29369,0.009354497503840185
test-2937,0.015394328275046734
test-29370,0.2366985765867264
test-29371,0.031785607263198054
test-29372,0.02640804116847228
test-29373,0.017685394792332006
test-29374,0.18490108350068948
test-29375,0.040036434232552064
test-29376,0.1313395705021038
test-29377,0.014048088759450746
test-29378,0.02673775255232644
test-29379,0.01770873826838817
test-2938,0.2608606113982203
test-29380,0.17698002637497992
test-29381,0.03876471054634277
test-29382,0.015986843897799835
test-29383,0.3297424269065135
test-29384,0.015139281632594287
test-29385,0.02562075576355676
test-29386,0.010150124429942012
test-29387,0.042566264685154585
test-29388,0.21835450120908514
test-29389,0.17140231832990102
test-2939,0.012464049671721293
test-29390,0.051624648500946925
test-29391,0.03559059890802382
test-29392,0.011779315767421594
test-29393,0.02356106675047363
test-29394,0.1951219615277476
test-29395,0.018690209706077092
test-29396,0.014967604201364637
test-29397,0.037507186047189126
test-29398,0.210649272390982
test-29399,0.17645226684991447
test-294,0.01187481220784091
test-2940,0.006834169917636533
test-29400,0.03222996878070594
test-29401,0.016258543037930385
test-29402,0.014023204379071112
test-29403,0.02821236030493129
test-29404,0.19619046156271483
test-29405,0.3049795710211876
test-29406,0.007289992334150622
test-29407,0.06259100480523434
test-29408,0.09964133616520854
test-29409,0.05285580619587219
test-2941,0.08250234403038474
test-29410,0.05429442518015857
test-29411,0.17498755379189287
test-29412,0.1717458652550706
test-29413,0.024054594837733704
test-29414,0.024072984341238394
test-29415,0.2248740062533117
test-29416,0.20953648892063997
test-29417,0.017163872355031348
test-29418,0.07896917855603469
test-29419,0.1617101212362829
test-2942,0.1350277768800656
test-29420,0.09957507873951046
test-29421,0.03957797408190487
test-29422,0.4034161808085848
test-29423,0.23097250114631948
test-29424,0.06809318000962196
test-29425,0.008196819505428261
test-29426,0.024418213784376166
test-29427,0.025817343006863686
test-29428,0.19784748549796669
test-29429,0.020230075989923782
test-2943,0.2376815531443584
test-29430,0.18521317809642995
test-29431,0.06117824918255233
test-29432,0.07626467194007411
test-29433,0.013505648885633886
test-29434,0.013112931125396387
test-29435,0.20082679864043781
test-29436,0.3671240374372444
test-29437,0.02874157781611735
test-29438,0.013772449892618114
test-29439,0.07332223118954193
test-2944,0.10520878986683896
test-29440,0.0669043010158341
test-29441,0.017245376810767838
test-29442,0.09435854111353265
test-29443,0.1807306000680218
test-29444,0.026618962511771316
test-29445,0.022667788069551532
test-29446,0.030764997081847385
test-29447,0.04002990845528347
test-29448,0.0242216393844008
test-29449,0.019385141923499948
test-2945,0.09740049951345749
test-29450,0.015990477844748135
test-29451,0.0688376526721422
test-29452,0.012255174050204347
test-29453,0.027472828573031228
test-29454,0.16695447271917302
test-29455,0.06970945379845955
test-29456,0.08047355784019285
test-29457,0.20322658420570444
test-29458,0.024223448023892553
test-29459,0.15189278932636924
test-2946,0.017602489826997213
test-29460,0.22943097356341885
test-29461,0.013338261024701776
test-29462,0.014432677684757117
test-29463,0.010847170184334337
test-29464,0.01456798924451902
test-29465,0.29355834921402396
test-29466,0.006235727174248072
test-29467,0.07371516582896163
test-29468,0.14422724061429212
test-29469,0.2994243079316567
test-2947,0.014935096735457135
test-29470,0.037258806065606005
test-29471,0.12621933585906506
test-29472,0.09804825645364469
test-29473,0.010350762682282126
test-29474,0.16640274829999277
test-29475,0.12511068793872257
test-29476,0.18413318743309748
test-29477,0.09010428317507463
test-29478,0.009065189174250041
test-29479,0.07577980601500905
test-2948,0.02105043452516333
test-29480,0.009039492518077863
test-29481,0.2178673990813663
test-29482,0.007525274405414054
test-29483,0.07368243548840658
test-29484,0.009019432199058054
test-29485,0.3937301534634637
test-29486,0.043653899513224625
test-29487,0.3147502131079928
test-29488,0.010764605579717266
test-29489,0.04490515764725282
test-2949,0.22042110495634046
test-29490,0.023817454296578267
test-29491,0.03134794638795458
test-29492,0.08577817613863561
test-29493,0.30198528534946906
test-29494,0.10983237201506611
test-29495,0.008724467800030854
test-29496,0.0067483167951751435
test-29497,0.021524950544356207
test-29498,0.01619968143050593
test-29499,0.04103730517084501
test-295,0.23532581932257676
test-2950,0.030264552498837295
test-29500,0.10207994413881681
test-29501,0.03983647730862874
test-29502,0.08126045208384416
test-29503,0.05062110263736712
test-29504,0.025201955322698855
test-29505,0.09917193078878067
test-29506,0.009637644874212722
test-29507,0.12344777295335478
test-29508,0.014545583457913666
test-29509,0.07321828505539105
test-2951,0.02548908644850162
test-29510,0.03181230862909928
test-29511,0.09755421198206848
test-29512,0.02287001816484084
test-29513,0.06219898246042759
test-29514,0.026960559073390143
test-29515,0.03991427570930743
test-29516,0.16264827908145055
test-29517,0.15366254227189804
test-29518,0.07377540813101795
test-29519,0.05679470414167007
test-2952,0.17623623370706545
test-29520,0.013750835097830537
test-29521,0.18569906686245208
test-29522,0.01386185676390103
test-29523,0.037461163066906576
test-29524,0.043153943286978795
test-29525,0.01480826391885327
test-29526,0.05339307069340168
test-29527,0.09360934463366813
test-29528,0.01849368787820351
test-29529,0.028610288513071527
test-2953,0.009485572340774342
test-29530,0.2297164628965195
test-29531,0.047081382157852195
test-29532,0.02388446038592051
test-29533,0.40122400986845613
test-29534,0.07154554671561687
test-29535,0.0938535787540949
test-29536,0.05705337383561482
test-29537,0.11531659080089565
test-29538,0.040695030576269844
test-29539,0.043622847134789144
test-2954,0.17918740504452071
test-29540,0.008688816865302488
test-29541,0.07170525373360775
test-29542,0.06440843189344232
test-29543,0.016900579432292295
test-29544,0.03534276286509768
test-29545,0.04743190526513336
test-29546,0.22731185142141533
test-29547,0.02676708281797911
test-29548,0.007622925015376423
test-29549,0.21962385265766904
test-2955,0.2921408309036412
test-29550,0.04708310129773734
test-29551,0.02139365134371966
test-29552,0.015895449890895353
test-29553,0.079709700519893
test-29554,0.04925608802074825
test-29555,0.010855726549505682
test-29556,0.036159595398391774
test-29557,0.06769089613322582
test-29558,0.016930438720761033
test-29559,0.05339307069340168
test-2956,0.05873906292756584
test-29560,0.13317906279045907
test-29561,0.06137919618289566
test-29562,0.06962013505570844
test-29563,0.0683234195255479
test-29564,0.013753794619537777
test-29565,0.11449832258563401
test-29566,0.020643273200199996
test-29567,0.11244652061208983
test-29568,0.0732858674232542
test-29569,0.02602163929149623
test-2957,0.027310289481096494
test-29570,0.06821805448483964
test-29571,0.020251670618139456
test-29572,0.10022332301988479
test-29573,0.4034161808085848
test-29574,0.0846182167635542
test-29575,0.024905708619066668
test-29576,0.07219725213076301
test-29577,0.011094219489619923
test-29578,0.020094110329857452
test-29579,0.3301065219397599
test-2958,0.06462313607910655
test-29580,0.1349522330393906
test-29581,0.011392937053266057
test-29582,0.0902422755812636
test-29583,0.028938723186312413
test-29584,0.021241224970708773
test-29585,0.26786265305173473
test-29586,0.1661916106878663
test-29587,0.02160449127490314
test-29588,0.041765120356140606
test-29589,0.017232611761902304
test-2959,0.01116444092906715
test-29590,0.19655341660039716
test-29591,0.008711053771594821
test-29592,0.01036636732248958
test-29593,0.2675446810076223
test-29594,0.06549459911219623
test-29595,0.01623508412592168
test-29596,0.1307706548905313
test-29597,0.01514835945964876
test-29598,0.01889711063729226
test-29599,0.11930798742934495
test-296,0.015390974085114353
test-2960,0.008882364220484553
test-29600,0.12789054283338833
test-29601,0.015524293508456632
test-29602,0.024553610411240306
test-29603,0.024196747390677478
test-29604,0.011181020410393842
test-29605,0.1001728034970038
test-29606,0.01919627133550362
test-29607,0.04252105837468247
test-29608,0.13822705897562174
test-29609,0.030860211436749246
test-2961,0.2232506377040387
test-29610,0.005202749146231523
test-29611,0.09362524377549346
test-29612,0.0669392073111586
test-29613,0.034700893102032435
test-29614,0.0286510093381354
test-29615,0.1483755014327897
test-29616,0.02366142589459132
test-29617,0.029558622187286138
test-29618,0.014614070711725722
test-29619,0.0682210654707025
test-2962,0.01635327048201935
test-29620,0.15378142590315386
test-29621,0.01297195933600849
test-29622,0.03819258396939936
test-29623,0.032758823277483334
test-29624,0.02384726875566117
test-29625,0.0901350868464736
test-29626,0.07896917855603469
test-29627,0.022476957904348675
test-29628,0.015967619376415592
test-29629,0.09935030145420644
test-2963,0.007320549073272387
test-29630,0.011550789857079198
test-29631,0.019332330547439318
test-29632,0.11315638715208923
test-29633,0.1585963133700143
test-29634,0.02188154020524804
test-29635,0.13830743809882362
test-29636,0.16418252103783587
test-29637,0.011949110099682601
test-29638,0.09095363519959088
test-29639,0.02002919024968572
test-2964,0.005130508507126714
test-29640,0.10637607359550627
test-29641,0.1394463013726253
test-29642,0.2756611667381499
test-29643,0.18694302148925537
test-29644,0.1391963256738147
test-29645,0.22778739739758228
test-29646,0.012991046709733545
test-29647,0.2677074968192157
test-29648,0.01942546682389033
test-29649,0.010143257771975183
test-2965,0.02874157781611735
test-29650,0.007052143347503051
test-29651,0.019460612128693253
test-29652,0.2501957654646222
test-29653,0.037654391908090744
test-29654,0.1642990262757646
test-29655,0.01566893965262414
test-29656,0.025755007045346147
test-29657,0.011379685582784245
test-29658,0.016160909900064323
test-29659,0.037802933463891165
test-2966,0.20820921626916375
test-29660,0.030730110071673873
test-29661,0.10042069021729816
test-29662,0.10167572034203927
test-29663,0.014080232656244744
test-29664,0.10687662180815442
test-29665,0.011249017373407385
test-29666,0.15208482657425365
test-29667,0.07179291916395301
test-29668,0.008029326362355045
test-29669,0.22998476004784082
test-2967,0.032095710356415834
test-29670,0.012933229271489925
test-29671,0.013125155838904338
test-29672,0.016605318433062018
test-29673,0.0366330880155606
test-29674,0.008577630050067052
test-29675,0.02451389521477407
test-29676,0.2077399014379828
test-29677,0.03990040040441687
test-29678,0.01692415391176026
test-29679,0.010730920262484352
test-2968,0.0501791865004592
test-29680,0.0734238194770512
test-29681,0.028665672615625498
test-29682,0.021781529174126353
test-29683,0.2585386406548888
test-29684,0.017079055827678505
test-29685,0.009538998399251233
test-29686,0.037727005467886716
test-29687,0.015743771771510276
test-29688,0.012612848415387165
test-29689,0.2025744976289585
test-2969,0.07512180394517347
test-29690,0.06854068642831915
test-29691,0.0064699230389817595
test-29692,0.18014930175737848
test-29693,0.007748129971488833
test-29694,0.15594400338548858
test-29695,0.008313406150048297
test-29696,0.13775918575813118
test-29697,0.016468774222748377
test-29698,0.11600036796541367
test-29699,0.16337076005542642
test-297,0.041181660624850056
test-2970,0.026408172011835904
test-29700,0.012944362189490218
test-29701,0.014156909283386268
test-29702,0.059511008469637
test-29703,0.12756464018589395
test-29704,0.06301435166905395
test-29705,0.21663005549954117
test-29706,0.03957797408190487
test-29707,0.039056486816039286
test-29708,0.02097540592519649
test-29709,0.02457860322330235
test-2971,0.011596415441133571
test-29710,0.04455879549956729
test-29711,0.009328593077065213
test-29712,0.07859197714629405
test-29713,0.03299831241830502
test-29714,0.021698664605298852
test-29715,0.05036434181547101
test-29716,0.038289474168875605
test-29717,0.1514606057694021
test-29718,0.10509029641039076
test-29719,0.023094432725483935
test-2972,0.009501418558876843
test-29720,0.02909287992778067
test-29721,0.019903508786095918
test-29722,0.09781581255081619
test-29723,0.08477248985216705
test-29724,0.037486638302877136
test-29725,0.04699203405469257
test-29726,0.11264622174801106
test-29727,0.01646373231857512
test-29728,0.014190680401017678
test-29729,0.020395328642747085
test-2973,0.030081985224654183
test-29730,0.2271947477861206
test-29731,0.02846068657533055
test-29732,0.07995118387683771
test-29733,0.032806820423807226
test-29734,0.04885534201846292
test-29735,0.02154793276184191
test-29736,0.02862726667435408
test-29737,0.025310327925789952
test-29738,0.15237627567927647
test-29739,0.019812746599548167
test-2974,0.13157402283001324
test-29740,0.008309180459622124
test-29741,0.012641155315920888
test-29742,0.014034336915787935
test-29743,0.058128449677796
test-29744,0.014760699211520987
test-29745,0.09103887112838378
test-29746,0.016897084809181166
test-29747,0.247374387070062
test-29748,0.24555321281612957
test-29749,0.02237207512070724
test-2975,0.108405310198138
test-29750,0.1805069643604411
test-29751,0.030860211436749246
test-29752,0.1416616068951964
test-29753,0.01078919968754844
test-29754,0.09787796055403811
test-29755,0.17645226684991447
test-29756,0.2528351114713763
test-29757,0.027813193301666313
test-29758,0.01040299385620245
test-29759,0.018265722379569898
test-2976,0.06037000069892804
test-29760,0.09056026147693642
test-29761,0.023529249498726874
test-29762,0.009737027601908308
test-29763,0.18711866616394
test-29764,0.009767748072561302
test-29765,0.008651415063227351
test-29766,0.10896319091523335
test-29767,0.010601643680195658
test-29768,0.01512796866075026
test-29769,0.31550847351172256
test-2977,0.0123727300054905
test-29770,0.2498709948199503
test-29771,0.02824049493649111
test-29772,0.027807969963592027
test-29773,0.0531787919942981
test-29774,0.038979474065678595
test-29775,0.028797081939130706
test-29776,0.2840376457057505
test-29777,0.03408433819457796
test-29778,0.070066979153554
test-29779,0.03722409964420418
test-2978,0.11661419632701749
test-29780,0.029142684230977208
test-29781,0.10245829130435775
test-29782,0.02008519454192422
test-29783,0.09673533330374554
test-29784,0.024378004309351952
test-29785,0.013040761634848368
test-29786,0.03167022537117222
test-29787,0.1377372140906682
test-29788,0.03653035855443295
test-29789,0.059501922873155644
test-2979,0.023908622283035225
test-29790,0.008453896783051624
test-29791,0.22762527293127646
test-29792,0.02404313757905684
test-29793,0.08459351736650586
test-29794,0.1404090952861062
test-29795,0.04168615789021439
test-29796,0.010279338943222296
test-29797,0.15366254227189804
test-29798,0.013576905346874656
test-29799,0.017816205450150783
test-298,0.1103054823673889
test-2980,0.05760855983969192
test-29800,0.03253783055702789
test-29801,0.007149959931697672
test-29802,0.06107244868006746
test-29803,0.007595891938131869
test-29804,0.05939280065135321
test-29805,0.04272306358970561
test-29806,0.03030511234678184
test-29807,0.06803412447426488
test-29808,0.10534781676746847
test-29809,0.009355552181193558
test-2981,0.19425647238535665
test-29810,0.026551992448463735
test-29811,0.02168380441793656
test-29812,0.0639168731595863
test-29813,0.07434032828499391
test-29814,0.027802238468958258
test-29815,0.007905652114392129
test-29816,0.006721193337004338
test-29817,0.016116599343000887
test-29818,0.1083819733107736
test-29819,0.30902669917001296
test-2982,0.02266255177198832
test-29820,0.07896917855603469
test-29821,0.02510496719577298
test-29822,0.0163143980718272
test-29823,0.048340787811313714
test-29824,0.06983136155849988
test-29825,0.01585346313800316
test-29826,0.06673424454025005
test-29827,0.05809930576087439
test-29828,0.2563927088917636
test-29829,0.12071972549386906
test-2983,0.17477008136934374
test-29830,0.21353484191548155
test-29831,0.0792877012563818
test-29832,0.029472864225748803
test-29833,0.17275284238919542
test-29834,0.09721604958633295
test-29835,0.1711499514316575
test-29836,0.10528953572381011
test-29837,0.027400934972437504
test-29838,0.10275240819450426
test-29839,0.2136136316658128
test-2984,0.011535231176133275
test-29840,0.07799433853261355
test-29841,0.015464844067314583
test-29842,0.09787796055403811
test-29843,0.012750078353881809
test-29844,0.041644692851619175
test-29845,0.12464065141340588
test-29846,0.010323007919391882
test-29847,0.040079718220788735
test-29848,0.008996097508991755
test-29849,0.01983100495770939
test-2985,0.13042844516474034
test-29850,0.0810123117055336
test-29851,0.09119339770255026
test-29852,0.04986416521492984
test-29853,0.012518842846587348
test-29854,0.09787796055403811
test-29855,0.06263075236528576
test-29856,0.25533729272419076
test-29857,0.12908466791821094
test-29858,0.027182597067929644
test-29859,0.028562276380827197
test-2986,0.009387670886653194
test-29860,0.2419795171371375
test-29861,0.07896917855603469
test-29862,0.02174488752680452
test-29863,0.13660517302433542
test-29864,0.1632208290496215
test-29865,0.06352983436311137
test-29866,0.20355115739482127
test-29867,0.03810518774156115
test-29868,0.04351951037098632
test-29869,0.029235299415940094
test-2987,0.04267063360955405
test-29870,0.139109479425811
test-29871,0.03421103671823191
test-29872,0.15173277861402282
test-29873,0.0421182655116236
test-29874,0.05009791344182169
test-29875,0.12083038753400402
test-29876,0.020907879072660097
test-29877,0.315107226151039
test-29878,0.08455210142664883
test-29879,0.013520138498108259
test-2988,0.08742981472721043
test-29880,0.015644184775303518
test-29881,0.056410994130509484
test-29882,0.02902881635790882
test-29883,0.24265830846138461
test-29884,0.02120705946489701
test-29885,0.030900497886565636
test-29886,0.06933945528441951
test-29887,0.10962794898894318
test-29888,0.3577571581867639
test-29889,0.123817286149575
test-2989,0.05892240047887453
test-29890,0.013793074529728966
test-29891,0.07765548192385864
test-29892,0.018279445054443205
test-29893,0.05300850836775767
test-29894,0.013510521828171848
test-29895,0.08578258173980717
test-29896,0.015978315392525925
test-29897,0.14357018715524497
test-29898,0.03322932575539316
test-29899,0.0768494509543275
test-299,0.07020237278066464
test-2990,0.059001435980009224
test-29900,0.012839121869208391
test-29901,0.031153033152155334
test-29902,0.2686961832848896
test-29903,0.027592745672512155
test-29904,0.22423088341875327
test-29905,0.12663596937894922
test-29906,0.015229256364803543
test-29907,0.22108364949610404
test-29908,0.2514750082362185
test-29909,0.007173602114954377
test-2991,0.00692986425501343
test-29910,0.029748975976944685
test-29911,0.3823392313060267
test-29912,0.17820205542073778
test-29913,0.011615682508973171
test-29914,0.1648927788847763
test-29915,0.0249339715297999
test-29916,0.015091907869000068
test-29917,0.12453316027320857
test-29918,0.1845915650692986
test-29919,0.026573036685805806
test-2992,0.022809227291219883
test-29920,0.17304689575379814
test-29921,0.05525001282550807
test-29922,0.04858842620106598
test-29923,0.011827300792703688
test-29924,0.02569843118246945
test-29925,0.017402923125412428
test-29926,0.021502664045567714
test-29927,0.021981164036717984
test-29928,0.17764700005948808
test-29929,0.014492305905803754
test-2993,0.08704405757738395
test-29930,0.011580192303215194
test-29931,0.17740253453243437
test-29932,0.012089591290699631
test-29933,0.3196410122164021
test-29934,0.020446234033832653
test-29935,0.016028302057083155
test-29936,0.016180410166017498
test-29937,0.010783522248820761
test-29938,0.16695447271917302
test-29939,0.021811234530934618
test-2994,0.010605186503950629
test-29940,0.00885714230540158
test-29941,0.16722048983758264
test-29942,0.14045666954397498
test-29943,0.19144349484651135
test-29944,0.016583602246383007
test-29945,0.01949728251298874
test-29946,0.3478730879481
test-29947,0.09216332279287733
test-29948,0.14769338921920827
test-29949,0.17054925267220536
test-2995,0.021444615924330338
test-29950,0.04302719193125186
test-29951,0.09590831217591261
test-29952,0.01502018554476196
test-29953,0.010500518160404093
test-29954,0.011150118139152978
test-29955,0.05339307069340168
test-29956,0.010746940473996111
test-29957,0.17909856925714268
test-29958,0.016340440800913528
test-29959,0.018491688872240123
test-2996,0.011915342082579017
test-29960,0.016925905387990596
test-29961,0.024314463359629005
test-29962,0.2335469518074356
test-29963,0.038561789717409506
test-29964,0.13803091694814948
test-29965,0.01555358504203151
test-29966,0.18224080799940082
test-29967,0.3388281290462991
test-29968,0.013269945488656797
test-29969,0.14660621249274897
test-2997,0.010651974342983341
test-29970,0.012138872570387262
test-29971,0.03155358373482753
test-29972,0.043467601746643526
test-29973,0.03953945348583498
test-29974,0.01943254956782559
test-29975,0.2527300227400044
test-29976,0.2141653751796282
test-29977,0.03656967077104254
test-29978,0.10870405692770219
test-29979,0.006256674802518273
test-2998,0.11436371500578224
test-29980,0.022454204636410274
test-29981,0.1945826292669805
test-29982,0.13832968378974558
test-29983,0.0370097734501131
test-29984,0.25267741419196754
test-29985,0.13765767179496644
test-29986,0.10712930505460157
test-29987,0.02659882516157662
test-29988,0.019545993903525995
test-29989,0.02154824243278049
test-2999,0.13077006073215902
test-29990,0.021989537517357417
test-29991,0.04436925249107653
test-29992,0.019621272767165538
test-29993,0.08388527215777881
test-29994,0.04315587774234556
test-29995,0.4021017899220894
test-29996,0.019637822993681046
test-29997,0.027859500807370763
test-29998,0.03991427570930743
test-29999,0.0669392073111586
test-3,0.18084768940444362
test-30,0.061983316739459
test-300,0.010122586888323536
test-3000,0.2616109102335416
test-30000,0.03174765387007873
test-30001,0.07825990014690709
test-30002,0.0067562479248718344
test-30003,0.19214333285402532
test-30004,0.011915408427306316
test-30005,0.04422261233041618
test-30006,0.01734902462597883
test-30007,0.07736971131561239
test-30008,0.028910124163648566
test-30009,0.09787796055403811
test-3001,0.16459558440506897
test-30010,0.02855997968613916
test-30011,0.02088145030463559
test-30012,0.12663596937894922
test-30013,0.09387088006012015
test-30014,0.19905928878220697
test-30015,0.1320666732093598
test-30016,0.015040909449300465
test-30017,0.053388371215399105
test-30018,0.02532323741889824
test-30019,0.009826666665175085
test-3002,0.11516421645416547
test-30020,0.04252105837468247
test-30021,0.1090208917933421
test-30022,0.18296556222239257
test-30023,0.011652705084421608
test-30024,0.06217335612280836
test-30025,0.012027184749387512
test-30026,0.035530709437698954
test-30027,0.29803241324788987
test-30028,0.02202893817992769
test-30029,0.22768813890179787
test-3003,0.009611023849211937
test-30030,0.13775918575813118
test-30031,0.11709343371842393
test-30032,0.1869213515024209
test-30033,0.014055601955391184
test-30034,0.013384139965316998
test-30035,0.18939200120472818
test-30036,0.013764335503063364
test-30037,0.0203539526822755
test-30038,0.037499901645070374
test-30039,0.05863271844272284
test-3004,0.014624029120755213
test-30040,0.06708956057718889
test-30041,0.021943156355399795
test-30042,0.07362735097617276
test-30043,0.014373814663533477
test-30044,0.005939173172285305
test-30045,0.11543498080582862
test-30046,0.017896388966115017
test-30047,0.31448855533340414
test-30048,0.01188571593250187
test-30049,0.03163120257924971
test-3005,0.020464340041205252
test-30050,0.35088160076040686
test-30051,0.01187522510878402
test-30052,0.019096474002730263
test-30053,0.2040446359653352
test-30054,0.038664702324601945
test-30055,0.25442283393946014
test-30056,0.00885648901840985
test-30057,0.04832774085104765
test-30058,0.09435854111353265
test-30059,0.0742236871993188
test-3006,0.010750596148204944
test-30060,0.006232924124234133
test-30061,0.29079850129535717
test-30062,0.11197286736974313
test-30063,0.09860381645007209
test-30064,0.10581347947925628
test-30065,0.12337803844439868
test-30066,0.0380957092077338
test-30067,0.009351547975542168
test-30068,0.024989406982021865
test-30069,0.10548376603437636
test-3007,0.007071359265855673
test-30070,0.01736329792130281
test-30071,0.09860381645007209
test-30072,0.012649968801626924
test-30073,0.00806952064220672
test-30074,0.2710222279943311
test-30075,0.34739444745433473
test-30076,0.15615398544356107
test-30077,0.09787796055403811
test-30078,0.19872666971537592
test-30079,0.013284128572256863
test-3008,0.1347375632778319
test-30080,0.04049860151896432
test-30081,0.13919012465966588
test-30082,0.06420381401125601
test-30083,0.1784059196556334
test-30084,0.04201587544696237
test-30085,0.03845872435369771
test-30086,0.012073192117306022
test-30087,0.03409903900508733
test-30088,0.009853810826414127
test-30089,0.16119499084134892
test-3009,0.015940076875914623
test-30090,0.1644405115679209
test-30091,0.022874978323549112
test-30092,0.19033192473389812
test-30093,0.01031789590570556
test-30094,0.01734339194779329
test-30095,0.40747043643706954
test-30096,0.1699839387370069
test-30097,0.2279181639604395
test-30098,0.01347268385179018
test-30099,0.13844485831116107
test-301,0.015510349657810943
test-3010,0.020326925527182994
test-30100,0.0112708895707186
test-30101,0.1838783801457479
test-30102,0.11549103045640084
test-30103,0.22806486925918584
test-30104,0.030747289315841506
test-30105,0.013168220412671268
test-30106,0.008839574146107922
test-30107,0.025018510099855597
test-30108,0.011623349144823157
test-30109,0.05127087576167805
test-3011,0.28284428406270107
test-30110,0.029412910132398936
test-30111,0.1959400188348473
test-30112,0.07051189215887362
test-30113,0.011960621036229059
test-30114,0.09387168081407993
test-30115,0.17637814904907353
test-30116,0.029352246102526514
test-30117,0.02624913656356618
test-30118,0.01728389846082881
test-30119,0.1910324596128437
test-3012,0.2835981865129702
test-30120,0.20910431669470952
test-30121,0.31636435303136823
test-30122,0.3853500123223105
test-30123,0.04845093709297363
test-30124,0.03893338336791353
test-30125,0.0420839825481661
test-30126,0.17561513045256907
test-30127,0.03245081143913416
test-30128,0.26902637861339795
test-30129,0.02876013133765449
test-3013,0.14633274465163862
test-30130,0.010135514206407863
test-30131,0.04041802562864302
test-30132,0.24084579918263105
test-30133,0.011173691066246001
test-30134,0.2608242434150486
test-30135,0.02831044914218757
test-30136,0.0370178999960362
test-30137,0.009918977860024034
test-30138,0.025081238156289095
test-30139,0.13818888674533258
test-3014,0.012105798664125613
test-30140,0.009911104897601945
test-30141,0.07736971131561239
test-30142,0.18262844240160467
test-30143,0.2834445194846689
test-30144,0.1131544532039118
test-30145,0.028091475470488524
test-30146,0.1313395705021038
test-30147,0.029938427210117434
test-30148,0.05368058579374111
test-30149,0.1967211845031536
test-3015,0.009053579039885594
test-30150,0.04385716445161976
test-30151,0.05015468531813707
test-30152,0.05118377301680786
test-30153,0.011379685582784245
test-30154,0.05368058579374111
test-30155,0.018628539040674744
test-30156,0.19987093351724938
test-30157,0.057365439920438285
test-30158,0.012962765446716897
test-30159,0.026530715796733027
test-3016,0.011973510057934792
test-30160,0.08973304548683918
test-30161,0.028594044682473237
test-30162,0.1689963718990973
test-30163,0.2509442053229949
test-30164,0.016379142098008847
test-30165,0.06033373864228311
test-30166,0.3655113239938006
test-30167,0.2907196952847371
test-30168,0.02368892348232247
test-30169,0.011524218694769568
test-3017,0.015842399365244723
test-30170,0.1402675007122712
test-30171,0.0222912544378901
test-30172,0.004281057534533165
test-30173,0.0669392073111586
test-30174,0.013989875449759624
test-30175,0.01842136949298803
test-30176,0.01995089253203645
test-30177,0.03583805997628452
test-30178,0.11716040746657137
test-30179,0.19058418737146657
test-3018,0.05400256287771402
test-30180,0.023474581353421117
test-30181,0.0308556379481795
test-30182,0.044805359221583026
test-30183,0.04956221459955939
test-30184,0.09900314305596485
test-30185,0.39476961412711326
test-30186,0.0669392073111586
test-30187,0.07564187602682827
test-30188,0.011097329573176593
test-30189,0.03356989327243176
test-3019,0.058145825712093355
test-30190,0.011530256873123477
test-30191,0.04699203405469257
test-30192,0.006370205894054222
test-30193,0.015145197850643463
test-30194,0.17645226684991447
test-30195,0.050671870434150994
test-30196,0.41727580565738814
test-30197,0.03271248164303256
test-30198,0.018467812212115037
test-30199,0.11378154905890729
test-302,0.1995775743161228
test-3020,0.025601385265018723
test-30200,0.021416574249079206
test-30201,0.06435580901892925
test-30202,0.2964742944529993
test-30203,0.10162960458075115
test-30204,0.14076111785528153
test-30205,0.02551029166439232
test-30206,0.07097412885645901
test-30207,0.027196825730237004
test-30208,0.03695150719989254
test-30209,0.008416174366456418
test-3021,0.028446203090994764
test-30210,0.02067316541452633
test-30211,0.015430776728622055
test-30212,0.06612965208997283
test-30213,0.009331882766844806
test-30214,0.009151650673356835
test-30215,0.10734157745244273
test-30216,0.07977282788451046
test-30217,0.20884736528337905
test-30218,0.11803087843920418
test-30219,0.09787796055403811
test-3022,0.0746661230701619
test-30220,0.18334334173246297
test-30221,0.03786007027405641
test-30222,0.054771905453208126
test-30223,0.02089901548486473
test-30224,0.03902516233390028
test-30225,0.031746864855023614
test-30226,0.018368208641024574
test-30227,0.054240368834143814
test-30228,0.028703508075175424
test-30229,0.025525917838490175
test-3023,0.016131368946674374
test-30230,0.210649272390982
test-30231,0.23534420852223048
test-30232,0.02397135387882652
test-30233,0.020805833090683717
test-30234,0.012524114390058315
test-30235,0.05339307069340168
test-30236,0.19223629015831384
test-30237,0.00946485126332358
test-30238,0.11709343371842393
test-30239,0.0822190657566036
test-3024,0.09454993843762102
test-30240,0.011206606047868897
test-30241,0.24143877553684592
test-30242,0.15294058385679504
test-30243,0.05421990094976369
test-30244,0.10652839591813801
test-30245,0.010094692488675285
test-30246,0.026018025771934773
test-30247,0.09101874476654133
test-30248,0.09444902896337683
test-30249,0.16971367934928647
test-3025,0.04992393939329456
test-30250,0.04171640118110272
test-30251,0.026675631720101133
test-30252,0.03281653423827879
test-30253,0.01112405784413733
test-30254,0.0191660074480054
test-30255,0.020184049019556536
test-30256,0.017873819949936143
test-30257,0.08210262902577652
test-30258,0.02365318957879279
test-30259,0.17663952434449748
test-3026,0.06752092589325263
test-30260,0.21611888250711261
test-30261,0.09910533267239044
test-30262,0.11512351736983528
test-30263,0.04263895132516857
test-30264,0.014109693186316342
test-30265,0.14660621249274897
test-30266,0.09867308977504771
test-30267,0.03641431320796769
test-30268,0.04487040073065628
test-30269,0.1384710953501015
test-3027,0.2607279206326111
test-30270,0.12958919782220565
test-30271,0.2372945227188057
test-30272,0.014435862864663215
test-30273,0.03516267237917686
test-30274,0.041779924811524004
test-30275,0.26905772254220034
test-30276,0.014033467002323144
test-30277,0.1727492342491341
test-30278,0.1861899114326862
test-30279,0.007941880632707052
test-3028,0.011758520529706424
test-30280,0.01581191320825206
test-30281,0.036592687707977335
test-30282,0.028237705043579097
test-30283,0.0794826081265556
test-30284,0.05019625104706928
test-30285,0.17665796699642014
test-30286,0.07038102628856446
test-30287,0.260174865823257
test-30288,0.09935827897756952
test-30289,0.018883485516174796
test-3029,0.02831559161830419
test-30290,0.020973776926004245
test-30291,0.016951065287437516
test-30292,0.2571021175239181
test-30293,0.0075403671249036335
test-30294,0.18764661079443776
test-30295,0.10536870108950268
test-30296,0.1076471488550392
test-30297,0.20096791560361138
test-30298,0.02874157781611735
test-30299,0.03700844570100515
test-303,0.09456466912495104
test-3030,0.024953578225078005
test-30300,0.02876166903721604
test-30301,0.05318798506098278
test-30302,0.009009688059053965
test-30303,0.032240426658071995
test-30304,0.09279198626670025
test-30305,0.04371739997126556
test-30306,0.06803412447426488
test-30307,0.03858713369232722
test-30308,0.08502319120238647
test-30309,0.035235792262177316
test-3031,0.16177594340288567
test-30310,0.16453659285094338
test-30311,0.07777302314600841
test-30312,0.013400574628186125
test-30313,0.09787796055403811
test-30314,0.28395496788566144
test-30315,0.035915916671061476
test-30316,0.1682745718798708
test-30317,0.01031789590570556
test-30318,0.0312991083628104
test-30319,0.03291411129376766
test-3032,0.011757601637059772
test-30320,0.053546231415154244
test-30321,0.03562798081380685
test-30322,0.032818516991469655
test-30323,0.021912278809305873
test-30324,0.35572425954383946
test-30325,0.047702102118201056
test-30326,0.01739874338150285
test-30327,0.0888687870523802
test-30328,0.33605751195913636
test-30329,0.024376350472286847
test-3033,0.16695447271917302
test-30330,0.010745448128978348
test-30331,0.028764526117268947
test-30332,0.0466223596301052
test-30333,0.08840837631459682
test-30334,0.058025194501630024
test-30335,0.06865851085462694
test-30336,0.08146383938897099
test-30337,0.013557074641511057
test-30338,0.011293844091785752
test-30339,0.06803412447426488
test-3034,0.013432292608328011
test-30340,0.014066762122232337
test-30341,0.07361080779200008
test-30342,0.023348696449364725
test-30343,0.12460507488050093
test-30344,0.011017441540376597
test-30345,0.2136969564154438
test-30346,0.07896917855603469
test-30347,0.010928707428007384
test-30348,0.08813097348247731
test-30349,0.12269434231586167
test-3035,0.2723198976244909
test-30350,0.029235299415940094
test-30351,0.030086000959980555
test-30352,0.17768783302145982
test-30353,0.00716330446110865
test-30354,0.044499235636334844
test-30355,0.21596594821520984
test-30356,0.035909558546956995
test-30357,0.02769677507641612
test-30358,0.3363376038367579
test-30359,0.05437569200427133
test-3036,0.010948002620202601
test-30360,0.19941808999919572
test-30361,0.1842387109358415
test-30362,0.0687732139720173
test-30363,0.1012496452009206
test-30364,0.021953124017890187
test-30365,0.04973803027372902
test-30366,0.08259034052114675
test-30367,0.0148203995430191
test-30368,0.2757794329095025
test-30369,0.0328840515884818
test-3037,0.030538473088837344
test-30370,0.01644443832879783
test-30371,0.014399707778487845
test-30372,0.012740286633150789
test-30373,0.023879844894320254
test-30374,0.011459911577970624
test-30375,0.017533523634030237
test-30376,0.022741523500125926
test-30377,0.2987212414715929
test-30378,0.1505698445299812
test-30379,0.09219236325278243
test-3038,0.019933032170278975
test-30380,0.03607081937265486
test-30381,0.21768066281542814
test-30382,0.14584971832814003
test-30383,0.02532217862557605
test-30384,0.05665642109624004
test-30385,0.2148697308107794
test-30386,0.00915387101593786
test-30387,0.10098195228534552
test-30388,0.06259100480523434
test-30389,0.10916965256041831
test-3039,0.2600650582796501
test-30390,0.013136399643543377
test-30391,0.05719864008763088
test-30392,0.08890115724917734
test-30393,0.0216416101460342
test-30394,0.03146832615534869
test-30395,0.18043614825057416
test-30396,0.1228404685843466
test-30397,0.009055250288493964
test-30398,0.013772540548109393
test-30399,0.07569367751831951
test-304,0.03080334534791645
test-3040,0.08676426786931425
test-30400,0.02164965960335812
test-30401,0.1589022457498061
test-30402,0.05890049613815547
test-30403,0.18538006172839244
test-30404,0.028050248177079552
test-30405,0.18976151686563303
test-30406,0.006571462263563088
test-30407,0.022596153592332476
test-30408,0.07339018823190428
test-30409,0.023838011302866183
test-3041,0.2682704300199056
test-30410,0.031149727427266374
test-30411,0.018213322654915428
test-30412,0.02173829713666575
test-30413,0.009351547975542168
test-30414,0.012565655141139678
test-30415,0.10564693651409658
test-30416,0.03611663395578433
test-30417,0.07896917855603469
test-30418,0.019110710310681494
test-30419,0.03849385307396757
test-3042,0.03167663658381392
test-30420,0.008983523354926885
test-30421,0.13775918575813118
test-30422,0.14788031393498535
test-30423,0.027977201318274778
test-30424,0.08321202448433407
test-30425,0.14798922654292254
test-30426,0.04018881523334745
test-30427,0.014922004597146779
test-30428,0.034462792400414846
test-30429,0.039743780770215224
test-3043,0.11581811231158001
test-30430,0.02417992471421147
test-30431,0.07025017686456109
test-30432,0.1603089404471374
test-30433,0.07382005570899727
test-30434,0.07796934744318088
test-30435,0.1607830156326564
test-30436,0.16594878928776685
test-30437,0.016419442855305846
test-30438,0.037936102894785044
test-30439,0.15091382629515546
test-3044,0.05187346199436723
test-30440,0.00925499976687836
test-30441,0.015958321291967892
test-30442,0.1843922429583891
test-30443,0.01573139116913226
test-30444,0.11493338000037974
test-30445,0.013074354606400518
test-30446,0.3181656467829937
test-30447,0.018070324526038208
test-30448,0.016930375277310984
test-30449,0.3793967791350369
test-3045,0.3034825355251072
test-30450,0.01614848536816466
test-30451,0.05982254007884337
test-30452,0.07255928899947263
test-30453,0.034462792400414846
test-30454,0.2587806466152034
test-30455,0.014012751616640076
test-30456,0.17214948261006383
test-30457,0.07896917855603469
test-30458,0.029129000577523205
test-30459,0.008585193676039571
test-3046,0.012138647860096222
test-30460,0.14631258007733608
test-30461,0.25980242509967777
test-30462,0.026320867298807518
test-30463,0.013691643498537498
test-30464,0.40674954881879777
test-30465,0.027035000209589127
test-30466,0.14097208086241092
test-30467,0.010401054848871686
test-30468,0.05087438476850005
test-30469,0.14780280851058517
test-3047,0.012786807602502814
test-30470,0.007164653140379086
test-30471,0.13765013193208855
test-30472,0.16913142050694852
test-30473,0.013002090664451342
test-30474,0.04962169609259522
test-30475,0.1593722543377526
test-30476,0.12758786262445412
test-30477,0.09787796055403811
test-30478,0.2841424532080159
test-30479,0.15505776979249236
test-3048,0.09387137570338283
test-30480,0.11361663595679766
test-30481,0.0143632518024536
test-30482,0.017719355149768044
test-30483,0.1610971876419142
test-30484,0.01649229098180585
test-30485,0.03280236076672631
test-30486,0.11890417487470603
test-30487,0.029905946713622712
test-30488,0.010144588160636197
test-30489,0.1506285860044141
test-3049,0.039056486816039286
test-30490,0.02367763130496294
test-30491,0.19565619487601724
test-30492,0.018670490792297708
test-30493,0.02288749670411362
test-30494,0.08227449316788707
test-30495,0.04640108136610512
test-30496,0.008109794349158138
test-30497,0.33141803274691434
test-30498,0.02376762326804837
test-30499,0.14982216184153577
test-305,0.020056826259012065
test-3050,0.042351498049399444
test-30500,0.06807277471988875
test-30501,0.024924397043732786
test-30502,0.01699757612541572
test-30503,0.20124490602588832
test-30504,0.39794165352189004
test-30505,0.04747548869352651
test-30506,0.011699930313654617
test-30507,0.21360908043564025
test-30508,0.04979375052851576
test-30509,0.06130866283950834
test-3051,0.0737035678997225
test-30510,0.013570032350972018
test-30511,0.038287735319688224
test-30512,0.22817485570116275
test-30513,0.037299206473020326
test-30514,0.015514309943200636
test-30515,0.15788363281899145
test-30516,0.01065039375598736
test-30517,0.2560180994842756
test-30518,0.04652789477264208
test-30519,0.2578727466054428
test-3052,0.01637697474636509
test-30520,0.2156626984432511
test-30521,0.050082447180824705
test-30522,0.19659948085642018
test-30523,0.0182569670974275
test-30524,0.015692672579196223
test-30525,0.11785010061866887
test-30526,0.0846182167635542
test-30527,0.22034953979426267
test-30528,0.035164321187711525
test-30529,0.04305098493546306
test-3053,0.01129796531464506
test-30530,0.286758838958622
test-30531,0.023128428311246008
test-30532,0.039056486816039286
test-30533,0.25541852355787653
test-30534,0.007584557525177105
test-30535,0.08004141147241343
test-30536,0.011427348358220124
test-30537,0.029296525987185445
test-30538,0.0669392073111586
test-30539,0.010865154306093174
test-3054,0.07958009128105223
test-30540,0.014719252651599124
test-30541,0.10798464076160268
test-30542,0.02793329660171872
test-30543,0.04475351461529831
test-30544,0.32478402590399963
test-30545,0.09380320116098717
test-30546,0.0597772473293367
test-30547,0.03796570591488063
test-30548,0.2821515413191359
test-30549,0.06983136155849988
test-3055,0.2608606113982203
test-30550,0.17839559737897584
test-30551,0.19576208967903264
test-30552,0.21294314403443773
test-30553,0.009482856086595772
test-30554,0.026831091255315936
test-30555,0.01229160343772414
test-30556,0.04247980001859572
test-30557,0.01943249142312068
test-30558,0.028230058915230106
test-30559,0.012672732661185356
test-3056,0.07673817027810838
test-30560,0.024381681974348368
test-30561,0.006250531289235153
test-30562,0.19385108497186285
test-30563,0.006367119362615321
test-30564,0.08854288450620207
test-30565,0.035159421150281846
test-30566,0.3026637967048583
test-30567,0.009171553096020099
test-30568,0.009918851392216462
test-30569,0.019014746892206807
test-3057,0.007531845753903617
test-30570,0.18710005249115103
test-30571,0.1487072108442947
test-30572,0.024903070684411072
test-30573,0.014031764945029956
test-30574,0.021086312373494412
test-30575,0.0813432245270749
test-30576,0.15225046121868552
test-30577,0.018963755619090132
test-30578,0.03575510299611665
test-30579,0.0810458306972849
test-3058,0.02377949946421687
test-30580,0.12614711902775436
test-30581,0.12663596937894922
test-30582,0.1501655086081887
test-30583,0.07269990825508393
test-30584,0.031191787002470186
test-30585,0.22150228901399546
test-30586,0.03873452308514615
test-30587,0.03081069740355039
test-30588,0.011946411849409443
test-30589,0.03653801313007764
test-3059,0.2230039970727549
test-30590,0.03957797408190487
test-30591,0.03544080451276304
test-30592,0.01737832710922188
test-30593,0.18626632446245975
test-30594,0.07516286230527178
test-30595,0.034462792400414846
test-30596,0.3069210298661766
test-30597,0.024951087464094954
test-30598,0.14584971832814003
test-30599,0.09860381645007209
test-306,0.04906984181357477
test-3060,0.019596231435822915
test-30600,0.009509296017559685
test-30601,0.08795956586943732
test-30602,0.03419457269613086
test-30603,0.055913258804495526
test-30604,0.02813688642241617
test-30605,0.09394507126896243
test-30606,0.016869527658790243
test-30607,0.022441704909498792
test-30608,0.01267451883941553
test-30609,0.005738922849090137
test-3061,0.044892348768749014
test-30610,0.05560727947571937
test-30611,0.26431528250907177
test-30612,0.012872827246926578
test-30613,0.25425830275953704
test-30614,0.07650861692330246
test-30615,0.13531666679784343
test-30616,0.11333015522545986
test-30617,0.010444644793583233
test-30618,0.022492474340963648
test-30619,0.02403168801781399
test-3062,0.025123082431595473
test-30620,0.07984600052248031
test-30621,0.2558732721025445
test-30622,0.1368064526262009
test-30623,0.089950437289381
test-30624,0.020188385539338903
test-30625,0.17302447098728377
test-30626,0.01323817564959788
test-30627,0.08661128354520885
test-30628,0.10453375596324786
test-30629,0.20368655124824386
test-3063,0.021091585537184807
test-30630,0.11094171495979958
test-30631,0.03851091322331741
test-30632,0.1483274372853307
test-30633,0.04966213088588007
test-30634,0.05812639962868236
test-30635,0.14586815488154056
test-30636,0.07300415700059695
test-30637,0.2429794759107845
test-30638,0.2716198095852143
test-30639,0.013122250958483558
test-3064,0.004832925547049061
test-30640,0.13851636268143025
test-30641,0.014902578099072682
test-30642,0.009704116757158794
test-30643,0.025052971952445546
test-30644,0.0114145868822797
test-30645,0.031983629785031914
test-30646,0.0306874942978367
test-30647,0.06615044083752156
test-30648,0.06107244868006746
test-30649,0.02427232779697993
test-3065,0.0444320975563549
test-30650,0.011727282849562416
test-30651,0.24057048897321479
test-30652,0.25541852355787653
test-30653,0.025955555864906107
test-30654,0.04100184201971828
test-30655,0.2801255881809456
test-30656,0.05292969824131081
test-30657,0.0382290948538677
test-30658,0.02712610431248483
test-30659,0.06434657407125538
test-3066,0.19319438777168021
test-30660,0.2440899705263014
test-30661,0.22977328568110003
test-30662,0.009115466253681662
test-30663,0.07800095997440443
test-30664,0.012735384704847617
test-30665,0.11724379549730522
test-30666,0.15601602935604308
test-30667,0.01950526303127043
test-30668,0.0934920661660926
test-30669,0.010823358649941982
test-3067,0.011052531641681048
test-30670,0.05884073907621487
test-30671,0.10016106950207247
test-30672,0.04252105837468247
test-30673,0.013418794705175938
test-30674,0.027464810942393832
test-30675,0.019846488129281192
test-30676,0.1474257031211915
test-30677,0.013262616794006086
test-30678,0.025371217675539147
test-30679,0.13380987096607141
test-3068,0.012854258268487507
test-30680,0.02679136672091282
test-30681,0.19824006978424882
test-30682,0.05487776745599645
test-30683,0.1457140108598141
test-30684,0.013610626909800916
test-30685,0.14516494261651705
test-30686,0.11525576121975115
test-30687,0.021006891901688793
test-30688,0.21655001135623422
test-30689,0.18839032327357197
test-3069,0.028025768451973077
test-30690,0.015656415522110688
test-30691,0.32463395376763604
test-30692,0.20094031095820267
test-30693,0.0765176442062777
test-30694,0.19144865372868344
test-30695,0.009943785696540973
test-30696,0.11607553849948815
test-30697,0.02622159123978177
test-30698,0.3341060761161585
test-30699,0.019953539501174396
test-307,0.024694496801864876
test-3070,0.16622581905544215
test-30700,0.15591263112787526
test-30701,0.009982033654647967
test-30702,0.3032188109984031
test-30703,0.13626765445214217
test-30704,0.04582075279332601
test-30705,0.11890503619160865
test-30706,0.030472144275079216
test-30707,0.009999406341273297
test-30708,0.3136040974364507
test-30709,0.19509305363792465
test-3071,0.009644095471519582
test-30710,0.17884041838722128
test-30711,0.014736296459866283
test-30712,0.021264799040577712
test-30713,0.016506910206644607
test-30714,0.02204314474695144
test-30715,0.06354963620955258
test-30716,0.2669087087976481
test-30717,0.028927218593552274
test-30718,0.013285890149486836
test-30719,0.0707119985986715
test-3072,0.07604647832274873
test-30720,0.015482011172473071
test-30721,0.012632714166771539
test-30722,0.011884478351503797
test-30723,0.22969393145546385
test-30724,0.12669521753714805
test-30725,0.02460218532107824
test-30726,0.09959170695663841
test-30727,0.013717431906824748
test-30728,0.1256304892792548
test-30729,0.010094692488675285
test-3073,0.35843581651225154
test-30730,0.019253250468636317
test-30731,0.061577899304617906
test-30732,0.012491027164086132
test-30733,0.0332755647131703
test-30734,0.02856089519221825
test-30735,0.19934704071603476
test-30736,0.3426116950781942
test-30737,0.12460507488050093
test-30738,0.07331368848856307
test-30739,0.09813812203569602
test-3074,0.20062159814068634
test-30740,0.02195349061216936
test-30741,0.03150902760184833
test-30742,0.308589022319554
test-30743,0.16629010043329112
test-30744,0.006919996346792034
test-30745,0.008869552147112044
test-30746,0.17645226684991447
test-30747,0.04272073290214905
test-30748,0.04688163618239434
test-30749,0.013378735159696576
test-3075,0.012385793070531378
test-30750,0.021774264593311
test-30751,0.315107226151039
test-30752,0.010806778535204392
test-30753,0.3267316099443742
test-30754,0.09787796055403811
test-30755,0.12645720216746267
test-30756,0.09024786066108542
test-30757,0.1886959288050594
test-30758,0.11960677354777803
test-30759,0.01621160680882612
test-3076,0.06721393631980155
test-30760,0.035609407351303524
test-30761,0.025986330360262433
test-30762,0.19505816074367893
test-30763,0.02181844055471981
test-30764,0.18541264640674132
test-30765,0.006793447623209685
test-30766,0.0643654486464588
test-30767,0.10812230317096443
test-30768,0.3402145280861133
test-30769,0.16883390016143665
test-3077,0.04455923915287921
test-30770,0.2026209335247561
test-30771,0.03211277025086865
test-30772,0.015148212773163444
test-30773,0.1144593136138608
test-30774,0.17182159233825806
test-30775,0.014751637504639313
test-30776,0.07930421441308222
test-30777,0.04572752928641162
test-30778,0.1285727876993293
test-30779,0.03829914937039924
test-3078,0.016732652042838924
test-30780,0.09116563499066907
test-30781,0.04136114882768318
test-30782,0.018368208641024574
test-30783,0.06043498946583874
test-30784,0.05617390107579804
test-30785,0.02189360514640424
test-30786,0.009749644597631975
test-30787,0.017942506472507492
test-30788,0.020687851181157867
test-30789,0.024970344168433006
test-3079,0.20554628966016894
test-30790,0.10527188659216218
test-30791,0.014201315301945966
test-30792,0.02035195458016492
test-30793,0.23047421755446965
test-30794,0.1271567849685376
test-30795,0.022487548992525405
test-30796,0.03653600915182936
test-30797,0.030317342759192525
test-30798,0.09056928675502282
test-30799,0.011657903125624454
test-308,0.1323224672742393
test-3080,0.06259100480523434
test-30800,0.014406568555363233
test-30801,0.09711256711136307
test-30802,0.2451260159024917
test-30803,0.012185934938322488
test-30804,0.031983739217193705
test-30805,0.12462773968918281
test-30806,0.08399952825323909
test-30807,0.01341881212769561
test-30808,0.008883138337579345
test-30809,0.10896192522349406
test-3081,0.045684133564424245
test-30810,0.020778467873671377
test-30811,0.06386255384308624
test-30812,0.09455197403612205
test-30813,0.020781230343090675
test-30814,0.28560757172447687
test-30815,0.0173253327101287
test-30816,0.15703021054972474
test-30817,0.04757119622340907
test-30818,0.13127978286545425
test-30819,0.07300415700059695
test-3082,0.015104144751666554
test-30820,0.01663182289740692
test-30821,0.08240930955580555
test-30822,0.024318336370939855
test-30823,0.008795683236862837
test-30824,0.2522682757654695
test-30825,0.006412851691144523
test-30826,0.01397675103601954
test-30827,0.0846182167635542
test-30828,0.17288681894703445
test-30829,0.04293926465387102
test-3083,0.10546518198056179
test-30830,0.00976234171633495
test-30831,0.23145489665949875
test-30832,0.012821279549061159
test-30833,0.02111025350026321
test-30834,0.22888904128366017
test-30835,0.02038976854649687
test-30836,0.012584950955687528
test-30837,0.032454620124079694
test-30838,0.24579312939720416
test-30839,0.19491855321471255
test-3084,0.02178561337839285
test-30840,0.022085960386245135
test-30841,0.007412495511706783
test-30842,0.03216306617409158
test-30843,0.013551149826011574
test-30844,0.04422259333943284
test-30845,0.18224121314684838
test-30846,0.2542232218252118
test-30847,0.15757500977460123
test-30848,0.01134642418089218
test-30849,0.023082902254897786
test-3085,0.03740463470842475
test-30850,0.1387564677932596
test-30851,0.25561895904408594
test-30852,0.0869701045939155
test-30853,0.10022332301988479
test-30854,0.07736971131561239
test-30855,0.08641359945096186
test-30856,0.20810519626600243
test-30857,0.01569954802810854
test-30858,0.11389228970212582
test-30859,0.0810458306972849
test-3086,0.0185961340120642
test-30860,0.03187736723740585
test-30861,0.19282830442134674
test-30862,0.1527908173977836
test-30863,0.10893213999898937
test-30864,0.0824493599750413
test-30865,0.013769214182734947
test-30866,0.02952699604360988
test-30867,0.034805847060027886
test-30868,0.09787796055403811
test-30869,0.007178349825840459
test-3087,0.05124742979432301
test-30870,0.008287209966170822
test-30871,0.18699672313507715
test-30872,0.026882651517359284
test-30873,0.03600835984841371
test-30874,0.043969998053096475
test-30875,0.13844485831116107
test-30876,0.012623519347411924
test-30877,0.4252554837280234
test-30878,0.11350506875147148
test-30879,0.009397093497874971
test-3088,0.03662258874203421
test-30880,0.02490011830848387
test-30881,0.07896917855603469
test-30882,0.02494656584073528
test-30883,0.15404272778047992
test-30884,0.030133340738376355
test-30885,0.018287806620710084
test-30886,0.014387818301175451
test-30887,0.09362524377549346
test-30888,0.038320231681002265
test-30889,0.03248168474278937
test-3089,0.017143564815417636
test-30890,0.010936350648744096
test-30891,0.03642910321863121
test-30892,0.03668221811675644
test-30893,0.20762732894651464
test-30894,0.04475351461529831
test-30895,0.1725605681179358
test-30896,0.027417998445924033
test-30897,0.040639250758889
test-30898,0.01814653477893902
test-30899,0.022168865614235797
test-309,0.05975062914358799
test-3090,0.1679749212159091
test-30900,0.05081047805024424
test-30901,0.12663670660938758
test-30902,0.032450567558548915
test-30903,0.07799433853261355
test-30904,0.010470971584594582
test-30905,0.019400870948018515
test-30906,0.060463553829726076
test-30907,0.009477498764754079
test-30908,0.18991510865421662
test-30909,0.010992625330263
test-3091,0.008051500147992947
test-30910,0.11869022332848908
test-30911,0.20076579714671464
test-30912,0.03045829711926421
test-30913,0.15498479972974172
test-30914,0.021536144201289478
test-30915,0.15321723110388627
test-30916,0.08469207989574525
test-30917,0.12913253738235023
test-30918,0.04534827432853624
test-30919,0.02198704351679818
test-3092,0.07064927310462438
test-30920,0.1040273045222737
test-30921,0.10907614325240833
test-30922,0.0251879141468312
test-30923,0.11712953207905562
test-30924,0.02113734102874841
test-30925,0.01869672149858425
test-30926,0.015140252672518818
test-30927,0.06983136155849988
test-30928,0.02751436797595237
test-30929,0.009787409760733326
test-3093,0.008025533730045248
test-30930,0.03339331159905938
test-30931,0.35237775335586885
test-30932,0.1536347887875907
test-30933,0.12624676971341625
test-30934,0.03308451982233266
test-30935,0.007038998135846028
test-30936,0.025744251056867826
test-30937,0.06252377948562454
test-30938,0.1716572416763799
test-30939,0.13198308306904402
test-3094,0.26055531413967853
test-30940,0.024558814644291403
test-30941,0.3559553834342199
test-30942,0.06625050811315401
test-30943,0.3028394644765637
test-30944,0.11607553849948815
test-30945,0.02411361355907974
test-30946,0.023101996677882642
test-30947,0.017147017379267653
test-30948,0.04315587774234556
test-30949,0.04427161790592535
test-3095,0.153703324795548
test-30950,0.009203446510444902
test-30951,0.04890492380898484
test-30952,0.2031244006541054
test-30953,0.2943046416428923
test-30954,0.0787718604191346
test-30955,0.011561217587099583
test-30956,0.036448585408619526
test-30957,0.0327176475037165
test-30958,0.00923723455299151
test-30959,0.08781294946799593
test-3096,0.011535762425716576
test-30960,0.007317667855893138
test-30961,0.009573884586380641
test-30962,0.061803504565034494
test-30963,0.1611596472217891
test-30964,0.07154554671561687
test-30965,0.22879733623674972
test-30966,0.25744077670475574
test-30967,0.09865143086310076
test-30968,0.0809697976426257
test-30969,0.02157874685413621
test-3097,0.10250655243431826
test-30970,0.20550261594221314
test-30971,0.15548325308621216
test-30972,0.12958919782220565
test-30973,0.015203241469140667
test-30974,0.11640510268310741
test-30975,0.017905498446497508
test-30976,0.011536214869306748
test-30977,0.02501305864084081
test-30978,0.007996324942250527
test-30979,0.123817286149575
test-3098,0.02290253662897306
test-30980,0.19236924502945152
test-30981,0.30327256351549897
test-30982,0.06980830189606753
test-30983,0.02211546411548986
test-30984,0.028024283839444407
test-30985,0.12748637797291604
test-30986,0.02260278960033654
test-30987,0.021877117062839502
test-30988,0.02086837417878823
test-30989,0.022211425759443997
test-3099,0.2821515413191359
test-30990,0.01035322334217696
test-30991,0.014998950325453238
test-30992,0.015018533617101698
test-30993,0.08750886148931776
test-30994,0.01305507769484086
test-30995,0.14402884648349495
test-30996,0.019882224098508504
test-30997,0.25438247457343305
test-30998,0.007544729101596068
test-30999,0.013736972893483565
test-31,0.0321614787822833
test-310,0.009811551901944698
test-3100,0.02394940355520036
test-31000,0.17645226684991447
test-31001,0.021593076672932924
test-31002,0.1518186660957838
test-31003,0.01033073177801693
test-31004,0.01173901088197153
test-31005,0.19919244208199574
test-31006,0.06323627617762785
test-31007,0.14630662867275177
test-31008,0.06519340293792604
test-31009,0.008293727844436586
test-3101,0.034086523894094486
test-31010,0.12735720577033843
test-31011,0.013964323536617147
test-31012,0.025921612329656066
test-31013,0.07927271979270178
test-31014,0.017157743892262444
test-31015,0.1394681462453244
test-31016,0.013937372342298152
test-31017,0.05635087010248371
test-31018,0.02950520216796666
test-31019,0.009534195455119326
test-3102,0.18537389170185092
test-31020,0.057009724881908225
test-31021,0.13844485831116107
test-31022,0.007899484192530878
test-31023,0.1355503084830008
test-31024,0.278201667381778
test-31025,0.01438217822411921
test-31026,0.02376762326804837
test-31027,0.1526681883138893
test-31028,0.07984600052248031
test-31029,0.047636061527081414
test-3103,0.005590948324902465
test-31030,0.04598045583599819
test-31031,0.1387564677932596
test-31032,0.08420934589857722
test-31033,0.026558767761580827
test-31034,0.01021879527648076
test-31035,0.012404900002789071
test-31036,0.28124703875556367
test-31037,0.04475351461529831
test-31038,0.0689911106684602
test-31039,0.010621840834088759
test-3104,0.021168903045602372
test-31040,0.06247177855193048
test-31041,0.11709343371842393
test-31042,0.011727940570971538
test-31043,0.02992378660841839
test-31044,0.028562276380827197
test-31045,0.008983523354926885
test-31046,0.07460551380055326
test-31047,0.18106500582551344
test-31048,0.13602732821922767
test-31049,0.05737679280850896
test-3105,0.007026960927825094
test-31050,0.1910324596128437
test-31051,0.01210533349608702
test-31052,0.033342754673966565
test-31053,0.010918335201384076
test-31054,0.1398817640174991
test-31055,0.03706533139256917
test-31056,0.05003697088968722
test-31057,0.025639154936902893
test-31058,0.316710611002553
test-31059,0.011201630439494577
test-3106,0.11928922447744043
test-31060,0.02108314420140011
test-31061,0.1368576412123026
test-31062,0.025758818725086174
test-31063,0.25772297772782204
test-31064,0.13415201889793424
test-31065,0.04455879549956729
test-31066,0.04924820906597247
test-31067,0.03957797408190487
test-31068,0.09144747216429337
test-31069,0.2476423997227982
test-3107,0.02816496862718364
test-31070,0.024986415328129483
test-31071,0.11468893238149488
test-31072,0.02508021535110032
test-31073,0.4063727899228229
test-31074,0.030823011714587234
test-31075,0.14475957770043624
test-31076,0.009865946782531247
test-31077,0.012684947326581396
test-31078,0.2023587313293205
test-31079,0.0068734689204649965
test-3108,0.08238912248072958
test-31080,0.04732059302923095
test-31081,0.009207132296724511
test-31082,0.14886751477562524
test-31083,0.1609151766479197
test-31084,0.04097537474848924
test-31085,0.13874084125065023
test-31086,0.257183067356496
test-31087,0.018994511359313158
test-31088,0.007652846209917098
test-31089,0.015110171669920808
test-3109,0.07896917855603469
test-31090,0.051846967349202376
test-31091,0.07844856366345816
test-31092,0.3327332503145374
test-31093,0.1878712792752655
test-31094,0.05680402482876526
test-31095,0.023907366382159966
test-31096,0.15832241494154678
test-31097,0.1011414252367654
test-31098,0.027471521470755177
test-31099,0.020974539453902062
test-311,0.0737180719409479
test-3110,0.010057214961593295
test-31100,0.032961469686268216
test-31101,0.02519139771574688
test-31102,0.09482147807046463
test-31103,0.11028807378232115
test-31104,0.040036434232552064
test-31105,0.033437679633237315
test-31106,0.017120585499442127
test-31107,0.03389823664640608
test-31108,0.08867664691254376
test-31109,0.09894217917792562
test-3111,0.03021695592773624
test-31110,0.0279844196067866
test-31111,0.01761064342014444
test-31112,0.10031108226238493
test-31113,0.01605068584938878
test-31114,0.1342956497282538
test-31115,0.09473855238453437
test-31116,0.25754665304063634
test-31117,0.03777418067477202
test-31118,0.20119292790449267
test-31119,0.03010552559951328
test-3112,0.08892582482768477
test-31120,0.12418322251003519
test-31121,0.010823358649941982
test-31122,0.03403254564709647
test-31123,0.20089258962959997
test-31124,0.07958009128105223
test-31125,0.04172658267415861
test-31126,0.020088215285352925
test-31127,0.1493583010353058
test-31128,0.24122792347747563
test-31129,0.04176654903424682
test-3113,0.13089137043718307
test-31130,0.18940646353932142
test-31131,0.25527207447762684
test-31132,0.09832873634568479
test-31133,0.15989495755601776
test-31134,0.055386806759924266
test-31135,0.1588971593582569
test-31136,0.10589221720377028
test-31137,0.02400378292572449
test-31138,0.08080322359936391
test-31139,0.04995267179236872
test-3114,0.01848627803473688
test-31140,0.1388990043036937
test-31141,0.2845742477919496
test-31142,0.017702856254202547
test-31143,0.40004999018562937
test-31144,0.2280869838594138
test-31145,0.03615958827250536
test-31146,0.14061001558549746
test-31147,0.08196973207204497
test-31148,0.026363294695825
test-31149,0.007927483990179122
test-3115,0.013428843715478823
test-31150,0.264404559257958
test-31151,0.09095363519959088
test-31152,0.00977196479784685
test-31153,0.034462792400414846
test-31154,0.02740648905160002
test-31155,0.005798718627742788
test-31156,0.12506558028014114
test-31157,0.05473243408889668
test-31158,0.006696495425420407
test-31159,0.1418257465122242
test-3116,0.07301420175804575
test-31160,0.08565044556712686
test-31161,0.1693495211889661
test-31162,0.18553334550293696
test-31163,0.21812192270837022
test-31164,0.018859820341561685
test-31165,0.16695447271917302
test-31166,0.10998659784914115
test-31167,0.35598291917595726
test-31168,0.05210313940933434
test-31169,0.017658083363345022
test-3117,0.01962651591811899
test-31170,0.028796666890724902
test-31171,0.005230397289533508
test-31172,0.023142853648869054
test-31173,0.016977682220360862
test-31174,0.1475286419106999
test-31175,0.02864683451858749
test-31176,0.030489730990671253
test-31177,0.11468893238149488
test-31178,0.01031735875533727
test-31179,0.04965518259501529
test-3118,0.013442907318070909
test-31180,0.09100653616965901
test-31181,0.05947670674122276
test-31182,0.26313760263142394
test-31183,0.033373273949076576
test-31184,0.026682112298197887
test-31185,0.20240081376553773
test-31186,0.028560690976339072
test-31187,0.0669392073111586
test-31188,0.032596865985762814
test-31189,0.03600028338993304
test-3119,0.16579751223182382
test-31190,0.03009406273891304
test-31191,0.010325175883333215
test-31192,0.16695447271917302
test-31193,0.05014292150926902
test-31194,0.013551149826011574
test-31195,0.030409972040135975
test-31196,0.10032144122226198
test-31197,0.12954064052101308
test-31198,0.01682825348310016
test-31199,0.017642991670450376
test-312,0.18059068109425397
test-3120,0.01413462486055213
test-31200,0.3012783210561404
test-31201,0.05780899966924273
test-31202,0.0065390785200872825
test-31203,0.03816528203968977
test-31204,0.017186702665352258
test-31205,0.170368136675427
test-31206,0.3677147125460941
test-31207,0.023785771999704563
test-31208,0.15672523629713486
test-31209,0.009719995743466108
test-3121,0.0858619063932938
test-31210,0.16249347977440118
test-31211,0.022901984663188078
test-31212,0.0669392073111586
test-31213,0.008087714513908476
test-31214,0.16343275158528942
test-31215,0.05174709766276623
test-31216,0.030395944532392544
test-31217,0.22078431555164443
test-31218,0.044447769122246024
test-31219,0.03074126691570157
test-3122,0.11736807293846865
test-31220,0.3960949582840303
test-31221,0.1519103133624904
test-31222,0.09406164803884136
test-31223,0.05420696106458327
test-31224,0.061983316739459
test-31225,0.04093048267525721
test-31226,0.010835307705458565
test-31227,0.009579735957238066
test-31228,0.0506619721448482
test-31229,0.07259149933750374
test-3123,0.1717878827455354
test-31230,0.027288190822804897
test-31231,0.021513087454355644
test-31232,0.0670687770834143
test-31233,0.01072500491603098
test-31234,0.0618665757261839
test-31235,0.10312298183118192
test-31236,0.06807277471988875
test-31237,0.01507435177047357
test-31238,0.039650910370923116
test-31239,0.013837468095606481
test-3124,0.016950814297187693
test-31240,0.0687732139720173
test-31241,0.056664105739452776
test-31242,0.39650777858085956
test-31243,0.17932243131138859
test-31244,0.01617223722163442
test-31245,0.006099333654331814
test-31246,0.13589406334538123
test-31247,0.047811318241765904
test-31248,0.05829683522742881
test-31249,0.23643037205845405
test-3125,0.025988970580424448
test-31250,0.19955545937433553
test-31251,0.04526955701079835
test-31252,0.019266145932857248
test-31253,0.1672250319711689
test-31254,0.0699771884231699
test-31255,0.21374933679602073
test-31256,0.035611256185463
test-31257,0.017117212431209738
test-31258,0.019508312596059237
test-31259,0.009520494727944253
test-3126,0.026677718884632464
test-31260,0.039428186018893474
test-31261,0.023405145143304888
test-31262,0.21030658429411908
test-31263,0.20920168057443167
test-31264,0.18233041260119667
test-31265,0.07815063010309169
test-31266,0.02893162507250201
test-31267,0.008443481737337723
test-31268,0.22756044694902233
test-31269,0.035866940902089965
test-3127,0.0669392073111586
test-31270,0.27681190606604666
test-31271,0.0244305895982303
test-31272,0.013990452473065807
test-31273,0.038382651072094584
test-31274,0.03300356637227382
test-31275,0.044200675822435566
test-31276,0.19917353403270643
test-31277,0.0858100070502628
test-31278,0.07009034168562668
test-31279,0.12474724405596492
test-3128,0.19369498054778858
test-31280,0.010822836458230229
test-31281,0.10660021806174044
test-31282,0.013341458467498775
test-31283,0.020199145859108827
test-31284,0.02823862840541455
test-31285,0.03292872247021138
test-31286,0.3147502131079928
test-31287,0.05652636713934997
test-31288,0.023613357022477313
test-31289,0.014661866669679759
test-3129,0.08723666399312696
test-31290,0.26696766366673824
test-31291,0.21058600613574247
test-31292,0.19822761205937353
test-31293,0.2832023613824516
test-31294,0.008873316277973014
test-31295,0.03184288638455342
test-31296,0.29128708140639953
test-31297,0.029556506987692792
test-31298,0.027295806865877268
test-31299,0.07767364798037228
test-313,0.19668035612085374
test-3130,0.08412086094923281
test-31300,0.02856289572151891
test-31301,0.07278892182117214
test-31302,0.2613187777877215
test-31303,0.018342007664797155
test-31304,0.03732395223251579
test-31305,0.09724421109537372
test-31306,0.05015468531813707
test-31307,0.036567369508697815
test-31308,0.019248724163166142
test-31309,0.006571462263563088
test-3131,0.28309756851400286
test-31310,0.010824782912986995
test-31311,0.0930131044141069
test-31312,0.11058772036053532
test-31313,0.00944955563951775
test-31314,0.04380746023004172
test-31315,0.00894256432437074
test-31316,0.291949160093525
test-31317,0.04288423666466861
test-31318,0.06613128233036399
test-31319,0.29285601947937484
test-3132,0.016849177502320685
test-31320,0.023090659323461892
test-31321,0.10108352497549669
test-31322,0.16725775175328272
test-31323,0.4024062687318917
test-31324,0.027494162438829677
test-31325,0.020844739451696292
test-31326,0.008532012175017928
test-31327,0.19844463033346318
test-31328,0.04919585667761915
test-31329,0.010271233686557621
test-3133,0.011470396145430167
test-31330,0.013536410101561452
test-31331,0.28848859733885607
test-31332,0.29295262945204054
test-31333,0.007229725537544389
test-31334,0.10098069506471297
test-31335,0.1664836968147684
test-31336,0.09787796055403811
test-31337,0.18843851532037947
test-31338,0.03494197571585117
test-31339,0.00999640650158679
test-3134,0.05404032339427748
test-31340,0.31458748133394027
test-31341,0.022111231741804037
test-31342,0.015608702225460718
test-31343,0.3021893522972768
test-31344,0.023907366382159966
test-31345,0.05606433713795033
test-31346,0.02918085347034966
test-31347,0.02981386779162645
test-31348,0.19071121263002613
test-31349,0.24494107941470064
test-3135,0.07203255692251853
test-31350,0.04170008381058405
test-31351,0.14652042825181286
test-31352,0.02436403979516089
test-31353,0.04134731987422088
test-31354,0.3086174434616642
test-31355,0.28118959250341036
test-31356,0.021452901667072848
test-31357,0.16948764875643343
test-31358,0.012530376860279501
test-31359,0.024187860259656337
test-3136,0.06814497457474318
test-31360,0.05692251872772743
test-31361,0.11090597174291436
test-31362,0.09630384735440685
test-31363,0.12796851635119139
test-31364,0.023304045943039337
test-31365,0.16093563229249153
test-31366,0.056223109151630056
test-31367,0.12083038753400402
test-31368,0.057737340161198615
test-31369,0.11378069649606996
test-3137,0.2006349097984084
test-31370,0.1694232140955804
test-31371,0.14173142635474933
test-31372,0.1714857754614675
test-31373,0.11700548269545315
test-31374,0.07144809744087487
test-31375,0.2533184879128008
test-31376,0.07798626374496757
test-31377,0.013542020300680227
test-31378,0.2807114514746205
test-31379,0.24203870193259974
test-3138,0.07875208211909684
test-31380,0.03388858243739365
test-31381,0.009651261463883053
test-31382,0.16255100785319576
test-31383,0.2533854120393199
test-31384,0.0765176442062777
test-31385,0.31031435814079444
test-31386,0.3123858195856521
test-31387,0.09650639431686493
test-31388,0.1493200062553022
test-31389,0.014675783144617061
test-3139,0.07968194682286098
test-31390,0.025214291527053057
test-31391,0.03757017867817114
test-31392,0.033717972006344056
test-31393,0.010422149999981017
test-31394,0.09787796055403811
test-31395,0.08046310382999218
test-31396,0.028028113557834352
test-31397,0.1285727876993293
test-31398,0.15034905799445494
test-31399,0.17525446148637092
test-314,0.15915425807056366
test-3140,0.053341850880775386
test-31400,0.04516215199055204
test-31401,0.023529249498726874
test-31402,0.01655857394905483
test-31403,0.02733581583147356
test-31404,0.06699909737220622
test-31405,0.028323276329122734
test-31406,0.057677697906607456
test-31407,0.044658557336584005
test-31408,0.03814413283676215
test-31409,0.02523053062385694
test-3141,0.16655526264720927
test-31410,0.04544203111761074
test-31411,0.0364377453455488
test-31412,0.0181211150187749
test-31413,0.018681551897731647
test-31414,0.03722215104813557
test-31415,0.02834232229732798
test-31416,0.18931904115525144
test-31417,0.07434790115866396
test-31418,0.28691863804485573
test-31419,0.01466600982633951
test-3142,0.12305295129022455
test-31420,0.04315587774234556
test-31421,0.15137194056806808
test-31422,0.04457164744657043
test-31423,0.02831988138515928
test-31424,0.12538600982487716
test-31425,0.08091840458510943
test-31426,0.09416158472896628
test-31427,0.017067144329665045
test-31428,0.2246174955028102
test-31429,0.0082883209364999
test-3143,0.062238704960189344
test-31430,0.2586205245949998
test-31431,0.012127796976563925
test-31432,0.2768900385753455
test-31433,0.08566525129027971
test-31434,0.026024740091853127
test-31435,0.015492092180174399
test-31436,0.2936989195682916
test-31437,0.015673378212842228
test-31438,0.07016117115587067
test-31439,0.14649785917285585
test-3144,0.13203568463262896
test-31440,0.01713205436272446
test-31441,0.020671709720200247
test-31442,0.035425072444750814
test-31443,0.05756153790962332
test-31444,0.015601297550521883
test-31445,0.013608381595075715
test-31446,0.030457392522356543
test-31447,0.190110318685669
test-31448,0.0157691741328382
test-31449,0.021637157978898335
test-3145,0.34413577164168624
test-31450,0.09339499387833253
test-31451,0.029938692066967896
test-31452,0.062017566782053564
test-31453,0.023095787217266912
test-31454,0.04942224245468778
test-31455,0.019522073501296977
test-31456,0.006524724889873377
test-31457,0.12756464018589395
test-31458,0.01129796531464506
test-31459,0.019711347092634588
test-3146,0.05099297215580344
test-31460,0.03324611489283628
test-31461,0.0644810370411778
test-31462,0.03210560817513344
test-31463,0.0370178999960362
test-31464,0.013513648273440999
test-31465,0.014799505540203388
test-31466,0.10135147787955867
test-31467,0.03451700852143742
test-31468,0.1929502573389392
test-31469,0.02063169373853889
test-3147,0.06318161661422249
test-31470,0.1502227019480549
test-31471,0.0194864563651371
test-31472,0.07387344110910543
test-31473,0.02873180143027126
test-31474,0.07890550964796991
test-31475,0.06438053720816463
test-31476,0.26089412654274874
test-31477,0.03244213064522755
test-31478,0.04929032193591795
test-31479,0.15620443962118394
test-3148,0.021067401615839657
test-31480,0.01042483697568999
test-31481,0.01753930880392134
test-31482,0.21818681117623734
test-31483,0.02669097465128348
test-31484,0.10928441419957592
test-31485,0.011591094737587798
test-31486,0.024071105215252273
test-31487,0.23069447594610243
test-31488,0.08219192647824698
test-31489,0.07775245359783765
test-3149,0.05527113041701808
test-31490,0.18558137664865307
test-31491,0.08681816553291685
test-31492,0.14888417414747807
test-31493,0.0078000954748374835
test-31494,0.015464844067314583
test-31495,0.21684647505181948
test-31496,0.13993491802105856
test-31497,0.28801593118184654
test-31498,0.06588843069506078
test-31499,0.02335124238089912
test-315,0.13162182790869603
test-3150,0.20679076420004894
test-31500,0.09956464708051484
test-31501,0.014721122041621272
test-31502,0.1485154077251715
test-31503,0.1387564677932596
test-31504,0.14766209022941273
test-31505,0.011095123092234248
test-31506,0.008344824010406727
test-31507,0.027515352263553425
test-31508,0.01622365068952722
test-31509,0.12819412947753134
test-3151,0.13190025218254947
test-31510,0.36356580185247
test-31511,0.008514234815945536
test-31512,0.013158825527061819
test-31513,0.0846182167635542
test-31514,0.07181829345931622
test-31515,0.10952263493482255
test-31516,0.018135330130707207
test-31517,0.16491044218166398
test-31518,0.010053409428387871
test-31519,0.18620529158584553
test-3152,0.007565600039332692
test-31520,0.18469364960843815
test-31521,0.01256583675661244
test-31522,0.020656167454922054
test-31523,0.006449147017562565
test-31524,0.012091063419056108
test-31525,0.08219192647824698
test-31526,0.0846182167635542
test-31527,0.17684880056906702
test-31528,0.17477008136934374
test-31529,0.017494738053332883
test-3153,0.1801646429771715
test-31530,0.10022332301988479
test-31531,0.03813462278180019
test-31532,0.014941454539019362
test-31533,0.10124346968306819
test-31534,0.03563965779772
test-31535,0.07802819961977205
test-31536,0.14623593135016508
test-31537,0.034462792400414846
test-31538,0.019529588343214405
test-31539,0.01297740475784804
test-3154,0.012400998454595696
test-31540,0.2740762194432154
test-31541,0.06846982907797973
test-31542,0.02695036692577566
test-31543,0.02249692203238299
test-31544,0.027053410231467203
test-31545,0.01667627631501256
test-31546,0.030141027268611162
test-31547,0.015422015623267388
test-31548,0.0649780019758946
test-31549,0.05300213298639
test-3155,0.05523661934202725
test-31550,0.01889529899196617
test-31551,0.26939158686997833
test-31552,0.21681861163041635
test-31553,0.13919012465966588
test-31554,0.08020961034367081
test-31555,0.14399710165247195
test-31556,0.0322560369895652
test-31557,0.2255233688766979
test-31558,0.021453750321230494
test-31559,0.01766838101916634
test-3156,0.13382396715720354
test-31560,0.0312579636000492
test-31561,0.043230307637710436
test-31562,0.024538255600268018
test-31563,0.08980174353969043
test-31564,0.03505506795092824
test-31565,0.02047135829073242
test-31566,0.029281855033776942
test-31567,0.10797916023478095
test-31568,0.1993758211130598
test-31569,0.045353505714374694
test-3157,0.01679972627526747
test-31570,0.008789691589059527
test-31571,0.01353507012593715
test-31572,0.015589436443174945
test-31573,0.05484706676981016
test-31574,0.016645629680255267
test-31575,0.04419941066352416
test-31576,0.22263058624392096
test-31577,0.15492200586419785
test-31578,0.012787874290690268
test-31579,0.10222099532832658
test-3158,0.016866675052920197
test-31580,0.015522722739117147
test-31581,0.041994584683696344
test-31582,0.16661325527041487
test-31583,0.23028725674871406
test-31584,0.05420696106458327
test-31585,0.023009034426224494
test-31586,0.030759603245232588
test-31587,0.1394463013726253
test-31588,0.15225948564242486
test-31589,0.015263300942683945
test-3159,0.11962436661098111
test-31590,0.1491699264521432
test-31591,0.3044392356865613
test-31592,0.15649790121884916
test-31593,0.03950915470502685
test-31594,0.34595207943525
test-31595,0.013259225004508093
test-31596,0.15665657841035913
test-31597,0.23961642582827639
test-31598,0.08651627012986852
test-31599,0.1523097465669448
test-316,0.22445800811396388
test-3160,0.13181551726804994
test-31600,0.019893408896989602
test-31601,0.013342764230101067
test-31602,0.011349091319978558
test-31603,0.019641518275486738
test-31604,0.029231479037546335
test-31605,0.01832731539451931
test-31606,0.09787796055403811
test-31607,0.016394767369229835
test-31608,0.03178980651723136
test-31609,0.04979375052851576
test-3161,0.09038303058316319
test-31610,0.006861867483530507
test-31611,0.1860389456026545
test-31612,0.2461243195317674
test-31613,0.31380257983712506
test-31614,0.03264680421726513
test-31615,0.31511518677183964
test-31616,0.008973704116037
test-31617,0.04354614738062987
test-31618,0.21918413631800254
test-31619,0.007901644106559037
test-3162,0.22977328568110003
test-31620,0.031776322086618874
test-31621,0.11360878038694895
test-31622,0.09477743102062279
test-31623,0.01209205118640877
test-31624,0.015675745920688596
test-31625,0.023529249498726874
test-31626,0.07799433853261355
test-31627,0.24595891256640426
test-31628,0.010699654956211509
test-31629,0.054684769520127643
test-3163,0.01882346471098649
test-31630,0.07763297965292007
test-31631,0.2144110389010933
test-31632,0.03202648109693835
test-31633,0.09787796055403811
test-31634,0.01130074009628702
test-31635,0.04475351461529831
test-31636,0.012064351037336317
test-31637,0.10089544401051301
test-31638,0.013892831984056305
test-31639,0.027766304199744886
test-3164,0.010529302838318372
test-31640,0.22932668412970975
test-31641,0.02156251631688316
test-31642,0.1078774847673343
test-31643,0.01906537517406463
test-31644,0.019068809769134887
test-31645,0.03056148951835788
test-31646,0.01617166552109104
test-31647,0.10125089765045404
test-31648,0.030014841134956026
test-31649,0.05063427748826128
test-3165,0.18597644808846123
test-31650,0.12099176132734665
test-31651,0.07595943029407243
test-31652,0.104281055609133
test-31653,0.014609470543230718
test-31654,0.1090764850698638
test-31655,0.11025666896035011
test-31656,0.1900258626328395
test-31657,0.014130474721428928
test-31658,0.08003083037374147
test-31659,0.0060546003333652116
test-3166,0.27105771178575183
test-31660,0.059501922873155644
test-31661,0.22980399904261226
test-31662,0.12182693358563083
test-31663,0.037425560218579436
test-31664,0.00661497708206956
test-31665,0.07939864994936202
test-31666,0.008495699259707258
test-31667,0.021876089994988378
test-31668,0.015622229014240567
test-31669,0.04119529580068681
test-3167,0.044805359221583026
test-31670,0.3937301534634637
test-31671,0.03574689974418211
test-31672,0.015946192596292794
test-31673,0.0648267804290141
test-31674,0.007247387632984905
test-31675,0.09053368083758213
test-31676,0.16780212609422623
test-31677,0.006151111407350198
test-31678,0.01981743066405884
test-31679,0.10269479010736084
test-3168,0.06854068642831915
test-31680,0.017700019203082427
test-31681,0.25400531053739484
test-31682,0.18442902993380425
test-31683,0.01399217040247279
test-31684,0.06579002871488651
test-31685,0.01332498022294866
test-31686,0.048878579095385975
test-31687,0.11393318111604422
test-31688,0.2972909264474854
test-31689,0.27337119718768266
test-3169,0.17645226684991447
test-31690,0.020745709854235826
test-31691,0.09809654162814607
test-31692,0.26835068823280345
test-31693,0.08633435562855583
test-31694,0.01624644559884063
test-31695,0.02184360867521539
test-31696,0.0993014080959715
test-31697,0.10172947780786545
test-31698,0.018446820348292804
test-31699,0.2841424532080159
test-317,0.05339307069340168
test-3170,0.04252105837468247
test-31700,0.2200503014725661
test-31701,0.009938857361455798
test-31702,0.16333010643886697
test-31703,0.05417979296994225
test-31704,0.058867508779278974
test-31705,0.03639021897760403
test-31706,0.009514685303196806
test-31707,0.025226154975388517
test-31708,0.02243075564547327
test-31709,0.10058742187301986
test-3171,0.009570662607671901
test-31710,0.03170912372369171
test-31711,0.017098065145400115
test-31712,0.08203510705528297
test-31713,0.18684711651933592
test-31714,0.03802063772420787
test-31715,0.05339307069340168
test-31716,0.027792146717155932
test-31717,0.03172907325194476
test-31718,0.01615909180548906
test-31719,0.08974511615322397
test-3172,0.02351153019263675
test-31720,0.16885416552151075
test-31721,0.07771558515616006
test-31722,0.044014157023348474
test-31723,0.026776770923673462
test-31724,0.017444869302573995
test-31725,0.009428850889518964
test-31726,0.17248994184102429
test-31727,0.09629887022217257
test-31728,0.1524767320561754
test-31729,0.15069990178640988
test-3173,0.02660133460567232
test-31730,0.13330072919253866
test-31731,0.18686290746624928
test-31732,0.1307914804631213
test-31733,0.02051698361063898
test-31734,0.0422558490318277
test-31735,0.12587566059914065
test-31736,0.07533901738994676
test-31737,0.01391306223833376
test-31738,0.013080537357488417
test-31739,0.07969712720890926
test-3174,0.02779072855131059
test-31740,0.03094117376732813
test-31741,0.26127518769823077
test-31742,0.022008803784847944
test-31743,0.010237640791162786
test-31744,0.13343852392872052
test-31745,0.03173186598753145
test-31746,0.06133711142405716
test-31747,0.09860381645007209
test-31748,0.01496676848902438
test-31749,0.17106197802108272
test-3175,0.010626317938131149
test-31750,0.061577899304617906
test-31751,0.1131544532039118
test-31752,0.17645226684991447
test-31753,0.12524536766875152
test-31754,0.016252702475728926
test-31755,0.20777084481329097
test-31756,0.17469984803664568
test-31757,0.016930570207320854
test-31758,0.013548233310112179
test-31759,0.1829337738198914
test-3176,0.19831838628230866
test-31760,0.007426987986742838
test-31761,0.012568451688117635
test-31762,0.06854068642831915
test-31763,0.1127604593534469
test-31764,0.12031992297120038
test-31765,0.10425973637697845
test-31766,0.015524563808574143
test-31767,0.19199090643356143
test-31768,0.03185668945975935
test-31769,0.06443721125532985
test-3177,0.21811569942236153
test-31770,0.0222711275543166
test-31771,0.019536792486961406
test-31772,0.04049362341959172
test-31773,0.0304350033848049
test-31774,0.01732305683675691
test-31775,0.10022332301988479
test-31776,0.036963305680805934
test-31777,0.09469537405343671
test-31778,0.0069038956144536
test-31779,0.20559093258654504
test-3178,0.02225133754228592
test-31780,0.03760291756470462
test-31781,0.01616504959830262
test-31782,0.0305227013280112
test-31783,0.011487826206458152
test-31784,0.018830190508745483
test-31785,0.07460551380055326
test-31786,0.1007331653481315
test-31787,0.009397093497874971
test-31788,0.06750140353354234
test-31789,0.1047840427617151
test-3179,0.008983746185132039
test-31790,0.04111823778410147
test-31791,0.0269655438105295
test-31792,0.215605171425572
test-31793,0.007370985805092818
test-31794,0.08219192647824698
test-31795,0.018364256421671186
test-31796,0.014717098171929273
test-31797,0.061577899304617906
test-31798,0.13341891293094651
test-31799,0.011052531641681048
test-318,0.017110118645640954
test-3180,0.04482654488321051
test-31800,0.1492143815600816
test-31801,0.10602579149274742
test-31802,0.037056248963493514
test-31803,0.016866575283034407
test-31804,0.1864556974379869
test-31805,0.25527207447762684
test-31806,0.025149210832196702
test-31807,0.007172325410768151
test-31808,0.16858677380882017
test-31809,0.01535979342704379
test-3181,0.17419357123254378
test-31810,0.00825747359396576
test-31811,0.0707119985986715
test-31812,0.02919964513602548
test-31813,0.017699118670471862
test-31814,0.027123322321898586
test-31815,0.01772206077542034
test-31816,0.012692980174953033
test-31817,0.08027818249115008
test-31818,0.12592465351880044
test-31819,0.0846182167635542
test-3182,0.12567723660479527
test-31820,0.11747975870586498
test-31821,0.02693393190623587
test-31822,0.033767770849542925
test-31823,0.04373169104223932
test-31824,0.02183744321170635
test-31825,0.023097019960762404
test-31826,0.1021046368679531
test-31827,0.04728482181323171
test-31828,0.06669212771384633
test-31829,0.20303545172451895
test-3183,0.10059464856928356
test-31830,0.32579233168820015
test-31831,0.0643140409502994
test-31832,0.01852854480388282
test-31833,0.09786296747354616
test-31834,0.0455762382678796
test-31835,0.04371739997126556
test-31836,0.07799433853261355
test-31837,0.013259225004508093
test-31838,0.0724985934275187
test-31839,0.04227873791893788
test-3184,0.011652705084421608
test-31840,0.05347401553609014
test-31841,0.011328634001992955
test-31842,0.020094110329857452
test-31843,0.0821243396346064
test-31844,0.18360805102922464
test-31845,0.02924339551388435
test-31846,0.008254458774594275
test-31847,0.08788120190007584
test-31848,0.2943295015871823
test-31849,0.02465989404222115
test-3185,0.1588224047008251
test-31850,0.021743928480580342
test-31851,0.03917139870386565
test-31852,0.11746455940879057
test-31853,0.09825201970698305
test-31854,0.012198550937878723
test-31855,0.13922885061863752
test-31856,0.03699528201828891
test-31857,0.032424881660077946
test-31858,0.023974476701275463
test-31859,0.02252923146976596
test-3186,0.03340114016721901
test-31860,0.02046323567396794
test-31861,0.015541819667149499
test-31862,0.0363565500303764
test-31863,0.11276901417160837
test-31864,0.07452944603449155
test-31865,0.015624828815429426
test-31866,0.037200125906811134
test-31867,0.025185379479100264
test-31868,0.013688657828965542
test-31869,0.16795836051240678
test-3187,0.00925057615647227
test-31870,0.12375915336812668
test-31871,0.01894256637911605
test-31872,0.03667886671461944
test-31873,0.017959272149685533
test-31874,0.11711436329530434
test-31875,0.17406667196136327
test-31876,0.13339999826108695
test-31877,0.2338860162031416
test-31878,0.03989456585620635
test-31879,0.05353322694721972
test-3188,0.023413336429608772
test-31880,0.02466572337590596
test-31881,0.024119914259186758
test-31882,0.05148175735907413
test-31883,0.19760923962797416
test-31884,0.11709343371842393
test-31885,0.016377466631742537
test-31886,0.01091911197006282
test-31887,0.2554843688291963
test-31888,0.042878685761236025
test-31889,0.03272675040556674
test-3189,0.011635718772264441
test-31890,0.3184547334426391
test-31891,0.04438559906552847
test-31892,0.03275754445374959
test-31893,0.020045441952557114
test-31894,0.03384960409396946
test-31895,0.034494669996841254
test-31896,0.04824267003512987
test-31897,0.010181828203564652
test-31898,0.10016106950207247
test-31899,0.027215581844132426
test-319,0.015092024658918804
test-3190,0.06424614619769094
test-31900,0.0480452848816795
test-31901,0.25041587294820356
test-31902,0.03611663395578433
test-31903,0.01332104219837387
test-31904,0.005320735243441525
test-31905,0.2412776601920829
test-31906,0.006959457012931129
test-31907,0.10115596692974026
test-31908,0.10135147787955867
test-31909,0.05114640237173143
test-3191,0.06803412447426488
test-31910,0.0745785412563193
test-31911,0.10301811979682896
test-31912,0.028491495494941246
test-31913,0.05284748644563571
test-31914,0.056923316358750434
test-31915,0.010762990640158282
test-31916,0.05858063273687675
test-31917,0.024841419260741324
test-31918,0.03283744965887138
test-31919,0.13844485831116107
test-3192,0.3046874758367226
test-31920,0.2562293648444354
test-31921,0.317274397895516
test-31922,0.0756093640528308
test-31923,0.02615700500154785
test-31924,0.013259225004508093
test-31925,0.045444876316353404
test-31926,0.03253783055702789
test-31927,0.04315587774234556
test-31928,0.027406058891779356
test-31929,0.2623964651964678
test-3193,0.013017286640454179
test-31930,0.006613977734857461
test-31931,0.021528190749961748
test-31932,0.03434698375102949
test-31933,0.0126802631553861
test-31934,0.04420475577693369
test-31935,0.12913253738235023
test-31936,0.19175467371102256
test-31937,0.019347542405782864
test-31938,0.028774654736953113
test-31939,0.12203878183595109
test-3194,0.012027498268046609
test-31940,0.02599474831197452
test-31941,0.020878204731274535
test-31942,0.034840779316779
test-31943,0.14639248977262748
test-31944,0.07771558515616006
test-31945,0.0583895546025734
test-31946,0.035675471922329345
test-31947,0.010462456525650182
test-31948,0.04301208359899352
test-31949,0.02135329747580739
test-3195,0.17855741079825663
test-31950,0.0062370933143823665
test-31951,0.11891652511606647
test-31952,0.015157952434536402
test-31953,0.07194518373689485
test-31954,0.08291486892083455
test-31955,0.024368514339123997
test-31956,0.054744153753278305
test-31957,0.03399822204368986
test-31958,0.01787324844662315
test-31959,0.0270685375245987
test-3196,0.06566301737270484
test-31960,0.007257585174266178
test-31961,0.18099367353370002
test-31962,0.04196014089649508
test-31963,0.0529637051058216
test-31964,0.04370117935581733
test-31965,0.1413583542904901
test-31966,0.11924002325239656
test-31967,0.02712383340858513
test-31968,0.010865154306093174
test-31969,0.28199169754184844
test-3197,0.037149582098793
test-31970,0.038733610644998334
test-31971,0.030457049063352035
test-31972,0.186322007404009
test-31973,0.05322409847168285
test-31974,0.07287513663214307
test-31975,0.03861568615380833
test-31976,0.20812307452519982
test-31977,0.18418539639569032
test-31978,0.017861638538414423
test-31979,0.17051000371344271
test-3198,0.12161194197824174
test-31980,0.08962782951307559
test-31981,0.0716610427596267
test-31982,0.03894026424066972
test-31983,0.01432538322405047
test-31984,0.06421583076522948
test-31985,0.11640613903684167
test-31986,0.21611264969141059
test-31987,0.008818881451680895
test-31988,0.33779021770428547
test-31989,0.2223665112591116
test-3199,0.28692475056677214
test-31990,0.0836160361599026
test-31991,0.02405906116697334
test-31992,0.0071377278652874675
test-31993,0.2608606113982203
test-31994,0.01174117579647174
test-31995,0.32394258443405255
test-31996,0.06104323178593854
test-31997,0.2624146408632913
test-31998,0.0127553785908678
test-31999,0.17306239773844864
test-32,0.04213826419126863
test-320,0.006306489672652799
test-3200,0.13228656728639146
test-32000,0.03975802090400712
test-32001,0.021282785157319566
test-32002,0.055732223151026355
test-32003,0.1313395705021038
test-32004,0.0062619196577762505
test-32005,0.15165181829516933
test-32006,0.08226012837989646
test-32007,0.02377692308052591
test-32008,0.029596790014124033
test-32009,0.10869037848408737
test-3201,0.05206525860197518
test-32010,0.08003083037374147
test-32011,0.07799433853261355
test-32012,0.13676296423999515
test-32013,0.026942031662890924
test-32014,0.02302928618730109
test-32015,0.017329753855466055
test-32016,0.017618420826338823
test-32017,0.017976757469539664
test-32018,0.03991427570930743
test-32019,0.2007423038395221
test-3202,0.20817017289251233
test-32020,0.03355403077527231
test-32021,0.025125241509079077
test-32022,0.10821220043168524
test-32023,0.0873002398188462
test-32024,0.033235147005134275
test-32025,0.021438821407443198
test-32026,0.014695572906292559
test-32027,0.01405919678476139
test-32028,0.057655519186780135
test-32029,0.018117628757332433
test-3203,0.028916934063534596
test-32030,0.1001728034970038
test-32031,0.015400336365099352
test-32032,0.0243971915364294
test-32033,0.04569891927954176
test-32034,0.20429921651919644
test-32035,0.02425060049483732
test-32036,0.01950579585273869
test-32037,0.018971561694851997
test-32038,0.01802095529986321
test-32039,0.10098069506471297
test-3204,0.05924537750537341
test-32040,0.025196244727081752
test-32041,0.12750083480216265
test-32042,0.02886713866874124
test-32043,0.04424420275563256
test-32044,0.02928307909686664
test-32045,0.1689288097257411
test-32046,0.10485993727219312
test-32047,0.054248918534667054
test-32048,0.03804305988080211
test-32049,0.08990472899781059
test-3205,0.028812300436277444
test-32050,0.13031475100820375
test-32051,0.05208457129373567
test-32052,0.04205098404100263
test-32053,0.1368321145500669
test-32054,0.0522866469823982
test-32055,0.05339307069340168
test-32056,0.1503055141428237
test-32057,0.025743734224929843
test-32058,0.016005671542650445
test-32059,0.23583089691337203
test-3206,0.05825715848959318
test-32060,0.01711997231867197
test-32061,0.014298266762461282
test-32062,0.28658852668192814
test-32063,0.13207564119353027
test-32064,0.017685378854232693
test-32065,0.029154873265974737
test-32066,0.15665174809667223
test-32067,0.010847355394955583
test-32068,0.0635864707690999
test-32069,0.07935647781614052
test-3207,0.17406014943063033
test-32070,0.10263586521780245
test-32071,0.023928578739324472
test-32072,0.012429880067470896
test-32073,0.24821125623769247
test-32074,0.019775916280426877
test-32075,0.013063690902990964
test-32076,0.019405565739423047
test-32077,0.14606788560544928
test-32078,0.30315255063446334
test-32079,0.15275463591280772
test-3208,0.05578800387621576
test-32080,0.025049268765827637
test-32081,0.04329504399563748
test-32082,0.03463949684741584
test-32083,0.02368594654320974
test-32084,0.2262887729828075
test-32085,0.10093982204175307
test-32086,0.016826710537060606
test-32087,0.08916296687322732
test-32088,0.019996803244725754
test-32089,0.015887094401501278
test-3209,0.02648290178332952
test-32090,0.13183431596730394
test-32091,0.13464317291413733
test-32092,0.05431778416711311
test-32093,0.017679068816812273
test-32094,0.023758709141624448
test-32095,0.16780212609422623
test-32096,0.03256039602376972
test-32097,0.09787796055403811
test-32098,0.05741292997343667
test-32099,0.058721088489083306
test-321,0.03618679119692577
test-3210,0.019416288813400587
test-32100,0.3551966811186103
test-32101,0.13094627574874798
test-32102,0.020358897059730326
test-32103,0.017323272448851113
test-32104,0.12460507488050093
test-32105,0.07001169711866616
test-32106,0.24235638623708977
test-32107,0.1512487271724971
test-32108,0.1856119744614259
test-32109,0.028967554878387005
test-3211,0.0628527248478787
test-32110,0.03415759463617433
test-32111,0.03517554983071838
test-32112,0.01658829528924223
test-32113,0.045948105535069006
test-32114,0.15257909930475988
test-32115,0.03378070955756963
test-32116,0.20790918396944708
test-32117,0.09095363519959088
test-32118,0.02598049569371233
test-32119,0.04476610225573867
test-3212,0.0606969818030815
test-32120,0.20671483053357298
test-32121,0.11794603577740274
test-32122,0.22964504445474215
test-32123,0.15094870832104648
test-32124,0.016762861007330467
test-32125,0.053720144991579184
test-32126,0.023557585039247222
test-32127,0.14684868522710523
test-32128,0.020290269856881964
test-32129,0.09435854111353265
test-3213,0.12663596937894922
test-32130,0.07192237911302436
test-32131,0.04851715887625459
test-32132,0.25698727268766147
test-32133,0.11642981284699146
test-32134,0.07662710118484499
test-32135,0.024456713398980295
test-32136,0.019147005240345256
test-32137,0.015691829833189626
test-32138,0.023590732366083868
test-32139,0.009989042179174698
test-3214,0.13105363353235994
test-32140,0.029525984032255048
test-32141,0.019736170150145723
test-32142,0.06108085344638038
test-32143,0.043653899513224625
test-32144,0.034473709993552495
test-32145,0.014867972483021692
test-32146,0.011155039919460007
test-32147,0.13675802455266103
test-32148,0.28129751116036594
test-32149,0.05003697088968722
test-3215,0.1462252224848833
test-32150,0.008077743068698653
test-32151,0.02109569706418708
test-32152,0.18518543601907628
test-32153,0.09141939216634287
test-32154,0.028760809564308053
test-32155,0.021189624404556507
test-32156,0.07296021197850204
test-32157,0.3328278387859263
test-32158,0.11715860442770924
test-32159,0.13427187521081005
test-3216,0.00911929723743448
test-32160,0.021984638835031736
test-32161,0.04475351461529831
test-32162,0.03222614121726529
test-32163,0.03428316841415857
test-32164,0.07305911273342602
test-32165,0.14310503337281918
test-32166,0.32506415047708864
test-32167,0.03957797408190487
test-32168,0.12663596937894922
test-32169,0.03929545929168418
test-3217,0.0738204046111149
test-32170,0.2841916820042579
test-32171,0.009810409921869242
test-32172,0.06131870500970413
test-32173,0.02108033404671642
test-32174,0.017117212431209738
test-32175,0.017953027065630095
test-32176,0.019262712192757773
test-32177,0.15042988980129604
test-32178,0.0669392073111586
test-32179,0.014989490439002382
test-3218,0.18356927680963067
test-32180,0.10924971318589842
test-32181,0.01477837683015067
test-32182,0.03818584573114303
test-32183,0.12866674329731925
test-32184,0.1845355862484927
test-32185,0.02237207512070724
test-32186,0.07278892182117214
test-32187,0.1861777107838038
test-32188,0.08676426786931425
test-32189,0.02741740612566903
test-3219,0.12734892181441665
test-32190,0.06703355227878321
test-32191,0.018957232792325966
test-32192,0.17131506055906173
test-32193,0.021847976445900183
test-32194,0.021079055163481866
test-32195,0.039422416930958874
test-32196,0.055947396302406124
test-32197,0.1584525970675068
test-32198,0.09842248958499943
test-32199,0.01950467780678308
test-322,0.22423088341875327
test-3220,0.013888547950564257
test-32200,0.022769236829209494
test-32201,0.016029110852017286
test-32202,0.08892423042850381
test-32203,0.11779416710541303
test-32204,0.06945007710268655
test-32205,0.024712154539104855
test-32206,0.01343969246015151
test-32207,0.04982915950881961
test-32208,0.11541397360062261
test-32209,0.14177102533818148
test-3221,0.0687732139720173
test-32210,0.03509858400766405
test-32211,0.010742631689708614
test-32212,0.01153341857318407
test-32213,0.01659760879549062
test-32214,0.15164355656214898
test-32215,0.19811708034187417
test-32216,0.32580356895529605
test-32217,0.04895050024092073
test-32218,0.017507883609676388
test-32219,0.021911298535973213
test-3222,0.0879074846866187
test-32220,0.00876060452819924
test-32221,0.06297043220378526
test-32222,0.017361831295379042
test-32223,0.020569152480031046
test-32224,0.0690022594428435
test-32225,0.20380379172914392
test-32226,0.011461526165202934
test-32227,0.2374155932353287
test-32228,0.02224177431698411
test-32229,0.016071086563310077
test-3223,0.039240974045048053
test-32230,0.0377573288940271
test-32231,0.03394517755049771
test-32232,0.26777072912808586
test-32233,0.013774773563475973
test-32234,0.3678439874596009
test-32235,0.15600702101292194
test-32236,0.04354773514496471
test-32237,0.2097282955517113
test-32238,0.049441055636647746
test-32239,0.10448823080718979
test-3224,0.29298370240945576
test-32240,0.03957797408190487
test-32241,0.038326256919023576
test-32242,0.08646582555188921
test-32243,0.13429409713392804
test-32244,0.07096777909025705
test-32245,0.01059446349031627
test-32246,0.26129216182336673
test-32247,0.059977179308961515
test-32248,0.16551652486310228
test-32249,0.018324021874513832
test-3225,0.02104412589696896
test-32250,0.012877946568184789
test-32251,0.10133891862677095
test-32252,0.04864376274953059
test-32253,0.20762732894651464
test-32254,0.011181020410393842
test-32255,0.23030760967636632
test-32256,0.1890138857332427
test-32257,0.05378861983202535
test-32258,0.022300798863948517
test-32259,0.1751495388348391
test-3226,0.01613318057556527
test-32260,0.06238884928916019
test-32261,0.014962384228673024
test-32262,0.015400890397036973
test-32263,0.029753982923404903
test-32264,0.024381811837476296
test-32265,0.015328727630964998
test-32266,0.011366603706030803
test-32267,0.20575704658609517
test-32268,0.14928289879624207
test-32269,0.055989343462047966
test-3227,0.11905958568026355
test-32270,0.0722219114763519
test-32271,0.03271473384073101
test-32272,0.02766095251544029
test-32273,0.09282588017101527
test-32274,0.028934115691962244
test-32275,0.015945103475056698
test-32276,0.12851821972537505
test-32277,0.01036636732248958
test-32278,0.012572665905477549
test-32279,0.031072915720335922
test-3228,0.13830406861014471
test-32280,0.11828291230957326
test-32281,0.04750716366796516
test-32282,0.009937227849881916
test-32283,0.04376397720556217
test-32284,0.030166422441848965
test-32285,0.023932179867766665
test-32286,0.007773710003617291
test-32287,0.3767075392398645
test-32288,0.05429126719894683
test-32289,0.05456433162188093
test-3229,0.015626813520798182
test-32290,0.013662469294855097
test-32291,0.29344680395970113
test-32292,0.08265221122179608
test-32293,0.10391171733385753
test-32294,0.10778867583141254
test-32295,0.03251060228204251
test-32296,0.014554441508175841
test-32297,0.2166505725078311
test-32298,0.017721631463731853
test-32299,0.03395523957916981
test-323,0.0067016232737231625
test-3230,0.059837219790672316
test-32300,0.0861915504119661
test-32301,0.15564408093799412
test-32302,0.017787063070484943
test-32303,0.09047938945362097
test-32304,0.04252582300466431
test-32305,0.0998113842746303
test-32306,0.05316114846782899
test-32307,0.1668819365062725
test-32308,0.1505193957845108
test-32309,0.16698163312397055
test-3231,0.006409211495665564
test-32310,0.03573518892552106
test-32311,0.13584786722443892
test-32312,0.12461176780380638
test-32313,0.031191787002470186
test-32314,0.18716677378216096
test-32315,0.07420175824613516
test-32316,0.23489424407500345
test-32317,0.015428670645061843
test-32318,0.01928368547174383
test-32319,0.04400815865558944
test-3232,0.08003083037374147
test-32320,0.10881339248525587
test-32321,0.01470155729677045
test-32322,0.0186600151194271
test-32323,0.030781103620546018
test-32324,0.04156544262540799
test-32325,0.18889237071174927
test-32326,0.01793894121089447
test-32327,0.15289465201329164
test-32328,0.016723483823013037
test-32329,0.020049404764325204
test-3233,0.01117266820454718
test-32330,0.08742981472721043
test-32331,0.038784405528466126
test-32332,0.012837352122398315
test-32333,0.24193333995898467
test-32334,0.20975054842530383
test-32335,0.10704087415131432
test-32336,0.03071437205654224
test-32337,0.022914712954730507
test-32338,0.0636969258466591
test-32339,0.10822508465819945
test-3234,0.25970623927856523
test-32340,0.011244592793904374
test-32341,0.009818069176606471
test-32342,0.11738232613442894
test-32343,0.04436925249107653
test-32344,0.24314464511428235
test-32345,0.015548999140693737
test-32346,0.061577899304617906
test-32347,0.019249356334985257
test-32348,0.010885112855025723
test-32349,0.03001833542478403
test-3235,0.22166837491525934
test-32350,0.0069827814827813145
test-32351,0.061577899304617906
test-32352,0.17428497983613053
test-32353,0.006946477029051668
test-32354,0.03208812023652263
test-32355,0.1308603822296302
test-32356,0.05392791786251887
test-32357,0.014767382027840231
test-32358,0.022554751562166506
test-32359,0.03433631438997168
test-3236,0.03982748609458153
test-32360,0.034971876739307024
test-32361,0.04541769000803855
test-32362,0.012638625129527487
test-32363,0.06803412447426488
test-32364,0.021593076672932924
test-32365,0.12545121655683425
test-32366,0.018325345671195196
test-32367,0.018830899806246325
test-32368,0.06702006655695718
test-32369,0.010917411568217045
test-3237,0.03991427570930743
test-32370,0.020069575196435985
test-32371,0.0734275895492371
test-32372,0.01605638725158736
test-32373,0.13733030354513298
test-32374,0.21500205859209556
test-32375,0.08749456634569872
test-32376,0.10327047399361766
test-32377,0.015487914604832414
test-32378,0.011464956549137885
test-32379,0.1669856151998029
test-3238,0.06687591078501293
test-32380,0.014985448976983846
test-32381,0.017635805700175488
test-32382,0.04252105837468247
test-32383,0.1850450631203268
test-32384,0.1133002849429502
test-32385,0.04073278281804834
test-32386,0.057866921464745945
test-32387,0.09742076696274313
test-32388,0.06470727110134707
test-32389,0.02447979742340486
test-3239,0.03358817888810564
test-32390,0.04038846968138009
test-32391,0.047601439539629385
test-32392,0.07035380374342053
test-32393,0.010792309895153169
test-32394,0.027051736312868037
test-32395,0.013630499336132631
test-32396,0.05686866730519854
test-32397,0.12758786262445412
test-32398,0.0202429409712485
test-32399,0.03326121099149025
test-324,0.010695806954700172
test-3240,0.02459128538537083
test-32400,0.01269234575289156
test-32401,0.26029929491718873
test-32402,0.07138230400982329
test-32403,0.007785501302675856
test-32404,0.02371068211304326
test-32405,0.18225403738108134
test-32406,0.2841424532080159
test-32407,0.11494666457690186
test-32408,0.11903000922868553
test-32409,0.014162138764485207
test-3241,0.10523251243895758
test-32410,0.16616787706080044
test-32411,0.04959806097146523
test-32412,0.17645226684991447
test-32413,0.01266697024390011
test-32414,0.06476051338224029
test-32415,0.031625956355238134
test-32416,0.04710031379557194
test-32417,0.1398388875173638
test-32418,0.09634025038348075
test-32419,0.009379256565139717
test-3242,0.017896388966115017
test-32420,0.018725071613978003
test-32421,0.007918931517334105
test-32422,0.022775479189902696
test-32423,0.018447338335965468
test-32424,0.011180032422488556
test-32425,0.051551695432132706
test-32426,0.037300833502904
test-32427,0.019528327157258638
test-32428,0.015264232161072418
test-32429,0.34617028712123127
test-3243,0.0282569362081705
test-32430,0.0815393537116853
test-32431,0.013989875449759624
test-32432,0.005365606185000609
test-32433,0.02430405688510967
test-32434,0.13979581576629413
test-32435,0.1529704409243526
test-32436,0.27562997228782593
test-32437,0.02759085222894477
test-32438,0.3562028609291261
test-32439,0.07480993713376213
test-3244,0.01476331390019969
test-32440,0.008970115849127398
test-32441,0.011751739614482138
test-32442,0.022731010890867806
test-32443,0.16948764875643343
test-32444,0.070131713946158
test-32445,0.037126096541219886
test-32446,0.005723845809041729
test-32447,0.21705786274756927
test-32448,0.09305080391071902
test-32449,0.12622078110463572
test-3245,0.059642505963956614
test-32450,0.04727931911206129
test-32451,0.03376808888379797
test-32452,0.025479106252630813
test-32453,0.014585088710650436
test-32454,0.04953858611954152
test-32455,0.16695447271917302
test-32456,0.012171836083325734
test-32457,0.023648923879080536
test-32458,0.0486740199115657
test-32459,0.03360926880525576
test-3246,0.3187538013867799
test-32460,0.08822383159658972
test-32461,0.027617672410591196
test-32462,0.01441318459882411
test-32463,0.019335138545476385
test-32464,0.024092174891588592
test-32465,0.08606488122105559
test-32466,0.03515264810969847
test-32467,0.2263963433801864
test-32468,0.12099176132734665
test-32469,0.0669392073111586
test-3247,0.031224607077350502
test-32470,0.11109540874157045
test-32471,0.17449368480815308
test-32472,0.048063522291771875
test-32473,0.0846182167635542
test-32474,0.04049338296508523
test-32475,0.006793447623209685
test-32476,0.1313395705021038
test-32477,0.1492663059388378
test-32478,0.045347534353644685
test-32479,0.02993557424908637
test-3248,0.031184350936260555
test-32480,0.1430417526030529
test-32481,0.0902422755812636
test-32482,0.008717124635266554
test-32483,0.04973803027372902
test-32484,0.04475351461529831
test-32485,0.00968939418267906
test-32486,0.2255233688766979
test-32487,0.23208979772945115
test-32488,0.1808615970933851
test-32489,0.12872288629828382
test-3249,0.007581494524524505
test-32490,0.046009648738188004
test-32491,0.015940076875914623
test-32492,0.08854552085885277
test-32493,0.0434219386911045
test-32494,0.03104392467526412
test-32495,0.21482038570212564
test-32496,0.02436531142295488
test-32497,0.05339307069340168
test-32498,0.08110413393213176
test-32499,0.4201967663351794
test-325,0.3346574340248023
test-3250,0.03517554983071838
test-32500,0.00842449434001588
test-32501,0.029402605655576824
test-32502,0.01883190238989105
test-32503,0.0054006964076054875
test-32504,0.01765455358622233
test-32505,0.01972918671827504
test-32506,0.11709343371842393
test-32507,0.0461710065263446
test-32508,0.006752436408973367
test-32509,0.008135341213147218
test-3251,0.017499285592330025
test-32510,0.28261838571980186
test-32511,0.0408065723107274
test-32512,0.008207153371267458
test-32513,0.06937613529529438
test-32514,0.19111739687741175
test-32515,0.04979375052851576
test-32516,0.20607881361979324
test-32517,0.007670107894692098
test-32518,0.06769227346933265
test-32519,0.010639497346043726
test-3252,0.024705089614307337
test-32520,0.015885712761223716
test-32521,0.018427429817404587
test-32522,0.1527908173977836
test-32523,0.018332853879646817
test-32524,0.041644692851619175
test-32525,0.027027893384853383
test-32526,0.17034661468187062
test-32527,0.06129014615642528
test-32528,0.01771081809340238
test-32529,0.30038555885287127
test-3253,0.19768749000709615
test-32530,0.047022474747540725
test-32531,0.16765886442287212
test-32532,0.08748534522772519
test-32533,0.09442793442436977
test-32534,0.12550252761877018
test-32535,0.05487776745599645
test-32536,0.03687931955716802
test-32537,0.011413072481194473
test-32538,0.03576825076024491
test-32539,0.0881305174787913
test-3254,0.01916567462926132
test-32540,0.027354727109107066
test-32541,0.03388826362508373
test-32542,0.014736156956357271
test-32543,0.08017781248851848
test-32544,0.2698362130129816
test-32545,0.008104545779943101
test-32546,0.34415979360389687
test-32547,0.015025550967982321
test-32548,0.28136756632608323
test-32549,0.29803241324788987
test-3255,0.18552362428563732
test-32550,0.13731171035429612
test-32551,0.019476068989598506
test-32552,0.06173961129523942
test-32553,0.01658829528924223
test-32554,0.2825641128556581
test-32555,0.05476516824117995
test-32556,0.08003083037374147
test-32557,0.24723586171657633
test-32558,0.23688267103506383
test-32559,0.1718087094648937
test-3256,0.13379065331905823
test-32560,0.061762205528124045
test-32561,0.012231573814631577
test-32562,0.010604094895968384
test-32563,0.03148628219539606
test-32564,0.16980069807196874
test-32565,0.2807883028009042
test-32566,0.017634557673094856
test-32567,0.06782920015374011
test-32568,0.02849934660091766
test-32569,0.22839570695432204
test-3257,0.009971439146748124
test-32570,0.15701979616800477
test-32571,0.17613716529160917
test-32572,0.2943537819186007
test-32573,0.03211277025086865
test-32574,0.013298513787939599
test-32575,0.03966626504378645
test-32576,0.25834906983888556
test-32577,0.15036374988403156
test-32578,0.04051121195489669
test-32579,0.02376421650979662
test-3258,0.05696161965524481
test-32580,0.019513146589262224
test-32581,0.08418961942285892
test-32582,0.21069383708483053
test-32583,0.016900579432292295
test-32584,0.05339307069340168
test-32585,0.05576284186245678
test-32586,0.20221695510306226
test-32587,0.03895772180616286
test-32588,0.011341813600906542
test-32589,0.011031321737015643
test-3259,0.20425274398255297
test-32590,0.010915319991269908
test-32591,0.11073900051566501
test-32592,0.09362728256552746
test-32593,0.08091840458510943
test-32594,0.03460117488585673
test-32595,0.009578703891479834
test-32596,0.12152518087715204
test-32597,0.03972375507695162
test-32598,0.015114483467183441
test-32599,0.017955289824555427
test-326,0.06359751032278507
test-3260,0.187550291619094
test-32600,0.031157957305782604
test-32601,0.08003083037374147
test-32602,0.08521350044013579
test-32603,0.013341016380945094
test-32604,0.024861510136267192
test-32605,0.07896917855603469
test-32606,0.19046068941410402
test-32607,0.042501310578647866
test-32608,0.41338463643058293
test-32609,0.06334819017001816
test-3261,0.01222656523135426
test-32610,0.020422632471294666
test-32611,0.08003083037374147
test-32612,0.011333445294805828
test-32613,0.1649374991867981
test-32614,0.02122108025764561
test-32615,0.025173719956797347
test-32616,0.07995118387683771
test-32617,0.16377702333215163
test-32618,0.3843108789824022
test-32619,0.03805503872927955
test-3262,0.030520979006630086
test-32620,0.02950959663758056
test-32621,0.021165892269562586
test-32622,0.06881992469262752
test-32623,0.22634297173026205
test-32624,0.19917126801920534
test-32625,0.018025846572665934
test-32626,0.1498490237830084
test-32627,0.26531561601619463
test-32628,0.1757454720817354
test-32629,0.044693572919255665
test-3263,0.0707119985986715
test-32630,0.09634025038348075
test-32631,0.013741261455822064
test-32632,0.05273939999786985
test-32633,0.2520944155446072
test-32634,0.04315587774234556
test-32635,0.019267882023365542
test-32636,0.020873275968579786
test-32637,0.026263997633159064
test-32638,0.061577899304617906
test-32639,0.09803465992963828
test-3264,0.007542497827601702
test-32640,0.02954024187221597
test-32641,0.13339859905984888
test-32642,0.024306267393324518
test-32643,0.009861014405196917
test-32644,0.15703266792761142
test-32645,0.19632024349265403
test-32646,0.04360624247151214
test-32647,0.17556847598757855
test-32648,0.26108052639982426
test-32649,0.03957797408190487
test-3265,0.19207609766256617
test-32650,0.014393455435556222
test-32651,0.19431345179522144
test-32652,0.027088140521023797
test-32653,0.014136486630830818
test-32654,0.0707119985986715
test-32655,0.10022332301988479
test-32656,0.021341486640455806
test-32657,0.0669392073111586
test-32658,0.07729810851981782
test-32659,0.09430869600181557
test-3266,0.009939784778164807
test-32660,0.051703089138593894
test-32661,0.1304270364781088
test-32662,0.18752385820202708
test-32663,0.03120320286862272
test-32664,0.059876254134122314
test-32665,0.015913208278593813
test-32666,0.015866804333469375
test-32667,0.11890417487470603
test-32668,0.13524787146096826
test-32669,0.15367817165033043
test-3267,0.009011467027819506
test-32670,0.23335051492462544
test-32671,0.06402146223581794
test-32672,0.2007608231713049
test-32673,0.05797537600187989
test-32674,0.0836984838870794
test-32675,0.03563080873508693
test-32676,0.275280561205473
test-32677,0.03745075848990724
test-32678,0.02118745226266044
test-32679,0.017902543684643002
test-3268,0.10574390427924309
test-32680,0.07958009128105223
test-32681,0.08592132109463028
test-32682,0.01569945267850606
test-32683,0.009918543716151442
test-32684,0.24285956108842668
test-32685,0.13165911902329328
test-32686,0.0846182167635542
test-32687,0.016691211047446444
test-32688,0.35859162728161303
test-32689,0.012788746373480786
test-3269,0.1239586735064003
test-32690,0.07357265692355214
test-32691,0.21306200082275947
test-32692,0.02576253633520363
test-32693,0.12388218861455476
test-32694,0.016567297249643582
test-32695,0.15288811223915527
test-32696,0.1543693773528168
test-32697,0.09860381645007209
test-32698,0.07896917855603469
test-32699,0.013311547249589264
test-327,0.11060440977708365
test-3270,0.16357285829345328
test-32700,0.04545445549338207
test-32701,0.15959151370154195
test-32702,0.08836433257633267
test-32703,0.01451702140959976
test-32704,0.013661636577303285
test-32705,0.18532595167248891
test-32706,0.025235645500404517
test-32707,0.011521680987861114
test-32708,0.04120461553358884
test-32709,0.10098069506471297
test-3271,0.2970232705986067
test-32710,0.023970603743224204
test-32711,0.03280822047785209
test-32712,0.049614819560408564
test-32713,0.13891368052324504
test-32714,0.02399768661346707
test-32715,0.043951523725056146
test-32716,0.06198855036170996
test-32717,0.01691302223511299
test-32718,0.034462792400414846
test-32719,0.021996776399448914
test-3272,0.007824187713530278
test-32720,0.030123999466343757
test-32721,0.2923963589850496
test-32722,0.03911430720653294
test-32723,0.015127104177057673
test-32724,0.0869011070063049
test-32725,0.01706771991960595
test-32726,0.009447798282877992
test-32727,0.037861825073106876
test-32728,0.03612022969459142
test-32729,0.024081183429457424
test-3273,0.019773919238498618
test-32730,0.059501922873155644
test-32731,0.10720201975947645
test-32732,0.39427979348673103
test-32733,0.0888687870523802
test-32734,0.16533581740393796
test-32735,0.06083266289084576
test-32736,0.1140873148537606
test-32737,0.007367407806630141
test-32738,0.013160294761664056
test-32739,0.06803412447426488
test-3274,0.06727975062595708
test-32740,0.006965241737447087
test-32741,0.03675802313726674
test-32742,0.043399831224089185
test-32743,0.04371739997126556
test-32744,0.04371739997126556
test-32745,0.024694496801864876
test-32746,0.21137815873949434
test-32747,0.09204347970106215
test-32748,0.03790048133649849
test-32749,0.1972677119891174
test-3275,0.1848149462951061
test-32750,0.025186525859111113
test-32751,0.09268724936441676
test-32752,0.01478027331272045
test-32753,0.18462558184543912
test-32754,0.15374068821290154
test-32755,0.004550026010051289
test-32756,0.05997031636792433
test-32757,0.01798442347031709
test-32758,0.044689260717378713
test-32759,0.1664836968147684
test-3276,0.009102582230191074
test-32760,0.12819412947753134
test-32761,0.1519103133624904
test-32762,0.12455609181230616
test-32763,0.12143263438525861
test-32764,0.023423944019050107
test-32765,0.06613128233036399
test-32766,0.011251944297722829
test-32767,0.21885019846148981
test-32768,0.0669392073111586
test-32769,0.04420575903325669
test-3277,0.01714187785240687
test-32770,0.11270676799336958
test-32771,0.1529255608266036
test-32772,0.039111982647480434
test-32773,0.007839816966496342
test-32774,0.05339307069340168
test-32775,0.2923120220116295
test-32776,0.34323248552340285
test-32777,0.040047541897283656
test-32778,0.04402187412228945
test-32779,0.029319656049604556
test-3278,0.019674392464224186
test-32780,0.007103459395646547
test-32781,0.2786444542899574
test-32782,0.07958009128105223
test-32783,0.10673596523246615
test-32784,0.1884474623246505
test-32785,0.033570306848050964
test-32786,0.009525852300538649
test-32787,0.023373732607784494
test-32788,0.0928591292818259
test-32789,0.010002462056467694
test-3279,0.1250665930664888
test-32790,0.03145328006590701
test-32791,0.2573020007370559
test-32792,0.03230893304272621
test-32793,0.32109039664668665
test-32794,0.012227516702158277
test-32795,0.05696161965524481
test-32796,0.07958009128105223
test-32797,0.013981416839959387
test-32798,0.1689288097257411
test-32799,0.2037177776937779
test-328,0.04252105837468247
test-3280,0.2694367396029458
test-32800,0.007741528464867412
test-32801,0.15232189444536587
test-32802,0.20438892131538713
test-32803,0.2812398923278473
test-32804,0.15290499257687992
test-32805,0.04475351461529831
test-32806,0.3245661838835647
test-32807,0.022775479189902696
test-32808,0.004135786781363925
test-32809,0.015410371494916258
test-3281,0.07096762088756561
test-32810,0.08091840458510943
test-32811,0.03759468323935809
test-32812,0.1363804111974173
test-32813,0.15915032793268935
test-32814,0.06127948724721313
test-32815,0.10270697481318937
test-32816,0.2893705219744656
test-32817,0.008868285859349638
test-32818,0.10013910459312882
test-32819,0.13753519679798182
test-3282,0.16684345572158968
test-32820,0.026811667107034236
test-32821,0.15364984405973262
test-32822,0.2868342432363889
test-32823,0.008151781552604976
test-32824,0.06500932714521988
test-32825,0.02912335805474075
test-32826,0.010083085105058637
test-32827,0.011171684817864626
test-32828,0.057428967156756966
test-32829,0.04409908001591397
test-3283,0.05316259773815751
test-32830,0.04944894065792557
test-32831,0.024018580701254764
test-32832,0.05057656729455975
test-32833,0.011739401715650839
test-32834,0.10209116971692427
test-32835,0.1937356578395604
test-32836,0.034462792400414846
test-32837,0.424128376768864
test-32838,0.03494815995673306
test-32839,0.020905873965449087
test-3284,0.022528424075484728
test-32840,0.024007964667771723
test-32841,0.09435854111353265
test-32842,0.030282596372868138
test-32843,0.029939797628260278
test-32844,0.20946125021337889
test-32845,0.031803520986932135
test-32846,0.212855186128283
test-32847,0.061443271656215236
test-32848,0.28789486696042543
test-32849,0.09567967129836069
test-3285,0.009930261862667161
test-32850,0.07368970802550642
test-32851,0.13731171035429612
test-32852,0.12940278076407705
test-32853,0.053146376743744506
test-32854,0.0579432684196716
test-32855,0.322212968815023
test-32856,0.08267443277772625
test-32857,0.01940919517227771
test-32858,0.027981596557351798
test-32859,0.22756044694902233
test-3286,0.016844515852104516
test-32860,0.28943611592203206
test-32861,0.030948196521136003
test-32862,0.05671558346931283
test-32863,0.07984673877477892
test-32864,0.028630484454961396
test-32865,0.02966002203349489
test-32866,0.11607553849948815
test-32867,0.027090041895957966
test-32868,0.1384401243442381
test-32869,0.28874091509804356
test-3287,0.22588596379387463
test-32870,0.030922398012009363
test-32871,0.09787796055403811
test-32872,0.041644692851619175
test-32873,0.18465003351478085
test-32874,0.016926426380529287
test-32875,0.0687732139720173
test-32876,0.03527451802193063
test-32877,0.16071738249566725
test-32878,0.16465379238486721
test-32879,0.09591504578607489
test-3288,0.12758801666893282
test-32880,0.1606769991017018
test-32881,0.10200515735534718
test-32882,0.016861499119037733
test-32883,0.3102396731366353
test-32884,0.1254081802021209
test-32885,0.02037235823447466
test-32886,0.10546327069350181
test-32887,0.00671804056835763
test-32888,0.4130406270039422
test-32889,0.07896917855603469
test-3289,0.01940111425126574
test-32890,0.06807277471988875
test-32891,0.018725637531066944
test-32892,0.0982974165091555
test-32893,0.041314408906568977
test-32894,0.0479211416483873
test-32895,0.014986553764021786
test-32896,0.05858088488804034
test-32897,0.009260046618672652
test-32898,0.035103303711779006
test-32899,0.014311481022827335
test-329,0.07955672582119087
test-3290,0.1958297863064588
test-32900,0.027752464689136187
test-32901,0.015965181269347945
test-32902,0.019029057091265428
test-32903,0.026176888827773286
test-32904,0.0669392073111586
test-32905,0.0419916106374656
test-32906,0.0070398846445911475
test-32907,0.011884478351503797
test-32908,0.015135118226641818
test-32909,0.09435854111353265
test-3291,0.09651342877341024
test-32910,0.21479653064340315
test-32911,0.0339779639574881
test-32912,0.135063718574386
test-32913,0.10162037367001546
test-32914,0.08812083804065242
test-32915,0.0934867975760666
test-32916,0.1614526974511622
test-32917,0.15904445730710795
test-32918,0.06441376475147162
test-32919,0.0495626207658659
test-3292,0.021042070815130348
test-32920,0.17112458626874202
test-32921,0.052684037459789425
test-32922,0.010261695057064129
test-32923,0.02702640018911961
test-32924,0.2494898635904887
test-32925,0.03373532920755399
test-32926,0.12104821237559892
test-32927,0.28612571087345434
test-32928,0.021936630997613137
test-32929,0.017077408350179173
test-3293,0.03299878102855712
test-32930,0.03670189167955589
test-32931,0.014619464197079475
test-32932,0.04126464208717284
test-32933,0.1726311172865388
test-32934,0.10022332301988479
test-32935,0.2511438305573274
test-32936,0.28461561353184217
test-32937,0.11923223492764934
test-32938,0.32580356895529605
test-32939,0.06693039331994388
test-3294,0.09944091773220926
test-32940,0.012922289814206178
test-32941,0.0765176442062777
test-32942,0.01605638725158736
test-32943,0.0669392073111586
test-32944,0.02759995246664544
test-32945,0.009165837094584364
test-32946,0.04973803027372902
test-32947,0.01458879049627292
test-32948,0.016689137530504414
test-32949,0.05513169457497416
test-3295,0.013138351666057986
test-32950,0.3281632005928371
test-32951,0.01913543318366828
test-32952,0.09605330339125556
test-32953,0.019463083348133188
test-32954,0.040538147814358924
test-32955,0.024583705526552296
test-32956,0.11296033710663733
test-32957,0.008901990506864679
test-32958,0.2421528374592125
test-32959,0.01826574244520896
test-3296,0.010213339690405379
test-32960,0.04650743246244876
test-32961,0.05032456663616559
test-32962,0.05027134240656719
test-32963,0.01676558207385426
test-32964,0.10691121841907442
test-32965,0.16034068360358894
test-32966,0.007339790055498441
test-32967,0.31311252640111137
test-32968,0.017631595262354003
test-32969,0.060764306368910066
test-3297,0.10553398546414212
test-32970,0.014764928985818188
test-32971,0.061577899304617906
test-32972,0.017759020963952623
test-32973,0.07860807744935307
test-32974,0.02509163900333104
test-32975,0.08196973207204497
test-32976,0.3158158070699909
test-32977,0.03909311673005164
test-32978,0.02784835461398378
test-32979,0.06035595287369519
test-3298,0.019483731454603647
test-32980,0.010870280813417494
test-32981,0.15256105970994738
test-32982,0.011843770168724765
test-32983,0.1219344629246975
test-32984,0.06983136155849988
test-32985,0.012435232831209913
test-32986,0.01004959883916264
test-32987,0.15992204749987166
test-32988,0.11124753992781607
test-32989,0.197286025661373
test-3299,0.0075944563816811176
test-32990,0.19956654079346312
test-32991,0.018570916847430747
test-32992,0.19905928878220697
test-32993,0.25788273733967376
test-32994,0.09442793442436977
test-32995,0.031751049529724976
test-32996,0.028974053244902803
test-32997,0.03897666591629338
test-32998,0.01752076658971573
test-32999,0.013523527728824215
test-33,0.008651415063227351
test-330,0.008149002485368602
test-3300,0.04118335516668681
test-33000,0.2701031285864878
test-33001,0.0745316755206956
test-33002,0.015833607678897417
test-33003,0.016800270098626214
test-33004,0.06803412447426488
test-33005,0.040982320934822014
test-33006,0.17828854352677215
test-33007,0.04348605068688691
test-33008,0.04211632524103658
test-33009,0.0669392073111586
test-3301,0.03595738534511423
test-33010,0.011803246860551822
test-33011,0.1387493781842027
test-33012,0.04916256168233868
test-33013,0.06430556819037074
test-33014,0.1844588749174802
test-33015,0.006308869074207436
test-33016,0.0669392073111586
test-33017,0.11237709296223541
test-33018,0.035866940902089965
test-33019,0.01419409211330423
test-3302,0.20514823807358007
test-33020,0.05713560840539183
test-33021,0.03628017251863496
test-33022,0.017504836850439316
test-33023,0.05400256287771402
test-33024,0.009034911433681554
test-33025,0.011030138218203044
test-33026,0.03420273674371125
test-33027,0.04301208359899352
test-33028,0.0269191815717441
test-33029,0.013959206244129012
test-3303,0.018600094104012335
test-33030,0.008142341901177876
test-33031,0.03396762032716673
test-33032,0.09379823831791981
test-33033,0.31246331718000564
test-33034,0.04252105837468247
test-33035,0.011164696376767501
test-33036,0.013631076096040038
test-33037,0.19043548692061618
test-33038,0.23979146185295222
test-33039,0.05266261909476349
test-3304,0.022617190542851547
test-33040,0.2674324471488931
test-33041,0.016173446143953506
test-33042,0.01559300432114731
test-33043,0.03611678123236193
test-33044,0.009530064564150809
test-33045,0.04510248413652411
test-33046,0.025426500125364012
test-33047,0.051344901591978125
test-33048,0.02845017083542245
test-33049,0.022265740725798833
test-3305,0.059366772382209
test-33050,0.12673826606819205
test-33051,0.10142255586859421
test-33052,0.28616647154972297
test-33053,0.014896400080612453
test-33054,0.02869652639209735
test-33055,0.04691836229725735
test-33056,0.03991427570930743
test-33057,0.22237693024237568
test-33058,0.03679739602520324
test-33059,0.08176558328556668
test-3306,0.00987371053128777
test-33060,0.03318424321666856
test-33061,0.04083734504710711
test-33062,0.03963558132521048
test-33063,0.15275998079471068
test-33064,0.3060339782149981
test-33065,0.25438247457343305
test-33066,0.09285365470996271
test-33067,0.009984776730042668
test-33068,0.10038121878467902
test-33069,0.009307569985703883
test-3307,0.0401614446037467
test-33070,0.04247980001859572
test-33071,0.28114404722532615
test-33072,0.054527705425753914
test-33073,0.014470762708349622
test-33074,0.016229963949238688
test-33075,0.09206040546691587
test-33076,0.28977005816167395
test-33077,0.29630092508017286
test-33078,0.0322560369895652
test-33079,0.06758318228399157
test-3308,0.18305096963633144
test-33080,0.03525668658499194
test-33081,0.044357812045378316
test-33082,0.015578630104463698
test-33083,0.013753318549066317
test-33084,0.03603062294911097
test-33085,0.041675933137286646
test-33086,0.06276278400758918
test-33087,0.2748593081702531
test-33088,0.18933821158850714
test-33089,0.02785063280193205
test-3309,0.01054599301127456
test-33090,0.25161984481348304
test-33091,0.15749217812237495
test-33092,0.06278249576926327
test-33093,0.02072679396266702
test-33094,0.26371567754484576
test-33095,0.032052907612451394
test-33096,0.02224207910562187
test-33097,0.012224663740071147
test-33098,0.30673220631571635
test-33099,0.0644039662043734
test-331,0.012608597903747413
test-3310,0.10803860809830294
test-33100,0.05540512754905284
test-33101,0.0765176442062777
test-33102,0.31550847351172256
test-33103,0.020521399979532954
test-33104,0.022894289134766842
test-33105,0.019413227938525117
test-33106,0.3621147227623796
test-33107,0.03158180832673118
test-33108,0.024694496801864876
test-33109,0.07092435022806931
test-3311,0.010358666732040589
test-33110,0.02838191134268581
test-33111,0.031746864855023614
test-33112,0.26905772254220034
test-33113,0.04252105837468247
test-33114,0.3267316099443742
test-33115,0.011256059551103955
test-33116,0.083001824409186
test-33117,0.013119195642410568
test-33118,0.022944535181318705
test-33119,0.1007732522518465
test-3312,0.08936049793815136
test-33120,0.0161419762237347
test-33121,0.0068939710295931895
test-33122,0.13081052962936066
test-33123,0.01816382862941814
test-33124,0.08578938578703892
test-33125,0.027545699533449063
test-33126,0.025933464629957693
test-33127,0.030860211436749246
test-33128,0.011608315057116078
test-33129,0.3366006339362821
test-3313,0.017117212431209738
test-33130,0.08527544852400948
test-33131,0.40914661054400314
test-33132,0.02711992401830084
test-33133,0.24410333588754304
test-33134,0.07799433853261355
test-33135,0.10440598069529372
test-33136,0.019372132451448733
test-33137,0.06390585972311909
test-33138,0.013923571020653495
test-33139,0.019282984525144174
test-3314,0.052280983853662734
test-33140,0.01323817564959788
test-33141,0.07145611652820774
test-33142,0.013876298874662227
test-33143,0.09598450543555212
test-33144,0.17056737353958626
test-33145,0.07049674270290912
test-33146,0.0257832188645208
test-33147,0.012724861613714004
test-33148,0.05692728558322638
test-33149,0.02675631766827895
test-3315,0.07183661087020381
test-33150,0.1855899398448829
test-33151,0.06897568375433608
test-33152,0.02981857503725756
test-33153,0.23785414048817588
test-33154,0.027178823867090626
test-33155,0.0283473778321131
test-33156,0.015274908497661275
test-33157,0.00871969645099931
test-33158,0.17210634717548712
test-33159,0.03471240629505726
test-3316,0.07163429666651984
test-33160,0.04727423555436045
test-33161,0.14964668096218592
test-33162,0.02160678382988693
test-33163,0.07154554671561687
test-33164,0.1083581351891023
test-33165,0.024031087888125798
test-33166,0.0322560369895652
test-33167,0.018871396689170913
test-33168,0.005561173645410725
test-33169,0.0836160361599026
test-3317,0.006195272350535294
test-33170,0.01759415233452327
test-33171,0.06449342070247566
test-33172,0.014297578341174285
test-33173,0.3786983075700757
test-33174,0.15871286961425668
test-33175,0.01620316046953639
test-33176,0.3267316099443742
test-33177,0.11008665779189547
test-33178,0.07958009128105223
test-33179,0.005337499368434761
test-3318,0.08592132109463028
test-33180,0.3655113239938006
test-33181,0.016647829534930807
test-33182,0.13047026525030553
test-33183,0.16365663613074735
test-33184,0.026263997633159064
test-33185,0.12483822089434844
test-33186,0.034857233555653254
test-33187,0.02514563143267798
test-33188,0.3471631373817239
test-33189,0.00942686026986734
test-3319,0.020661256507338438
test-33190,0.01879146911154149
test-33191,0.18418539639569032
test-33192,0.00825387662452471
test-33193,0.10930464964587214
test-33194,0.013506125910604488
test-33195,0.0296905336775621
test-33196,0.01815741447110479
test-33197,0.03803366583097526
test-33198,0.03950915470502685
test-33199,0.009328582548727172
test-332,0.1735629827690284
test-3320,0.03263256366981311
test-33200,0.02039487051711086
test-33201,0.03306275907540617
test-33202,0.12496940024076622
test-33203,0.05959779949811448
test-33204,0.013506358968144118
test-33205,0.25425830275953704
test-33206,0.012075704752698844
test-33207,0.018244455190677886
test-33208,0.046668476876668974
test-33209,0.12366632774524698
test-3321,0.1863807634065692
test-33210,0.04252105837468247
test-33211,0.16695447271917302
test-33212,0.06769227346933265
test-33213,0.04166386701592093
test-33214,0.011981633037591788
test-33215,0.02925580883786919
test-33216,0.024329354642839245
test-33217,0.11727119433299156
test-33218,0.017451353079529767
test-33219,0.08828397072912737
test-3322,0.01186335615302292
test-33220,0.3055845006972997
test-33221,0.0669392073111586
test-33222,0.012442456793599305
test-33223,0.027074256659109095
test-33224,0.010332491040065879
test-33225,0.0669392073111586
test-33226,0.1659321137590495
test-33227,0.02676708281797911
test-33228,0.13828101195978967
test-33229,0.06980830189606753
test-3323,0.013155335380437063
test-33230,0.028213180565821328
test-33231,0.14320550697344783
test-33232,0.3537581680232598
test-33233,0.043447753026877894
test-33234,0.012016175873449495
test-33235,0.03793393929622173
test-33236,0.026656386425945647
test-33237,0.10580053776578179
test-33238,0.3442904082191313
test-33239,0.014130474721428928
test-3324,0.09605190791435364
test-33240,0.04475351461529831
test-33241,0.021943156355399795
test-33242,0.10882222494060478
test-33243,0.256163099567202
test-33244,0.3034825355251072
test-33245,0.021740891784233957
test-33246,0.01590358886144805
test-33247,0.2407686096062262
test-33248,0.2798198137036326
test-33249,0.024490748632025185
test-3325,0.15446073276126895
test-33250,0.11953215513803758
test-33251,0.09880802911743523
test-33252,0.018774084979165866
test-33253,0.024865726746606854
test-33254,0.09228402914224801
test-33255,0.1754848974824191
test-33256,0.06818053641718015
test-33257,0.032975719606324956
test-33258,0.18275935945593252
test-33259,0.1457140108598141
test-3326,0.0768100952258337
test-33260,0.01129796531464506
test-33261,0.1142139043742111
test-33262,0.07896917855603469
test-33263,0.021909636489481608
test-33264,0.31905536907935833
test-33265,0.21034649152930143
test-33266,0.016302619346656954
test-33267,0.011142054807199783
test-33268,0.024306267393324518
test-33269,0.09526063506268198
test-3327,0.009928707470995125
test-33270,0.08949687815027686
test-33271,0.2746701776386144
test-33272,0.04475351461529831
test-33273,0.04160682374747768
test-33274,0.05270298724847435
test-33275,0.07232491613003875
test-33276,0.315107226151039
test-33277,0.1074276041366082
test-33278,0.01836755744191055
test-33279,0.062335148864845154
test-3328,0.024015408283445186
test-33280,0.03160706870642078
test-33281,0.021528190749961748
test-33282,0.014941659125485982
test-33283,0.04566446976555133
test-33284,0.015532090939904899
test-33285,0.09431051852667523
test-33286,0.15035195287559802
test-33287,0.037487208496201595
test-33288,0.24140651190977508
test-33289,0.18450478657678546
test-3329,0.01263221411230989
test-33290,0.06850440423426604
test-33291,0.2047724761967971
test-33292,0.07825960496701717
test-33293,0.05728958059130977
test-33294,0.2651197345118816
test-33295,0.34223675852065555
test-33296,0.03595652033965403
test-33297,0.23396496152673474
test-33298,0.017953027065630095
test-33299,0.029045309126202734
test-333,0.16695447271917302
test-3330,0.02997527127049063
test-33300,0.010961998341553127
test-33301,0.18953257093957304
test-33302,0.012229103429423809
test-33303,0.023213359426016378
test-33304,0.3039688677545826
test-33305,0.18398526347552896
test-33306,0.06934165944078462
test-33307,0.08644401072352592
test-33308,0.03613586159671129
test-33309,0.19234382342660808
test-3331,0.12334782021233097
test-33310,0.014767644723515915
test-33311,0.02987453046614885
test-33312,0.016129049100189023
test-33313,0.049181855473476345
test-33314,0.0669392073111586
test-33315,0.08003083037374147
test-33316,0.0560292508556699
test-33317,0.2018336170611952
test-33318,0.023804625258076258
test-33319,0.07896917855603469
test-3332,0.023352784748684154
test-33320,0.315107226151039
test-33321,0.038880530690544236
test-33322,0.01830730468248711
test-33323,0.007502152466879437
test-33324,0.16924049496023252
test-33325,0.2279181639604395
test-33326,0.009925063589761356
test-33327,0.021975912986188208
test-33328,0.09451958107668162
test-33329,0.06709418361029962
test-3333,0.03160706870642078
test-33330,0.13576363447935239
test-33331,0.06728515036390498
test-33332,0.08962782951307559
test-33333,0.02764734041626786
test-33334,0.05745040110534035
test-33335,0.018489514977965582
test-33336,0.034462792400414846
test-33337,0.01952270885407427
test-33338,0.02433990750543742
test-33339,0.06769227346933265
test-3334,0.0070590685274447675
test-33340,0.03463545099022242
test-33341,0.18951631437423627
test-33342,0.11781770096732781
test-33343,0.18578523101840871
test-33344,0.08697270664834447
test-33345,0.08290872674684348
test-33346,0.19616086260435484
test-33347,0.007071846683698989
test-33348,0.08901529325697843
test-33349,0.010663423301942157
test-3335,0.1127279061666934
test-33350,0.08300831382827645
test-33351,0.1955436716053748
test-33352,0.011606674389271435
test-33353,0.024352693015900474
test-33354,0.19640499243644216
test-33355,0.0979915235413413
test-33356,0.1335324624607211
test-33357,0.20076579714671464
test-33358,0.03284845592703947
test-33359,0.05841868084840456
test-3336,0.09338711572432057
test-33360,0.12466564908881349
test-33361,0.07588736343655789
test-33362,0.07147440237568771
test-33363,0.1419765900472142
test-33364,0.11953437875662863
test-33365,0.01518312444971554
test-33366,0.2367824585032181
test-33367,0.07825714499228684
test-33368,0.12213178956872289
test-33369,0.15391318323345482
test-3337,0.02061689692456837
test-33370,0.010733842965759285
test-33371,0.006082761606607363
test-33372,0.029654809430899296
test-33373,0.013298335133473144
test-33374,0.026058835445933244
test-33375,0.02079339307459661
test-33376,0.2110657708369301
test-33377,0.14584971832814003
test-33378,0.01164566582894388
test-33379,0.12819412947753134
test-3338,0.0150928562206517
test-33380,0.011866325491463485
test-33381,0.007372814830863567
test-33382,0.09443676231148865
test-33383,0.18080951728938083
test-33384,0.24715947967771976
test-33385,0.13814202032807593
test-33386,0.20601135324681621
test-33387,0.01599747754775933
test-33388,0.12829288173144898
test-33389,0.2531111334958406
test-3339,0.0775700689048106
test-33390,0.08349535553597165
test-33391,0.25559389283524714
test-33392,0.02314792671983182
test-33393,0.19519854497692427
test-33394,0.031941259127276314
test-33395,0.12249642571331844
test-33396,0.019485672435157034
test-33397,0.1144489522313882
test-33398,0.2563273936077646
test-33399,0.04544203111761074
test-334,0.10911648018366879
test-3340,0.2967286531661432
test-33400,0.029873094845865495
test-33401,0.06780007547058643
test-33402,0.16494012844870187
test-33403,0.12819412947753134
test-33404,0.028231343595340297
test-33405,0.016186416369884243
test-33406,0.09128026869297234
test-33407,0.04892591519746224
test-33408,0.05018946451633349
test-33409,0.01696438441409176
test-3341,0.1535174275816386
test-33410,0.09171652329110452
test-33411,0.21420257545284377
test-33412,0.1613952628471892
test-33413,0.006982779756623047
test-33414,0.04166386701592093
test-33415,0.02300918918415454
test-33416,0.03169832376697381
test-33417,0.0669392073111586
test-33418,0.011201630439494577
test-33419,0.018964905840925295
test-3342,0.21678991858611896
test-33420,0.08181116950240602
test-33421,0.014317298832479564
test-33422,0.1850450631203268
test-33423,0.007071359265855673
test-33424,0.028215527796812124
test-33425,0.27854247086703776
test-33426,0.14542036255563395
test-33427,0.1293593198327612
test-33428,0.01729236981024
test-33429,0.008214833837795673
test-3343,0.18797808955957357
test-33430,0.017302710569102646
test-33431,0.03274373337007924
test-33432,0.015957313488086995
test-33433,0.030335608896396832
test-33434,0.1614081155689679
test-33435,0.08807177823831315
test-33436,0.012803290350664956
test-33437,0.03871140113130319
test-33438,0.2262887729828075
test-33439,0.02980127913271256
test-3344,0.008447375149109638
test-33440,0.1610991904477926
test-33441,0.1724821730953642
test-33442,0.09481646944150242
test-33443,0.14040323817650532
test-33444,0.2894116826044946
test-33445,0.00937735827425131
test-33446,0.0221006665844614
test-33447,0.038742622893251165
test-33448,0.010008754599847465
test-33449,0.021074186693926886
test-3345,0.19684078882572892
test-33450,0.010373024421897718
test-33451,0.24038040825725593
test-33452,0.009391444984652917
test-33453,0.18877797228648707
test-33454,0.031573277611457166
test-33455,0.18473145066991548
test-33456,0.01122877648505953
test-33457,0.16586854753807995
test-33458,0.03568253280045156
test-33459,0.1251467219496331
test-3346,0.14655829543236135
test-33460,0.22935553670529815
test-33461,0.06769227346933265
test-33462,0.06508237980969493
test-33463,0.09538853959833127
test-33464,0.020785413051632375
test-33465,0.035424678669387824
test-33466,0.24744411879258038
test-33467,0.028029553368464136
test-33468,0.3515627092644664
test-33469,0.210649272390982
test-3347,0.0231014474431284
test-33470,0.022155610195133676
test-33471,0.03499317846868673
test-33472,0.03485639142961219
test-33473,0.025702087489908675
test-33474,0.0846182167635542
test-33475,0.10812230317096443
test-33476,0.06558543347912044
test-33477,0.17920927640627876
test-33478,0.010835473765823868
test-33479,0.06921833144662524
test-3348,0.02327933124562809
test-33480,0.020748142438919096
test-33481,0.032620055584339176
test-33482,0.012330690807614888
test-33483,0.0525965269954985
test-33484,0.1230886227064445
test-33485,0.2518228744504913
test-33486,0.01304164621052352
test-33487,0.06473262486753407
test-33488,0.01238667844835287
test-33489,0.02097540592519649
test-3349,0.026802089312871626
test-33490,0.3653993699022361
test-33491,0.00961961720447271
test-33492,0.020011987806954998
test-33493,0.16230564803944747
test-33494,0.06481652240896468
test-33495,0.24892318902637534
test-33496,0.009573543807472325
test-33497,0.02083777281992808
test-33498,0.04058985487195475
test-33499,0.011359874430755456
test-335,0.04825179712292608
test-3350,0.008544030881112285
test-33500,0.03516852382577821
test-33501,0.23359474402556196
test-33502,0.14199957512663774
test-33503,0.009689014692526868
test-33504,0.247163339673476
test-33505,0.2265165000120242
test-33506,0.011692726545762118
test-33507,0.013861878690043843
test-33508,0.06218041676341751
test-33509,0.014965661333446829
test-3351,0.015917199930848957
test-33510,0.060830464168921544
test-33511,0.02553561584589675
test-33512,0.009330537767053757
test-33513,0.028543275795995415
test-33514,0.13844485831116107
test-33515,0.3050363578830292
test-33516,0.01716678079791648
test-33517,0.248033924657857
test-33518,0.1771200855862264
test-33519,0.015518179326674921
test-3352,0.005874363343791298
test-33520,0.019550193339733565
test-33521,0.010915319991269908
test-33522,0.05487776745599645
test-33523,0.07594366228684125
test-33524,0.03746249175713237
test-33525,0.19157123091867076
test-33526,0.08851586122144656
test-33527,0.12910810347499574
test-33528,0.019008823395517252
test-33529,0.014139640795586519
test-3353,0.01719955701776939
test-33530,0.021774408820473188
test-33531,0.14660621249274897
test-33532,0.11663490222465693
test-33533,0.3198235686144016
test-33534,0.1501655086081887
test-33535,0.02655743760349713
test-33536,0.012784001229000197
test-33537,0.2245864340368646
test-33538,0.022023821151709932
test-33539,0.006531947866173831
test-3354,0.18222092127818335
test-33540,0.04025835699178875
test-33541,0.047776997466947316
test-33542,0.02793341278633794
test-33543,0.019771560560590668
test-33544,0.08381863121288105
test-33545,0.019070860357363016
test-33546,0.01397675103601954
test-33547,0.11439032462650442
test-33548,0.03355446514477619
test-33549,0.0380957092077338
test-3355,0.11303400233990964
test-33550,0.013694787519510504
test-33551,0.012327448442231857
test-33552,0.04090070269188443
test-33553,0.009713997423482714
test-33554,0.030687956293460824
test-33555,0.25383205283856064
test-33556,0.030146040987898137
test-33557,0.13888644184101961
test-33558,0.11931524104927653
test-33559,0.19743206482037587
test-3356,0.06385913082583938
test-33560,0.036592687707977335
test-33561,0.08469207989574525
test-33562,0.13090334066074646
test-33563,0.12989825472387892
test-33564,0.016420455640207898
test-33565,0.03603062294911097
test-33566,0.024152390785018886
test-33567,0.0761248176814107
test-33568,0.09644236847140984
test-33569,0.10623976133675009
test-3357,0.09139921057154951
test-33570,0.04174749779878445
test-33571,0.22462009190619012
test-33572,0.014099862724677349
test-33573,0.011216496268798188
test-33574,0.08276327458469032
test-33575,0.07884785186121616
test-33576,0.21227955950824645
test-33577,0.40786541024547146
test-33578,0.026673223369088624
test-33579,0.08441526589882031
test-3358,0.014052728228875912
test-33580,0.08439952573333968
test-33581,0.026855767700970392
test-33582,0.08196973207204497
test-33583,0.16132429168529552
test-33584,0.026938120695389114
test-33585,0.056391525169121104
test-33586,0.0679179032863085
test-33587,0.03098790299790094
test-33588,0.15965449062459794
test-33589,0.009717786332897639
test-3359,0.1004444114696403
test-33590,0.2247077080672911
test-33591,0.11973506369576198
test-33592,0.2729198409002501
test-33593,0.07441417119564717
test-33594,0.03957797408190487
test-33595,0.04406130631091088
test-33596,0.06766156955471482
test-33597,0.10792391670843522
test-33598,0.12663596937894922
test-33599,0.01291028352846854
test-336,0.22865491891745446
test-3360,0.39077631334445395
test-33600,0.038320231681002265
test-33601,0.09985649801372733
test-33602,0.27587745869218344
test-33603,0.016899548695189254
test-33604,0.20152267967302295
test-33605,0.09768372333163111
test-33606,0.02334139418751192
test-33607,0.01148941297623296
test-33608,0.026759662369014864
test-33609,0.010626317938131149
test-3361,0.12685488794261457
test-33610,0.029513498935467196
test-33611,0.0366900459855652
test-33612,0.25618397032649265
test-33613,0.020980048166440675
test-33614,0.11576505114073006
test-33615,0.012229395146728923
test-33616,0.16695447271917302
test-33617,0.014024561175325802
test-33618,0.025940268865703747
test-33619,0.03699546077989332
test-3362,0.41727580565738814
test-33620,0.02712393207850252
test-33621,0.03517554983071838
test-33622,0.07958009128105223
test-33623,0.016970609916195523
test-33624,0.21747881219679344
test-33625,0.14249753086975311
test-33626,0.06613128233036399
test-33627,0.04315587774234556
test-33628,0.06082724688759789
test-33629,0.01684826637183303
test-3363,0.010322987411318816
test-33630,0.3428513570409565
test-33631,0.027471521470755177
test-33632,0.025377890692986117
test-33633,0.019075805170531392
test-33634,0.39305283365868043
test-33635,0.019755780738190946
test-33636,0.029372768856946486
test-33637,0.12729568107018244
test-33638,0.11244620761719701
test-33639,0.21129486704473274
test-3364,0.023314017814971513
test-33640,0.20566828798049677
test-33641,0.14595709685839786
test-33642,0.19250537746326596
test-33643,0.11032620759235902
test-33644,0.22196324632681813
test-33645,0.007161170464761124
test-33646,0.09727224485926239
test-33647,0.03843283884072566
test-33648,0.03509020340878764
test-33649,0.08474693944463584
test-3365,0.0173696774484928
test-33650,0.07984600052248031
test-33651,0.3026452602996593
test-33652,0.006219090003841039
test-33653,0.030167536031757345
test-33654,0.01016306889936116
test-33655,0.023984901122936435
test-33656,0.1545009407557797
test-33657,0.041614410207989894
test-33658,0.02811316084819959
test-33659,0.020649466395830467
test-3366,0.010749921884734072
test-33660,0.010949252008571908
test-33661,0.057054878121838855
test-33662,0.06269303984235602
test-33663,0.024735161992713802
test-33664,0.01670388549180383
test-33665,0.16865673940657414
test-33666,0.01104311231959141
test-33667,0.02000484493772922
test-33668,0.007062337410559697
test-33669,0.04518054586449022
test-3367,0.01030177889279759
test-33670,0.03278142455846469
test-33671,0.026005805996750016
test-33672,0.1461157951256828
test-33673,0.3636348764350126
test-33674,0.08209081737730253
test-33675,0.1386854259220876
test-33676,0.008073875836204347
test-33677,0.013208896579183728
test-33678,0.14703489239516507
test-33679,0.3611326154345842
test-3368,0.07447631002345562
test-33680,0.007995442820934564
test-33681,0.22747851223748852
test-33682,0.18889237071174927
test-33683,0.1343478038325323
test-33684,0.03416329664660032
test-33685,0.10961036127915322
test-33686,0.04201587544696237
test-33687,0.027511832068450044
test-33688,0.03948732036128895
test-33689,0.1808510796471612
test-3369,0.03991427570930743
test-33690,0.13844485831116107
test-33691,0.0669392073111586
test-33692,0.28083271562065704
test-33693,0.012539200252333857
test-33694,0.017696063282669965
test-33695,0.03763448139013755
test-33696,0.23515088810920878
test-33697,0.02678261005967711
test-33698,0.017606067160698832
test-33699,0.03513264788487959
test-337,0.13515549658171416
test-3370,0.018919593253776026
test-33700,0.20076579714671464
test-33701,0.14149067775354982
test-33702,0.044472564421053754
test-33703,0.046448965564666975
test-33704,0.03276881549130318
test-33705,0.06812864306617097
test-33706,0.021183332557466072
test-33707,0.10385550552070946
test-33708,0.0189114761991466
test-33709,0.15268685861692943
test-3371,0.07515523999548554
test-33710,0.026187817057417805
test-33711,0.014448990240790775
test-33712,0.09435854111353265
test-33713,0.28461908244463063
test-33714,0.015213773230653312
test-33715,0.010072820894914845
test-33716,0.1490927348977253
test-33717,0.20563897268094244
test-33718,0.02030595953667412
test-33719,0.014261157585144176
test-3372,0.01565814274465902
test-33720,0.019444751094682508
test-33721,0.019872867607413285
test-33722,0.09394507126896243
test-33723,0.19391261682361802
test-33724,0.08469207989574525
test-33725,0.14791896802262275
test-33726,0.013162335739859083
test-33727,0.010695884049781931
test-33728,0.07984600052248031
test-33729,0.13622258701672618
test-3373,0.019334469543048044
test-33730,0.017397959704859293
test-33731,0.19905928878220697
test-33732,0.25396647405299083
test-33733,0.03902516233390028
test-33734,0.02963520115477721
test-33735,0.19265845260231856
test-33736,0.014953728041323696
test-33737,0.10943460614324511
test-33738,0.02986716839794951
test-33739,0.09385982253514215
test-3374,0.046246429484705094
test-33740,0.023068105581474315
test-33741,0.00811465592326651
test-33742,0.011893862587034483
test-33743,0.2756611667381499
test-33744,0.14341590628354015
test-33745,0.12241768296867693
test-33746,0.07554225079039234
test-33747,0.014870191251552796
test-33748,0.08219192647824698
test-33749,0.01992363590309673
test-3375,0.01015260090573795
test-33750,0.03873641520142389
test-33751,0.023343648455671495
test-33752,0.14975322305949848
test-33753,0.01395593935710417
test-33754,0.026726956638489778
test-33755,0.008388724831525404
test-33756,0.027435445318251844
test-33757,0.015885712761223716
test-33758,0.009913717202272987
test-33759,0.02912335805474075
test-3376,0.0896457001056734
test-33760,0.07779369658451572
test-33761,0.1500809583019697
test-33762,0.08890115724917734
test-33763,0.024181746901883246
test-33764,0.028572939276841246
test-33765,0.013306282346271302
test-33766,0.11301112601605938
test-33767,0.00887709608893385
test-33768,0.04151386823971044
test-33769,0.1552658211824457
test-3377,0.019588180344716405
test-33770,0.15050182490554406
test-33771,0.33635535843854614
test-33772,0.12366632774524698
test-33773,0.019230758740099472
test-33774,0.03355403077527231
test-33775,0.058112836966219585
test-33776,0.04201587544696237
test-33777,0.010226410334377937
test-33778,0.13866650405296535
test-33779,0.2105880530422143
test-3378,0.02999055135808157
test-33780,0.06659652038098712
test-33781,0.008243376396070342
test-33782,0.044960148491139024
test-33783,0.01778118655723279
test-33784,0.11950984346384483
test-33785,0.02101193949347939
test-33786,0.06265055766897588
test-33787,0.020466084595071966
test-33788,0.13427187521081005
test-33789,0.0761463288834153
test-3379,0.04252105837468247
test-33790,0.04252105837468247
test-33791,0.20566950765834058
test-33792,0.032152923912313024
test-33793,0.010151090437220834
test-33794,0.2520944155446072
test-33795,0.15317498428289675
test-33796,0.01959386623612518
test-33797,0.024352474464824383
test-33798,0.048194488452354384
test-33799,0.24269008061704164
test-338,0.010945561161657435
test-3380,0.22124874170730857
test-33800,0.04931123736026555
test-33801,0.07542994166250831
test-33802,0.023477204721731752
test-33803,0.25790134709925094
test-33804,0.008510022604565919
test-33805,0.21815495933938858
test-33806,0.01994417651181871
test-33807,0.013532515840382514
test-33808,0.09787796055403811
test-33809,0.1622458094445024
test-3381,0.01416205472929018
test-33810,0.040778139965569775
test-33811,0.017361831295379042
test-33812,0.009578703891479834
test-33813,0.14353899694688055
test-33814,0.12663596937894922
test-33815,0.010388978101442018
test-33816,0.014373814663533477
test-33817,0.04815304499224502
test-33818,0.14553694076409418
test-33819,0.011101019048700941
test-3382,0.011245324025381424
test-33820,0.009107169706633573
test-33821,0.27059371337015886
test-33822,0.05015468531813707
test-33823,0.015065775204403897
test-33824,0.24968469831062576
test-33825,0.013357289013472086
test-33826,0.04224787667521027
test-33827,0.019753469242757365
test-33828,0.04475351461529831
test-33829,0.055252369440421736
test-3383,0.21615401776770862
test-33830,0.07287513663214307
test-33831,0.11656561423810957
test-33832,0.05003697088968722
test-33833,0.09471225641857632
test-33834,0.025472946296609584
test-33835,0.23453082472099898
test-33836,0.013883808075663915
test-33837,0.04746988096076117
test-33838,0.013465467877765185
test-33839,0.014331144642753682
test-3384,0.22686297995323185
test-33840,0.02826261550895411
test-33841,0.1191602218375017
test-33842,0.1202531798889819
test-33843,0.12956759531601242
test-33844,0.0669392073111586
test-33845,0.12617093025526127
test-33846,0.04906984181357477
test-33847,0.006950047603780158
test-33848,0.0291651069570756
test-33849,0.08234691704125173
test-3385,0.034540606394252236
test-33850,0.03261657783011596
test-33851,0.13549560771598276
test-33852,0.12886321242579693
test-33853,0.09255981619533847
test-33854,0.010343532447698601
test-33855,0.07154554671561687
test-33856,0.014007396853253334
test-33857,0.010135983532067851
test-33858,0.015264750464702478
test-33859,0.1818542489426423
test-3386,0.362694438441977
test-33860,0.25207344868489917
test-33861,0.006182445266798943
test-33862,0.017196695875600264
test-33863,0.2612705654098656
test-33864,0.09577772009600292
test-33865,0.014052728228875912
test-33866,0.40390839272312545
test-33867,0.11105204487733172
test-33868,0.10150443733061289
test-33869,0.24661262786333527
test-3387,0.02212696295134983
test-33870,0.025872955923324333
test-33871,0.024035271494723672
test-33872,0.23192527317756115
test-33873,0.08003083037374147
test-33874,0.06899500384184681
test-33875,0.38426899946209625
test-33876,0.0384335481008759
test-33877,0.14312433170642105
test-33878,0.1858754172409582
test-33879,0.07318538490957043
test-3388,0.012806902374948486
test-33880,0.01787324844662315
test-33881,0.053758263729810546
test-33882,0.04470742935769968
test-33883,0.01162002255737999
test-33884,0.02250189256682046
test-33885,0.01855206744519235
test-33886,0.09095363519959088
test-33887,0.017002407915783658
test-33888,0.00880067725196279
test-33889,0.17909856925714268
test-3389,0.1029612804406259
test-33890,0.3349129837454473
test-33891,0.012092810056021561
test-33892,0.016941040553549253
test-33893,0.13471863851922197
test-33894,0.11504769339126669
test-33895,0.05597174679411784
test-33896,0.12756464018589395
test-33897,0.027757983009152238
test-33898,0.024963261605868144
test-33899,0.02823657148658974
test-339,0.03352106651866307
test-3390,0.05541859017346125
test-33900,0.049609681906998486
test-33901,0.07666413761860694
test-33902,0.016666071878683224
test-33903,0.08732657028292641
test-33904,0.013419183026202083
test-33905,0.021263038425346596
test-33906,0.013076116447462423
test-33907,0.016497383726228294
test-33908,0.020756642864414386
test-33909,0.08742981472721043
test-3391,0.13033911342258456
test-33910,0.22591735809711447
test-33911,0.024039659086970963
test-33912,0.01796284381506824
test-33913,0.02795849371238792
test-33914,0.20233174847620153
test-33915,0.19986393241712927
test-33916,0.011019520813297127
test-33917,0.08568409908972925
test-33918,0.09778847494641088
test-33919,0.2174686934868218
test-3392,0.03056926845521337
test-33920,0.015637672965454156
test-33921,0.05188298638146341
test-33922,0.13936085500610176
test-33923,0.033914569803595376
test-33924,0.2853359343915683
test-33925,0.16486818385286597
test-33926,0.0669392073111586
test-33927,0.05004460559160083
test-33928,0.19755460849591192
test-33929,0.05339307069340168
test-3393,0.31397646530619067
test-33930,0.012115900158168977
test-33931,0.08796392441938411
test-33932,0.20720285346324038
test-33933,0.03185243136377257
test-33934,0.007235025078507707
test-33935,0.01914694715729943
test-33936,0.08725343982461876
test-33937,0.1208379937405386
test-33938,0.018581322032497915
test-33939,0.03409903900508733
test-3394,0.06000975505855458
test-33940,0.01307376364247367
test-33941,0.06259100480523434
test-33942,0.05367732322361971
test-33943,0.05996050263949147
test-33944,0.01387955436676224
test-33945,0.03873317743221301
test-33946,0.03161693046130277
test-33947,0.34254515968483906
test-33948,0.048221546259912075
test-33949,0.03376808888379797
test-3395,0.1336784144619703
test-33950,0.0669392073111586
test-33951,0.09621911320896186
test-33952,0.03465755150577218
test-33953,0.11094171495979958
test-33954,0.21572169617676593
test-33955,0.04517948474194607
test-33956,0.022371727047538086
test-33957,0.14795799040987506
test-33958,0.018790087973327232
test-33959,0.006355506475097743
test-3396,0.13162182790869603
test-33960,0.2170061242987281
test-33961,0.03974423449552405
test-33962,0.049760097881186294
test-33963,0.0868884526264283
test-33964,0.2360844219309243
test-33965,0.02152331580931031
test-33966,0.007036916562532024
test-33967,0.010093394281799102
test-33968,0.03827021750493955
test-33969,0.021879219677398885
test-3397,0.008079098365403362
test-33970,0.019843756053808406
test-33971,0.13711674251080821
test-33972,0.22854632595810678
test-33973,0.019494095274232074
test-33974,0.3545693343771761
test-33975,0.03014508803959662
test-33976,0.11412015650690727
test-33977,0.010706991653819152
test-33978,0.023965345894672998
test-33979,0.07515523999548554
test-3398,0.2279181639604395
test-33980,0.25421071631224074
test-33981,0.08289961319078495
test-33982,0.033767770849542925
test-33983,0.25154227783169547
test-33984,0.018103859071736277
test-33985,0.26280955914107196
test-33986,0.028480347730134678
test-33987,0.14325388981209097
test-33988,0.11789892571785307
test-33989,0.0398576714891166
test-3399,0.00739840670649684
test-33990,0.013269945488656797
test-33991,0.05173831905512315
test-33992,0.01726197037750782
test-33993,0.0990849661113872
test-33994,0.16683341550905537
test-33995,0.012194456430301212
test-33996,0.010496135946130723
test-33997,0.01886185872847177
test-33998,0.12663596937894922
test-33999,0.02024681269764035
test-34,0.32641958553279166
test-340,0.3117769339656345
test-3400,0.044179972783737705
test-34000,0.01615882766854302
test-34001,0.011249017373407385
test-34002,0.011084098008081236
test-34003,0.05362561628005053
test-34004,0.07093690268164553
test-34005,0.018546440614229904
test-34006,0.18440275835724534
test-34007,0.012445001786623468
test-34008,0.344559999946539
test-34009,0.011470822428037522
test-3401,0.01064269119266018
test-34010,0.022881773139201436
test-34011,0.022213221110140194
test-34012,0.03671345400616135
test-34013,0.09865143086310076
test-34014,0.044696479904879335
test-34015,0.024825281430846606
test-34016,0.01036636732248958
test-34017,0.021242257499709854
test-34018,0.10113341316141869
test-34019,0.024537895424836392
test-3402,0.02236474705871216
test-34020,0.007810370692154528
test-34021,0.035900133692643325
test-34022,0.01918279857018669
test-34023,0.03725296000708328
test-34024,0.34528003818317243
test-34025,0.024611525461013497
test-34026,0.1368064526262009
test-34027,0.021490357746152346
test-34028,0.015948259386760203
test-34029,0.11972245786219614
test-3403,0.04051650451637904
test-34030,0.16503503580434714
test-34031,0.16046484134803618
test-34032,0.01981314311211568
test-34033,0.006738529163333027
test-34034,0.007470126598992536
test-34035,0.015514309943200636
test-34036,0.0752250068926478
test-34037,0.09842248958499943
test-34038,0.02553232809539905
test-34039,0.09894217917792562
test-3404,0.01689559273756794
test-34040,0.05503517691268291
test-34041,0.018899842677730747
test-34042,0.010804138715382371
test-34043,0.07396873532255688
test-34044,0.01920447682102548
test-34045,0.02284060693762053
test-34046,0.14275388892368593
test-34047,0.09278145012298723
test-34048,0.020987786200231957
test-34049,0.06807277471988875
test-3405,0.007964641283455549
test-34050,0.20292669005643557
test-34051,0.03184022400792934
test-34052,0.04393908636522872
test-34053,0.20368655124824386
test-34054,0.019551977248411095
test-34055,0.02268537878851717
test-34056,0.034468013453671315
test-34057,0.10614820164085866
test-34058,0.08058141978121446
test-34059,0.015297403866546311
test-3406,0.05262271731888336
test-34060,0.04475351461529831
test-34061,0.03277892166768839
test-34062,0.010085128477583766
test-34063,0.02606890265474429
test-34064,0.12143263438525861
test-34065,0.023688754988487194
test-34066,0.17645226684991447
test-34067,0.0363343332953958
test-34068,0.2326183197583148
test-34069,0.023681136263783722
test-3407,0.308499168816828
test-34070,0.017054316222970028
test-34071,0.012255174050204347
test-34072,0.18080192025855807
test-34073,0.013444946971638425
test-34074,0.011730224374831604
test-34075,0.07985092033322727
test-34076,0.1837551401919913
test-34077,0.17909856925714268
test-34078,0.014936743352351551
test-34079,0.06757343418298349
test-3408,0.1526695033025134
test-34080,0.04205098404100263
test-34081,0.10799523925693139
test-34082,0.01658877327592496
test-34083,0.2655456691512206
test-34084,0.018925400828673788
test-34085,0.08163397841992905
test-34086,0.04356020380426895
test-34087,0.31000637437641065
test-34088,0.02161166964544467
test-34089,0.02723934569235277
test-3409,0.011038998567478983
test-34090,0.017908475731911372
test-34091,0.014634102032806611
test-34092,0.022501610841754647
test-34093,0.04651376585096532
test-34094,0.007546998174911658
test-34095,0.014976204505898087
test-34096,0.1914391119056
test-34097,0.11498265860555722
test-34098,0.009846275083684712
test-34099,0.07838433693400526
test-341,0.1844790635781947
test-3410,0.10928441419957592
test-34100,0.028300721890125582
test-34101,0.27118974931369577
test-34102,0.05424086002080725
test-34103,0.05192539744904548
test-34104,0.05774297976529019
test-34105,0.01219598991172028
test-34106,0.007296038057772922
test-34107,0.18196917836240534
test-34108,0.20725812042502573
test-34109,0.010438405174611042
test-3411,0.09528380793254176
test-34110,0.024791087974394596
test-34111,0.09782104963349963
test-34112,0.2501683068153643
test-34113,0.0723545449602915
test-34114,0.007039551911432927
test-34115,0.010221172113831088
test-34116,0.07272160535830764
test-34117,0.04688163618239434
test-34118,0.009950890378935208
test-34119,0.10786727797831766
test-3412,0.02124328237082979
test-34120,0.0707119985986715
test-34121,0.09727419094881211
test-34122,0.13790039159005646
test-34123,0.06354397319020522
test-34124,0.03486415065020565
test-34125,0.1285727876993293
test-34126,0.27783947984412427
test-34127,0.09509204580788463
test-34128,0.015885712761223716
test-34129,0.021444615924330338
test-3413,0.020440145165222114
test-34130,0.011208917246687064
test-34131,0.28895261017443835
test-34132,0.020922725412812176
test-34133,0.10632839694227693
test-34134,0.0148203995430191
test-34135,0.03842863239940887
test-34136,0.015092498554096327
test-34137,0.05339307069340168
test-34138,0.014229322233538153
test-34139,0.010335435190722103
test-3414,0.15477497020520073
test-34140,0.03560072327072616
test-34141,0.18295456897277843
test-34142,0.08322177597430472
test-34143,0.08447173068216234
test-34144,0.04301208359899352
test-34145,0.019343027699225055
test-34146,0.09673533330374554
test-34147,0.2777316886463764
test-34148,0.1244892465673478
test-34149,0.25895852624117216
test-3415,0.14096245488270573
test-34150,0.01158262792350357
test-34151,0.028985188054462267
test-34152,0.04232766105068506
test-34153,0.011429352774819218
test-34154,0.23136444484915955
test-34155,0.03411309725411415
test-34156,0.11789889617485036
test-34157,0.11909750194693625
test-34158,0.07608792979223546
test-34159,0.06760025216370913
test-3416,0.08470137038914603
test-34160,0.04049860151896432
test-34161,0.025608672228560194
test-34162,0.12663596937894922
test-34163,0.2389203141359695
test-34164,0.05965916922637626
test-34165,0.033154165936076285
test-34166,0.03271248164303256
test-34167,0.10849311745818162
test-34168,0.04943925795119561
test-34169,0.03109400667415508
test-3417,0.31574915639078494
test-34170,0.0385246162699666
test-34171,0.05339307069340168
test-34172,0.06986194723583708
test-34173,0.039056486816039286
test-34174,0.16245178448493486
test-34175,0.32372745703757216
test-34176,0.03177828462317518
test-34177,0.019262030635963805
test-34178,0.059501922873155644
test-34179,0.31526896393647474
test-3418,0.013129317485540352
test-34180,0.011109548141637636
test-34181,0.015176192406273194
test-34182,0.03116235177387527
test-34183,0.01672717353251635
test-34184,0.22852545918767275
test-34185,0.11035809844936179
test-34186,0.01121032248416769
test-34187,0.01644668080689076
test-34188,0.018599821769292913
test-34189,0.15842633399671105
test-3419,0.048758961588395364
test-34190,0.06712573256747033
test-34191,0.1313395705021038
test-34192,0.14212553345918688
test-34193,0.20757573534864682
test-34194,0.009212903155967869
test-34195,0.16619171736368638
test-34196,0.027001152733559578
test-34197,0.12459423625529804
test-34198,0.210649272390982
test-34199,0.07475160288767616
test-342,0.15640592216326468
test-3420,0.011068253337298715
test-34200,0.181013492254136
test-34201,0.3350327778342977
test-34202,0.020274213338445164
test-34203,0.01382352667991934
test-34204,0.007910347893739754
test-34205,0.13109426941189242
test-34206,0.04287444507415831
test-34207,0.021593076672932924
test-34208,0.154513968061908
test-34209,0.02566106875863813
test-3421,0.011926682980426389
test-34210,0.11814715316853575
test-34211,0.17700952918258028
test-34212,0.28270357979783584
test-34213,0.10283213684763692
test-34214,0.018051657572661205
test-34215,0.02287064878685889
test-34216,0.041994584683696344
test-34217,0.012995457285305856
test-34218,0.27384966495233676
test-34219,0.014498430756283764
test-3422,0.010166507157153401
test-34220,0.14015173534665157
test-34221,0.009528801957913828
test-34222,0.013305549181691868
test-34223,0.10728584088454982
test-34224,0.02791318342703887
test-34225,0.061577899304617906
test-34226,0.2271772763999153
test-34227,0.11130608841790994
test-34228,0.05273939999786985
test-34229,0.015432836929736312
test-3423,0.014545596541740988
test-34230,0.18064710021304822
test-34231,0.10792104836735503
test-34232,0.028737375399881325
test-34233,0.07885370404606426
test-34234,0.15069973433554293
test-34235,0.18063029212237022
test-34236,0.06577228012732467
test-34237,0.1605860241113574
test-34238,0.01448085889400024
test-34239,0.05602171472564883
test-3424,0.02398977444184685
test-34240,0.12534797618772187
test-34241,0.030086436267447746
test-34242,0.019540247575605334
test-34243,0.19839255492151733
test-34244,0.031220970216712596
test-34245,0.23735847082328967
test-34246,0.04992602504619911
test-34247,0.007221021079856
test-34248,0.020661395100045055
test-34249,0.09860381645007209
test-3425,0.2758771168853234
test-34250,0.08476808185749082
test-34251,0.05339307069340168
test-34252,0.21398563161748924
test-34253,0.26014153507932086
test-34254,0.023214570941720712
test-34255,0.020785413051632375
test-34256,0.06198181802430126
test-34257,0.04056204889829706
test-34258,0.039052914069692864
test-34259,0.04572752928641162
test-3426,0.006750515220237466
test-34260,0.19315051032964148
test-34261,0.01955666673247133
test-34262,0.007674886284204689
test-34263,0.013512226440592488
test-34264,0.047298223364719
test-34265,0.06573107585315173
test-34266,0.010210464518042351
test-34267,0.02372289305257482
test-34268,0.013134669580414305
test-34269,0.10078966190951746
test-3427,0.07799433853261355
test-34270,0.009818900575629352
test-34271,0.12796851635119139
test-34272,0.16341121114652213
test-34273,0.03242352507069569
test-34274,0.011550789857079198
test-34275,0.09968713795234826
test-34276,0.020838556493290337
test-34277,0.011048626247993416
test-34278,0.035145336360056095
test-34279,0.1573062740177458
test-3428,0.05550321400735737
test-34280,0.016001020502462007
test-34281,0.027974902461167957
test-34282,0.09122406482045546
test-34283,0.014430544977561077
test-34284,0.03229919412175223
test-34285,0.0669392073111586
test-34286,0.009667256766294334
test-34287,0.04241750724015806
test-34288,0.032393296745495216
test-34289,0.09394507126896243
test-3429,0.17721917457865352
test-34290,0.005370064787434184
test-34291,0.026411588352513237
test-34292,0.12819412947753134
test-34293,0.08320750249157184
test-34294,0.008920735055549895
test-34295,0.015464844067314583
test-34296,0.10521128854731696
test-34297,0.29994678102368555
test-34298,0.2121842289606535
test-34299,0.1460707107404401
test-343,0.3423390159754199
test-3430,0.07515523999548554
test-34300,0.08545053735977791
test-34301,0.1521091108943804
test-34302,0.15061014441964066
test-34303,0.15601847208324954
test-34304,0.18656966613310413
test-34305,0.08031407262879851
test-34306,0.02009528051670963
test-34307,0.019991383422369995
test-34308,0.1086341945417608
test-34309,0.11953215513803758
test-3431,0.0868884526264283
test-34310,0.020560156802928366
test-34311,0.3269568170363158
test-34312,0.016058881616141052
test-34313,0.0687732139720173
test-34314,0.017611071150527926
test-34315,0.1596394686491454
test-34316,0.16695447271917302
test-34317,0.05174586210125953
test-34318,0.028029553368464136
test-34319,0.01703008509238477
test-3432,0.17589315986157347
test-34320,0.015100034317330417
test-34321,0.01042483697568999
test-34322,0.1775596787953613
test-34323,0.15587334989895515
test-34324,0.06401687696626099
test-34325,0.05890100623108281
test-34326,0.027519269975435152
test-34327,0.023755789874885243
test-34328,0.1480798919091899
test-34329,0.014868157274472492
test-3433,0.11640510268310741
test-34330,0.11043784142118633
test-34331,0.0965933740995981
test-34332,0.019837740351841396
test-34333,0.09369636901589194
test-34334,0.02834014944271322
test-34335,0.1236800251379418
test-34336,0.14899436151722711
test-34337,0.01602977717567763
test-34338,0.04167562980021376
test-34339,0.10752235278874965
test-3434,0.03341979807769411
test-34340,0.014399707778487845
test-34341,0.09787796055403811
test-34342,0.028198633015576055
test-34343,0.032627670606195106
test-34344,0.12796851635119139
test-34345,0.17632128761509525
test-34346,0.03579016636834026
test-34347,0.23834173434405717
test-34348,0.032772985373942215
test-34349,0.04103874025320723
test-3435,0.0333856602111002
test-34350,0.08221330926862137
test-34351,0.15071261327754834
test-34352,0.3222465944789279
test-34353,0.05339307069340168
test-34354,0.08771939818482093
test-34355,0.16695447271917302
test-34356,0.01983566052245897
test-34357,0.08644013853227521
test-34358,0.05039443361793841
test-34359,0.008269783474254892
test-3436,0.03808926221621729
test-34360,0.01437322141298332
test-34361,0.0937870258290184
test-34362,0.13381539044374116
test-34363,0.017243151388100977
test-34364,0.1402608670170491
test-34365,0.23368948837070366
test-34366,0.018454225608461577
test-34367,0.05017399783221741
test-34368,0.03194127965795964
test-34369,0.2943891190774042
test-3437,0.05926387915924069
test-34370,0.017708070705569744
test-34371,0.04131887831475132
test-34372,0.011186161557954724
test-34373,0.17211307859962663
test-34374,0.10328840157223677
test-34375,0.10870405692770219
test-34376,0.09008535570148762
test-34377,0.2650852562150321
test-34378,0.04892144721250467
test-34379,0.12665877874701534
test-3438,0.05699198600369957
test-34380,0.01485024352815566
test-34381,0.04551059013438693
test-34382,0.16695447271917302
test-34383,0.14770070890463738
test-34384,0.009014202447356965
test-34385,0.028775996268209328
test-34386,0.04222976049372924
test-34387,0.01541829963992924
test-34388,0.021278579302579623
test-34389,0.11189267427753534
test-3439,0.17649393074818134
test-34390,0.011841520233121856
test-34391,0.00929354030746161
test-34392,0.1544261579992744
test-34393,0.08003083037374147
test-34394,0.026734096507288693
test-34395,0.13615449342314573
test-34396,0.12669521753714805
test-34397,0.012213328554131389
test-34398,0.012075704752698844
test-34399,0.009423812533768224
test-344,0.04906984181357477
test-3440,0.3128169474526866
test-34400,0.07896917855603469
test-34401,0.019133543980964063
test-34402,0.13844485831116107
test-34403,0.019884188834391456
test-34404,0.1313395705021038
test-34405,0.011913200368395672
test-34406,0.027331981083585685
test-34407,0.12614711902775436
test-34408,0.02820474789923145
test-34409,0.05389464372959564
test-3441,0.02188730080387669
test-34410,0.0088104058003715
test-34411,0.1920928762760881
test-34412,0.010847198754052158
test-34413,0.10849311745818162
test-34414,0.022767199419495097
test-34415,0.02000214556776501
test-34416,0.021528998302298402
test-34417,0.21320157507692122
test-34418,0.05977836695880303
test-34419,0.30825821131632125
test-3442,0.14305293269496694
test-34420,0.08091840458510943
test-34421,0.13775918575813118
test-34422,0.025301937751486155
test-34423,0.01617223722163442
test-34424,0.01572325033643029
test-34425,0.02046323567396794
test-34426,0.013499539917909477
test-34427,0.014473697483665237
test-34428,0.03243937834280714
test-34429,0.16531632137192231
test-3443,0.04612746803009074
test-34430,0.23948291969875216
test-34431,0.010579964283260126
test-34432,0.013080221789174201
test-34433,0.22618228372570667
test-34434,0.09538977571828293
test-34435,0.09885629257269891
test-34436,0.03257295061230613
test-34437,0.25012053762999886
test-34438,0.0669392073111586
test-34439,0.07992032369936986
test-3444,0.15164085143153216
test-34440,0.04166971932024224
test-34441,0.16574638820236692
test-34442,0.4123612153931427
test-34443,0.06019090476526631
test-34444,0.039368738169740236
test-34445,0.10327727866818617
test-34446,0.017574717288392765
test-34447,0.024503993281300783
test-34448,0.14341590628354015
test-34449,0.08493356700440567
test-3445,0.04806406427915279
test-34450,0.00581536079210219
test-34451,0.01092390437274927
test-34452,0.19111111175218073
test-34453,0.043187743290976
test-34454,0.035290676410094625
test-34455,0.008443481737337723
test-34456,0.041994584683696344
test-34457,0.017775169479870793
test-34458,0.0830916957700869
test-34459,0.020184049019556536
test-3446,0.008669423564269025
test-34460,0.03972892375098266
test-34461,0.2129752933442284
test-34462,0.02218901948783339
test-34463,0.3915064961434393
test-34464,0.04418340104946772
test-34465,0.17947703356262656
test-34466,0.04011565653884493
test-34467,0.0331024293134119
test-34468,0.011864017258210801
test-34469,0.01715757924818455
test-3447,0.1901479006814892
test-34470,0.034901248537721474
test-34471,0.05571933481178947
test-34472,0.14258995233640712
test-34473,0.16358994055031323
test-34474,0.05029796647973235
test-34475,0.1227805746317629
test-34476,0.03673761271255885
test-34477,0.008669423564269025
test-34478,0.013665439546647066
test-34479,0.06983136155849988
test-3448,0.12663596937894922
test-34480,0.19889305140139024
test-34481,0.27627361520680566
test-34482,0.04247211975088265
test-34483,0.014572040256261486
test-34484,0.04280662989937127
test-34485,0.03018231486395671
test-34486,0.01496561296246551
test-34487,0.02485864447152636
test-34488,0.08962782951307559
test-34489,0.023540931463882076
test-3449,0.042175650537972065
test-34490,0.16921460258764023
test-34491,0.09894217917792562
test-34492,0.28048100545598204
test-34493,0.03217899789957909
test-34494,0.02537791633039902
test-34495,0.10868340827939162
test-34496,0.17733510093351454
test-34497,0.014294191191605193
test-34498,0.3254868744036312
test-34499,0.020597366762835197
test-345,0.16013443962258192
test-3450,0.1458302221845747
test-34500,0.36438476389579005
test-34501,0.07251461126716183
test-34502,0.2729608035819579
test-34503,0.08395183120844195
test-34504,0.009844766817339836
test-34505,0.10481859758928998
test-34506,0.06115316495066563
test-34507,0.2289478894068926
test-34508,0.044200675822435566
test-34509,0.01897553394784272
test-3451,0.24056619489427739
test-34510,0.1879909107494317
test-34511,0.15094870832104648
test-34512,0.009244787224154161
test-34513,0.16355288606695031
test-34514,0.04252105837468247
test-34515,0.02392170949633273
test-34516,0.012775998178246189
test-34517,0.011498924148707292
test-34518,0.04252105837468247
test-34519,0.01936824337057071
test-3452,0.08887397518357279
test-34520,0.13352521483978627
test-34521,0.03818861509003743
test-34522,0.015182348808248826
test-34523,0.030241091721708826
test-34524,0.017646326756629013
test-34525,0.01283452765107461
test-34526,0.01140307448260578
test-34527,0.2352357764567006
test-34528,0.012272294748412767
test-34529,0.14375052477053007
test-3453,0.07896917855603469
test-34530,0.01621667075813503
test-34531,0.040782270808532216
test-34532,0.05339307069340168
test-34533,0.14780280851058517
test-34534,0.04577174558267895
test-34535,0.057685015221842884
test-34536,0.028646115098228796
test-34537,0.2255233688766979
test-34538,0.03538275415475372
test-34539,0.013823764298052502
test-3454,0.11084610425957489
test-34540,0.27293552399391935
test-34541,0.18865054130497488
test-34542,0.33527117669315787
test-34543,0.09633145740287613
test-34544,0.04697138541656159
test-34545,0.0856328642066372
test-34546,0.008291644037511078
test-34547,0.20152642551057318
test-34548,0.0399056561503377
test-34549,0.14034146194710914
test-3455,0.17335142941092
test-34550,0.009268116207058159
test-34551,0.025518626887983082
test-34552,0.19651940111474245
test-34553,0.007785501302675856
test-34554,0.19283731822782604
test-34555,0.01263221411230989
test-34556,0.027616285472695602
test-34557,0.16660395195837246
test-34558,0.07278892182117214
test-34559,0.12421717525549042
test-3456,0.011783139572068852
test-34560,0.016901337939800917
test-34561,0.021083233344590772
test-34562,0.12963595771966985
test-34563,0.1672230381160138
test-34564,0.2255233688766979
test-34565,0.16862936169275256
test-34566,0.2954234403200605
test-34567,0.09442793442436977
test-34568,0.006606502533672383
test-34569,0.026247020791582577
test-3457,0.012525693894496702
test-34570,0.020457828484757256
test-34571,0.3271828421079376
test-34572,0.027471521470755177
test-34573,0.10037023619870919
test-34574,0.030238807643407282
test-34575,0.2817941499319887
test-34576,0.1397846189958355
test-34577,0.06374757665426051
test-34578,0.1629399627036682
test-34579,0.013398796907595963
test-3458,0.10135147787955867
test-34580,0.11140480162269964
test-34581,0.00911676634293919
test-34582,0.016161047610986235
test-34583,0.39994728436422394
test-34584,0.12615158978748583
test-34585,0.31639113532117935
test-34586,0.015041735360212125
test-34587,0.0048631732871038
test-34588,0.1754214415679792
test-34589,0.0505396585639184
test-3459,0.025486087096613395
test-34590,0.029274134367287315
test-34591,0.011385156875434855
test-34592,0.12669521753714805
test-34593,0.04912165208268361
test-34594,0.17550621910395778
test-34595,0.014390477085816452
test-34596,0.048417099956858944
test-34597,0.1222875735275638
test-34598,0.08110413393213176
test-34599,0.021869719819343273
test-346,0.11412015650690727
test-3460,0.12139939187297169
test-34600,0.06318566734271167
test-34601,0.03872457865712379
test-34602,0.22627615395455677
test-34603,0.14107347728701633
test-34604,0.06197276410935664
test-34605,0.15963112381033934
test-34606,0.09435854111353265
test-34607,0.057998168092636304
test-34608,0.016497853904458105
test-34609,0.015449936841909206
test-3461,0.1138283196448635
test-34610,0.03001417499110854
test-34611,0.01828322516902098
test-34612,0.16409010571446617
test-34613,0.034022712820880374
test-34614,0.040999657661585726
test-34615,0.015921907898062318
test-34616,0.09673533330374554
test-34617,0.02769223141972348
test-34618,0.04992602504619911
test-34619,0.0442658329857048
test-3462,0.03235545395299992
test-34620,0.012509533816677411
test-34621,0.14584971832814003
test-34622,0.3279873329593428
test-34623,0.024890415467310006
test-34624,0.07896917855603469
test-34625,0.0669392073111586
test-34626,0.02659401605042436
test-34627,0.0638191934290438
test-34628,0.1948474799501973
test-34629,0.16041092403239682
test-3463,0.029466758793478664
test-34630,0.007562808570174507
test-34631,0.02791990970382587
test-34632,0.3794633061265754
test-34633,0.0601129969656585
test-34634,0.10506114304494006
test-34635,0.026715679672061843
test-34636,0.11041277772852744
test-34637,0.037609109872552914
test-34638,0.02886124991159067
test-34639,0.11255052708816106
test-3464,0.008804420336445684
test-34640,0.09446315721702897
test-34641,0.0846182167635542
test-34642,0.015297894244637284
test-34643,0.09267503026834402
test-34644,0.055579074180804516
test-34645,0.05274273568172672
test-34646,0.13471866471408583
test-34647,0.01748662523700264
test-34648,0.05209982530741733
test-34649,0.10896515092504538
test-3465,0.012922950427597005
test-34650,0.08788120190007584
test-34651,0.051103706468869914
test-34652,0.029407589261254367
test-34653,0.08446298650961538
test-34654,0.016554691243074814
test-34655,0.12619558485925025
test-34656,0.05339307069340168
test-34657,0.3082478610962499
test-34658,0.1933766809447157
test-34659,0.07958009128105223
test-3466,0.1337609745336646
test-34660,0.09123441404631848
test-34661,0.007784976395167431
test-34662,0.021518731682252743
test-34663,0.29914343011006644
test-34664,0.10947736373691551
test-34665,0.29965496254637186
test-34666,0.14584971832814003
test-34667,0.01603862467413332
test-34668,0.016755640839707226
test-34669,0.06687591078501293
test-3467,0.02315715731965797
test-34670,0.025005012296255763
test-34671,0.040532793689842556
test-34672,0.10677018530009959
test-34673,0.030126536172784737
test-34674,0.1240195996786988
test-34675,0.013117300178880504
test-34676,0.18463774343126596
test-34677,0.05157630120122756
test-34678,0.17645226684991447
test-34679,0.14705810408771205
test-3468,0.07300415700059695
test-34680,0.08540649381539529
test-34681,0.33533754613302197
test-34682,0.042062274244132995
test-34683,0.029802808919585172
test-34684,0.08909237763104676
test-34685,0.009799314179063528
test-34686,0.14660621249274897
test-34687,0.17471247214465926
test-34688,0.02395814197300864
test-34689,0.07289378428675894
test-3469,0.04231614862022633
test-34690,0.007939685101885837
test-34691,0.014331144642753682
test-34692,0.03495487903369548
test-34693,0.08184701844034775
test-34694,0.009154938317533024
test-34695,0.0689279288248801
test-34696,0.0432455574408626
test-34697,0.01981595834603198
test-34698,0.06034131527341203
test-34699,0.30902669917001296
test-347,0.12819412947753134
test-3470,0.13778084454116263
test-34700,0.20084595745841247
test-34701,0.11936335278648712
test-34702,0.009799739220964672
test-34703,0.08474693944463584
test-34704,0.10272298975468401
test-34705,0.059868272571727055
test-34706,0.16695447271917302
test-34707,0.0694664743951552
test-34708,0.010426750711226992
test-34709,0.020486491711072398
test-3471,0.07357265692355214
test-34710,0.017205179254890367
test-34711,0.03231527671339944
test-34712,0.1655072990622651
test-34713,0.05339307069340168
test-34714,0.016474133007718033
test-34715,0.016186416369884243
test-34716,0.05756541494743335
test-34717,0.0859340006643166
test-34718,0.03957797408190487
test-34719,0.03657293461418748
test-3472,0.3149128168836885
test-34720,0.026260684518569596
test-34721,0.029248019407410886
test-34722,0.022506258899289065
test-34723,0.11113942501197385
test-34724,0.16452213800731944
test-34725,0.2668930614267642
test-34726,0.029555319342396667
test-34727,0.01195161887176534
test-34728,0.017807902641609526
test-34729,0.024996454589811493
test-3473,0.2302831804821192
test-34730,0.020736307023285563
test-34731,0.04749463091425306
test-34732,0.04049860151896432
test-34733,0.022794369189518656
test-34734,0.10991164372623467
test-34735,0.07052623280455472
test-34736,0.009322176595511931
test-34737,0.006703504163640712
test-34738,0.19236271477146402
test-34739,0.02977945558148747
test-3474,0.10991363261540814
test-34740,0.009473932075401923
test-34741,0.02839876111922015
test-34742,0.023424338516601643
test-34743,0.028422684100626427
test-34744,0.31488824796992326
test-34745,0.029938427210117434
test-34746,0.0669392073111586
test-34747,0.15208482657425365
test-34748,0.04315587774234556
test-34749,0.029388708762281016
test-3475,0.18881822412438695
test-34750,0.04301208359899352
test-34751,0.021258062788922734
test-34752,0.025466221367380134
test-34753,0.2609779270606877
test-34754,0.007301191564824316
test-34755,0.1408487658022275
test-34756,0.039984354255576976
test-34757,0.20477075185275773
test-34758,0.03807219665665694
test-34759,0.011024528806045234
test-3476,0.16620980741812535
test-34760,0.017014647285638805
test-34761,0.11607553849948815
test-34762,0.020134276965516753
test-34763,0.02980127913271256
test-34764,0.0846182167635542
test-34765,0.014158400346272058
test-34766,0.1944346418129891
test-34767,0.08313470562652645
test-34768,0.016619222211259464
test-34769,0.24052600417000267
test-3477,0.1191999249233175
test-34770,0.056567290648551975
test-34771,0.04965299114978177
test-34772,0.016157961477912434
test-34773,0.008207778833607213
test-34774,0.2561836947666678
test-34775,0.03573036175041439
test-34776,0.060555264327530126
test-34777,0.24699183555565146
test-34778,0.15725399963975434
test-34779,0.017454258541377374
test-3478,0.017137033267046603
test-34780,0.1855747478741186
test-34781,0.07011897660949047
test-34782,0.03155358373482753
test-34783,0.022104977140250455
test-34784,0.01409623660417196
test-34785,0.11607553849948815
test-34786,0.0669392073111586
test-34787,0.09860381645007209
test-34788,0.01397621105622902
test-34789,0.25788273733967376
test-3479,0.05090800060548427
test-34790,0.10126842294398661
test-34791,0.013594104356037763
test-34792,0.09394507126896243
test-34793,0.13337881371216817
test-34794,0.040036434232552064
test-34795,0.016247136987530546
test-34796,0.07520268798714318
test-34797,0.00876745237461828
test-34798,0.028286764327238593
test-34799,0.11021448638064327
test-348,0.16822588838033226
test-3480,0.009538998399251233
test-34800,0.022385034190617267
test-34801,0.04416519605992018
test-34802,0.06070659626378106
test-34803,0.007970219986948128
test-34804,0.03393458004354385
test-34805,0.11196196404839191
test-34806,0.015616290434739792
test-34807,0.011420526122138308
test-34808,0.1125601762148281
test-34809,0.029939962074001417
test-3481,0.14281387885522065
test-34810,0.0707119985986715
test-34811,0.09787796055403811
test-34812,0.18448054501605918
test-34813,0.01708333814508762
test-34814,0.020569027152410588
test-34815,0.20651660219402135
test-34816,0.20102475013268511
test-34817,0.1263038543601599
test-34818,0.12663596937894922
test-34819,0.1230591772058676
test-3482,0.012937595887062467
test-34820,0.015536081196320498
test-34821,0.07004772372067346
test-34822,0.029315056075433377
test-34823,0.15103894651263042
test-34824,0.02213940115576285
test-34825,0.16261898165860644
test-34826,0.07929137055418771
test-34827,0.13827697427566646
test-34828,0.01845011831854662
test-34829,0.03319937918278354
test-3483,0.14039065692582356
test-34830,0.034462792400414846
test-34831,0.14192907338873129
test-34832,0.17645226684991447
test-34833,0.014941659125485982
test-34834,0.00871438085054481
test-34835,0.13844485831116107
test-34836,0.09278365050712774
test-34837,0.02874157781611735
test-34838,0.012150294472578088
test-34839,0.2366226759134755
test-3484,0.04858988705980062
test-34840,0.04179143264797473
test-34841,0.17181409924147126
test-34842,0.007801928798934403
test-34843,0.023932179867766665
test-34844,0.046669525477016305
test-34845,0.029700911778275982
test-34846,0.011659994373638089
test-34847,0.02596028142099456
test-34848,0.008135507519238142
test-34849,0.030726963502945154
test-3485,0.19736687875916104
test-34850,0.022450595502106492
test-34851,0.026559799095667136
test-34852,0.014859917285733352
test-34853,0.02765365949914137
test-34854,0.03420273674371125
test-34855,0.010518515789053254
test-34856,0.21124362532682972
test-34857,0.3838161239675165
test-34858,0.23990448812731888
test-34859,0.25561895904408594
test-3486,0.3871356565138685
test-34860,0.02937132687961179
test-34861,0.17855741079825663
test-34862,0.023641654964567518
test-34863,0.09017339029815287
test-34864,0.020751709138660666
test-34865,0.2702472396186592
test-34866,0.03351848618789829
test-34867,0.1519103133624904
test-34868,0.007511494448682791
test-34869,0.044251252203826724
test-3487,0.3237420528678743
test-34870,0.02371384536348697
test-34871,0.008615943806505313
test-34872,0.026763874278512345
test-34873,0.07166904933075038
test-34874,0.007590240423586719
test-34875,0.08853495826465144
test-34876,0.1574939932392156
test-34877,0.022296175960891534
test-34878,0.07799433853261355
test-34879,0.13512485457022896
test-3488,0.2261449628962157
test-34880,0.08828397072912737
test-34881,0.007604782489210285
test-34882,0.1445672282126102
test-34883,0.1427819897998824
test-34884,0.012453454639370629
test-34885,0.09658850047635295
test-34886,0.01849107771503249
test-34887,0.21299337015156225
test-34888,0.12134673010757684
test-34889,0.23491412941564735
test-3489,0.010553787197866489
test-34890,0.14895531621136054
test-34891,0.10418496309139837
test-34892,0.011664274765800418
test-34893,0.03164533086848408
test-34894,0.07154554671561687
test-34895,0.18234548051524063
test-34896,0.039790426975255706
test-34897,0.35724563286206484
test-34898,0.03991427570930743
test-34899,0.2875622488295291
test-349,0.015100442095643245
test-3490,0.011876993464588342
test-34900,0.01415286742311853
test-34901,0.010721340125093718
test-34902,0.02978509189624796
test-34903,0.04376501022355532
test-34904,0.08469207989574525
test-34905,0.21071533562156813
test-34906,0.2262120026541761
test-34907,0.014186107978455919
test-34908,0.1424866041821943
test-34909,0.009458232793080985
test-3491,0.308589022319554
test-34910,0.011043539749771215
test-34911,0.009625976994321859
test-34912,0.16582484340499462
test-34913,0.043091831567275925
test-34914,0.18207822428283685
test-34915,0.06758348437012857
test-34916,0.04155369108221147
test-34917,0.08523530399645443
test-34918,0.05487776745599645
test-34919,0.2952474834505248
test-3492,0.18374027062630743
test-34920,0.059354856111864245
test-34921,0.009241580528037942
test-34922,0.008940824532284513
test-34923,0.197286025661373
test-34924,0.021303585515196496
test-34925,0.0749292636855914
test-34926,0.058879633839461376
test-34927,0.037425560218579436
test-34928,0.09456238575174779
test-34929,0.010665884928671952
test-3493,0.009908404141469065
test-34930,0.061577899304617906
test-34931,0.028413331150701045
test-34932,0.029751888064372112
test-34933,0.05420122089963838
test-34934,0.005625378697892216
test-34935,0.2890846065965791
test-34936,0.017576516644203243
test-34937,0.02604385827885891
test-34938,0.018841852694408735
test-34939,0.2291327370442459
test-3494,0.013548233310112179
test-34940,0.03545446254707696
test-34941,0.022503761243760526
test-34942,0.023664190492341454
test-34943,0.030056129481062538
test-34944,0.057663820311928335
test-34945,0.0105448410564779
test-34946,0.11484671683258367
test-34947,0.12560934111088942
test-34948,0.07737648068610276
test-34949,0.18418539639569032
test-3495,0.005841385804848541
test-34950,0.05333647429185893
test-34951,0.13995581229121598
test-34952,0.03185668945975935
test-34953,0.07896917855603469
test-34954,0.09762824351336646
test-34955,0.008497523969811698
test-34956,0.017219123341446034
test-34957,0.018038874647910028
test-34958,0.2690392166764451
test-34959,0.029337642334572738
test-3496,0.020971856286747116
test-34960,0.1559199381523229
test-34961,0.03902309470844671
test-34962,0.027190798537256092
test-34963,0.026272413929064743
test-34964,0.10397904086967731
test-34965,0.041147550518420783
test-34966,0.11266714550532139
test-34967,0.16093187321298785
test-34968,0.023400789822452465
test-34969,0.0925457796076318
test-3497,0.30336003215595847
test-34970,0.008426867250585838
test-34971,0.19840071957204
test-34972,0.061577899304617906
test-34973,0.08511252601497349
test-34974,0.29086592835056313
test-34975,0.05422889534424193
test-34976,0.02084352558126812
test-34977,0.01583719763872199
test-34978,0.012145162226588289
test-34979,0.034363433850885035
test-3498,0.017063700371400557
test-34980,0.028703508075175424
test-34981,0.08824990878723056
test-34982,0.05339307069340168
test-34983,0.11607553849948815
test-34984,0.17460924938968775
test-34985,0.022621435041282435
test-34986,0.11598504236098585
test-34987,0.02429832230907737
test-34988,0.020046716966065397
test-34989,0.020294337369981257
test-3499,0.25561895904408594
test-34990,0.046009648738188004
test-34991,0.026498496038006112
test-34992,0.012255174050204347
test-34993,0.02256923033650195
test-34994,0.02390070396802138
test-34995,0.1543693773528168
test-34996,0.0669392073111586
test-34997,0.061094093711308244
test-34998,0.03206372174721367
test-34999,0.01623508412592168
test-35,0.33754593629652924
test-350,0.030673366328973387
test-3500,0.013138351666057986
test-35000,0.01923904527575028
test-35001,0.015372451396224845
test-35002,0.046009648738188004
test-35003,0.19404417534999355
test-35004,0.02031613517770343
test-35005,0.05863999997542899
test-35006,0.17854774549186728
test-35007,0.13293239721775824
test-35008,0.017658083363345022
test-35009,0.4252554837280234
test-3501,0.019058404102374603
test-35010,0.22145071864288743
test-35011,0.025837432708233993
test-35012,0.0159783465417125
test-35013,0.012594487293373235
test-35014,0.07530698548391887
test-35015,0.015217047586906313
test-35016,0.011354795598636192
test-35017,0.03157871390882634
test-35018,0.12796851635119139
test-35019,0.011392937053266057
test-3502,0.183849797674597
test-35020,0.03187110782849282
test-35021,0.039926932261552306
test-35022,0.009042773126415663
test-35023,0.19822057369434404
test-35024,0.0609322182710957
test-35025,0.025193031377004155
test-35026,0.07378670636717762
test-35027,0.06980830189606753
test-35028,0.04253433471533194
test-35029,0.3081715698683709
test-3503,0.0221634266170716
test-35030,0.2364824725462624
test-35031,0.011091676564266628
test-35032,0.03189503445680968
test-35033,0.024867389958750038
test-35034,0.3087348351861937
test-35035,0.010020193564446741
test-35036,0.014730751643438244
test-35037,0.03613881898411681
test-35038,0.1892393078232294
test-35039,0.012727136184935005
test-3504,0.05317356161255117
test-35040,0.019027674301522208
test-35041,0.10979925267997272
test-35042,0.021549897519592392
test-35043,0.01591723646225731
test-35044,0.06160805720134237
test-35045,0.05487776745599645
test-35046,0.4100690170957797
test-35047,0.24164072412719348
test-35048,0.02222572654720911
test-35049,0.0862014970813538
test-3505,0.057609368388683725
test-35050,0.1599124140995602
test-35051,0.029536050317986166
test-35052,0.03371709720556654
test-35053,0.019828277784809414
test-35054,0.23567340123309188
test-35055,0.15912332914262023
test-35056,0.12139816265865777
test-35057,0.04475351461529831
test-35058,0.22511680165690545
test-35059,0.1593469827086552
test-3506,0.016899178032014416
test-35060,0.07124476373718741
test-35061,0.12696318210863394
test-35062,0.04732842237782269
test-35063,0.21345653376400583
test-35064,0.033434196860694564
test-35065,0.026659706599799854
test-35066,0.04475351461529831
test-35067,0.10496673006868795
test-35068,0.28726395313586023
test-35069,0.12750083480216265
test-3507,0.016860191750288925
test-35070,0.19175467371102256
test-35071,0.015341995268582723
test-35072,0.012354783973591734
test-35073,0.15683410776034584
test-35074,0.2100046051348867
test-35075,0.29142762390192883
test-35076,0.0195751681416579
test-35077,0.2680167496939244
test-35078,0.04092296876989199
test-35079,0.008780726576782373
test-3508,0.056603873987572655
test-35080,0.015023050060851443
test-35081,0.010343014613739295
test-35082,0.08945053531309739
test-35083,0.018083644512198828
test-35084,0.008058483389750105
test-35085,0.2982758495409212
test-35086,0.0957123924942217
test-35087,0.03345205800326547
test-35088,0.3742208395318259
test-35089,0.143067586712036
test-3509,0.021470600375956717
test-35090,0.04492029778899445
test-35091,0.20369424624031815
test-35092,0.019933032170278975
test-35093,0.014023528936981774
test-35094,0.02677040252544777
test-35095,0.02631281651955767
test-35096,0.02489281159372707
test-35097,0.007298408160393185
test-35098,0.2162983805134559
test-35099,0.0577171473681404
test-351,0.021255415137380936
test-3510,0.0669392073111586
test-35100,0.021749371234244433
test-35101,0.03340013665113894
test-35102,0.028737210266914826
test-35103,0.010121149195802575
test-35104,0.010836695655315795
test-35105,0.01030314720282456
test-35106,0.09787796055403811
test-35107,0.05719269124466385
test-35108,0.013901417570400611
test-35109,0.06256149991492964
test-3511,0.024302097278949653
test-35110,0.10016106950207247
test-35111,0.013775214128568955
test-35112,0.22743058768124425
test-35113,0.04475351461529831
test-35114,0.04977174517285343
test-35115,0.02162324431607779
test-35116,0.03637392114920733
test-35117,0.39796469431695236
test-35118,0.01111751765641401
test-35119,0.023831772428622087
test-3512,0.04374221298008696
test-35120,0.027485304303694877
test-35121,0.06521653204409428
test-35122,0.09327711918717571
test-35123,0.06819879881202195
test-35124,0.1575259395032016
test-35125,0.011385186335865567
test-35126,0.21966021561478696
test-35127,0.1610061075547561
test-35128,0.09438571766401938
test-35129,0.07065105604274584
test-3513,0.014570391299492391
test-35130,0.009420716125158182
test-35131,0.2044799643817732
test-35132,0.2521286896316547
test-35133,0.13520963756398394
test-35134,0.0846182167635542
test-35135,0.031093637509375643
test-35136,0.08890115724917734
test-35137,0.10023217045942331
test-35138,0.009984776730042668
test-35139,0.02834748938788114
test-3514,0.01124256775972136
test-35140,0.030216199649252515
test-35141,0.10558641805424131
test-35142,0.03792901334906878
test-35143,0.01801258289155754
test-35144,0.16605616632754214
test-35145,0.3257253218515523
test-35146,0.012553977028443082
test-35147,0.28550038616864065
test-35148,0.06390585972311909
test-35149,0.018762278960111595
test-3515,0.04394881639279036
test-35150,0.05470224443927157
test-35151,0.039086452581574595
test-35152,0.0339434617313327
test-35153,0.0888687870523802
test-35154,0.007511494448682791
test-35155,0.021779941509060638
test-35156,0.024005221984929145
test-35157,0.06681095440974433
test-35158,0.032961469686268216
test-35159,0.07896917855603469
test-3516,0.039068708500025556
test-35160,0.021135506261882916
test-35161,0.1313395705021038
test-35162,0.09577148861252165
test-35163,0.03179077004200127
test-35164,0.015575174633720964
test-35165,0.22420581590226873
test-35166,0.00862531151863898
test-35167,0.24056619489427739
test-35168,0.026612737656420443
test-35169,0.13383552776649021
test-3517,0.01550005551473549
test-35170,0.20671483053357298
test-35171,0.015499451200918276
test-35172,0.009816043634626745
test-35173,0.0721694857978696
test-35174,0.017398748525122656
test-35175,0.014556186620116618
test-35176,0.09029815510618493
test-35177,0.019423583336081924
test-35178,0.008372419969303253
test-35179,0.08362330811375498
test-3518,0.19554661596532474
test-35180,0.010773438117614446
test-35181,0.015885712761223716
test-35182,0.18153215089166297
test-35183,0.01164230025587343
test-35184,0.02119221922289353
test-35185,0.21147309926879354
test-35186,0.30910534683628627
test-35187,0.06769227346933265
test-35188,0.018370863029166646
test-35189,0.1336789262211443
test-3519,0.07500358593236434
test-35190,0.013523647832373462
test-35191,0.12444356953543052
test-35192,0.020285414654015108
test-35193,0.013714967071723786
test-35194,0.006763697720883649
test-35195,0.060830464168921544
test-35196,0.01610349207419715
test-35197,0.17924789471604827
test-35198,0.028270501462799077
test-35199,0.013123331488721107
test-352,0.3325461487368527
test-3520,0.00966800678163893
test-35200,0.22804242100124755
test-35201,0.017881505145987624
test-35202,0.023766118201954154
test-35203,0.03840306201904885
test-35204,0.02412207297301603
test-35205,0.14541687897103092
test-35206,0.08839310053664144
test-35207,0.07154554671561687
test-35208,0.017380442562130494
test-35209,0.2695886914356737
test-3521,0.16558344243234435
test-35210,0.06846021394409879
test-35211,0.09456466912495104
test-35212,0.03569525386971666
test-35213,0.32252725761719975
test-35214,0.01852940306294187
test-35215,0.02257956220594691
test-35216,0.05984977367176689
test-35217,0.02372289305257482
test-35218,0.007680748620649087
test-35219,0.26127518769823077
test-3522,0.07505500726667728
test-35220,0.0172829182341781
test-35221,0.06001941976867018
test-35222,0.09271196697320121
test-35223,0.05014973055496596
test-35224,0.008320662424961694
test-35225,0.03776885391726239
test-35226,0.08739065091150085
test-35227,0.11909826780115747
test-35228,0.01598346177726185
test-35229,0.22524704844304838
test-3523,0.015723171186974312
test-35230,0.4063727899228229
test-35231,0.09787796055403811
test-35232,0.0362464042172041
test-35233,0.009600870496614872
test-35234,0.0244272278026518
test-35235,0.049843978988557594
test-35236,0.04317678175664777
test-35237,0.1552290904521471
test-35238,0.11480733438550114
test-35239,0.020627199143216035
test-3524,0.29072920116375583
test-35240,0.28789486696042543
test-35241,0.0122688604769575
test-35242,0.2952132279343263
test-35243,0.015691829833189626
test-35244,0.0715695509481678
test-35245,0.15594270400283508
test-35246,0.03605421018361057
test-35247,0.0074777192788981735
test-35248,0.1814098253250199
test-35249,0.0669392073111586
test-3525,0.02945959843096295
test-35250,0.12143263438525861
test-35251,0.020552736262527266
test-35252,0.210649272390982
test-35253,0.034462792400414846
test-35254,0.06987016642193944
test-35255,0.08003083037374147
test-35256,0.3543908780915334
test-35257,0.0950679249501143
test-35258,0.04060891691795046
test-35259,0.014798589450871558
test-3526,0.09593803779360752
test-35260,0.25174831289028266
test-35261,0.020781325845560708
test-35262,0.011167103744260816
test-35263,0.02385064932740481
test-35264,0.01852940306294187
test-35265,0.009690715181601542
test-35266,0.02016811499593233
test-35267,0.01954692866239936
test-35268,0.03795791561062917
test-35269,0.01329923412540147
test-3527,0.010795706316119216
test-35270,0.023150618742046224
test-35271,0.029249152427505424
test-35272,0.25496348243203354
test-35273,0.074152633372881
test-35274,0.021500616204762936
test-35275,0.0553332728685305
test-35276,0.36336236004260664
test-35277,0.2770644845693885
test-35278,0.29419981112578775
test-35279,0.22506974115293182
test-3528,0.08003083037374147
test-35280,0.18038177683201154
test-35281,0.1544845749590553
test-35282,0.00690536154928743
test-35283,0.21107049200180236
test-35284,0.1387564677932596
test-35285,0.05503954639354145
test-35286,0.05082407455123802
test-35287,0.02206466894444549
test-35288,0.03299878102855712
test-35289,0.03670935866118546
test-3529,0.02503482924746587
test-35290,0.028184695341301223
test-35291,0.070183759710486
test-35292,0.20771729673833841
test-35293,0.04420482318444502
test-35294,0.09287188315183405
test-35295,0.0846182167635542
test-35296,0.02189360514640424
test-35297,0.1683315634869782
test-35298,0.027880722172599924
test-35299,0.10445713916924947
test-353,0.12728044717602097
test-3530,0.01487958540261633
test-35300,0.36016190103258816
test-35301,0.0669392073111586
test-35302,0.21671975588384232
test-35303,0.07154554671561687
test-35304,0.007178189585411611
test-35305,0.2844708705130809
test-35306,0.03950915470502685
test-35307,0.040088680484209216
test-35308,0.020184049019556536
test-35309,0.2761088549182197
test-3531,0.017903204736970425
test-35310,0.013996721548731496
test-35311,0.2958321071387235
test-35312,0.021158894719967205
test-35313,0.10849311745818162
test-35314,0.2509590842420266
test-35315,0.03364407293716935
test-35316,0.08762873964624127
test-35317,0.33292620595638384
test-35318,0.010422595560727367
test-35319,0.038382651072094584
test-3532,0.06460038281782521
test-35320,0.011246637928310835
test-35321,0.2002290271511955
test-35322,0.31939396202793396
test-35323,0.011050780121272565
test-35324,0.018206343377268303
test-35325,0.05462285718786935
test-35326,0.11528173417887314
test-35327,0.03477065144985612
test-35328,0.057432312487947196
test-35329,0.16763114600163648
test-3533,0.015602907059892345
test-35330,0.006606502533672383
test-35331,0.03772930020037507
test-35332,0.18518054504365752
test-35333,0.297935413939457
test-35334,0.1674465452461608
test-35335,0.027432110754632012
test-35336,0.1285727876993293
test-35337,0.03477065144985612
test-35338,0.026928144734852253
test-35339,0.05087736703610385
test-3534,0.10484118004846192
test-35340,0.14418785914158103
test-35341,0.024668624903478587
test-35342,0.04833265827553757
test-35343,0.240875643060078
test-35344,0.05950017199337657
test-35345,0.01306207744692306
test-35346,0.029252524317960188
test-35347,0.00866052793882005
test-35348,0.1636413119628721
test-35349,0.03437622396693213
test-3535,0.08457295095882306
test-35350,0.011078732108054608
test-35351,0.302990012924349
test-35352,0.17840880045224497
test-35353,0.11529425139481725
test-35354,0.03481938353167332
test-35355,0.011068253337298715
test-35356,0.007133615348663376
test-35357,0.016064209627603843
test-35358,0.19920631482983664
test-35359,0.012564620806536803
test-3536,0.014399707778487845
test-35360,0.01485714072908106
test-35361,0.059354856111864245
test-35362,0.12429661306642333
test-35363,0.123817286149575
test-35364,0.026535755021528093
test-35365,0.009854419710654634
test-35366,0.21006957417038338
test-35367,0.10660718968683425
test-35368,0.03546352782233932
test-35369,0.32038613821796363
test-3537,0.035790544740485736
test-35370,0.04237596332334748
test-35371,0.2326441813185484
test-35372,0.018225556756443974
test-35373,0.05299778209208815
test-35374,0.053198182368703474
test-35375,0.01723346902045897
test-35376,0.07438981064050604
test-35377,0.024171957861819596
test-35378,0.06697546464246681
test-35379,0.023738140475157803
test-3538,0.03740215827681723
test-35380,0.07386548841149221
test-35381,0.07765548192385864
test-35382,0.193114919899337
test-35383,0.019826085152846885
test-35384,0.017227823378331706
test-35385,0.028797081939130706
test-35386,0.03593129388358587
test-35387,0.018084228911619385
test-35388,0.01879992516650014
test-35389,0.0669392073111586
test-3539,0.2533168473107885
test-35390,0.042239877481292286
test-35391,0.3915781221280137
test-35392,0.12654342528268078
test-35393,0.08160955113320918
test-35394,0.013102429018510749
test-35395,0.020864524920905653
test-35396,0.06817804792585445
test-35397,0.08252262364070355
test-35398,0.31380257983712506
test-35399,0.026112601977444895
test-354,0.08960699599945804
test-3540,0.014038143535781505
test-35400,0.40625484135334605
test-35401,0.057054878121838855
test-35402,0.012444731356267707
test-35403,0.07799433853261355
test-35404,0.007813282232933346
test-35405,0.11629929704939442
test-35406,0.12457789520399934
test-35407,0.23463166821590623
test-35408,0.05400256287771402
test-35409,0.12614711902775436
test-3541,0.08040364897230826
test-35410,0.1313395705021038
test-35411,0.03231281925728716
test-35412,0.09681742959951799
test-35413,0.1587570773310919
test-35414,0.018723349527897323
test-35415,0.017885438293710268
test-35416,0.009395635629308287
test-35417,0.021728705614434025
test-35418,0.06146930829831272
test-35419,0.09456466912495104
test-3542,0.045891805162175246
test-35420,0.3439277194384032
test-35421,0.011695111216019544
test-35422,0.011223792402439283
test-35423,0.1146551944854584
test-35424,0.25453752245194944
test-35425,0.04802183976008892
test-35426,0.015168520443696293
test-35427,0.1467116423777111
test-35428,0.016182573046227677
test-35429,0.08942084359325779
test-3543,0.0669392073111586
test-35430,0.13912933003290495
test-35431,0.08287687233596294
test-35432,0.05737062330264751
test-35433,0.06542101127195402
test-35434,0.05841845232353549
test-35435,0.015476773178384712
test-35436,0.014517626067599865
test-35437,0.08371952363214759
test-35438,0.1610971876419142
test-35439,0.009002819496840862
test-3544,0.1304874298622346
test-35440,0.113263769684059
test-35441,0.09456466912495104
test-35442,0.011283468635316981
test-35443,0.07757218674055426
test-35444,0.01445753659444233
test-35445,0.03951808425388212
test-35446,0.015458058642496525
test-35447,0.046009648738188004
test-35448,0.03517555764595901
test-35449,0.013329789187565598
test-3545,0.2746701776386144
test-35450,0.009639227819860987
test-35451,0.019889509915515868
test-35452,0.09860381645007209
test-35453,0.011155002689389619
test-35454,0.020613961375145644
test-35455,0.17645226684991447
test-35456,0.07528924627137704
test-35457,0.07512584419251106
test-35458,0.016453681586868777
test-35459,0.1398817640174991
test-3546,0.18951631437423627
test-35460,0.02755760972719406
test-35461,0.14470142560991026
test-35462,0.03368677503060975
test-35463,0.03111907651819663
test-35464,0.04864376274953059
test-35465,0.007776406053238819
test-35466,0.10011865560534153
test-35467,0.024494548869393194
test-35468,0.37228253531362304
test-35469,0.014406211095714992
test-3547,0.015561913277032895
test-35470,0.03255622720655388
test-35471,0.08260182777979576
test-35472,0.102957026043932
test-35473,0.019506736176873447
test-35474,0.011677729677375796
test-35475,0.07300415700059695
test-35476,0.02236474705871216
test-35477,0.027252134865106338
test-35478,0.03665923012189609
test-35479,0.13126770525533654
test-3548,0.05339307069340168
test-35480,0.024361313035899678
test-35481,0.090609970486563
test-35482,0.3552760101775461
test-35483,0.053739459281644524
test-35484,0.02098748535419198
test-35485,0.023099212648481113
test-35486,0.04188373439186438
test-35487,0.26019673513386465
test-35488,0.02918051399446568
test-35489,0.02604385827885891
test-3549,0.05706962073923904
test-35490,0.063468458588808
test-35491,0.0669392073111586
test-35492,0.1635785847741566
test-35493,0.012448940871238913
test-35494,0.01068570084260661
test-35495,0.006463957614509908
test-35496,0.01572684667113347
test-35497,0.07736971131561239
test-35498,0.011386205644315864
test-35499,0.25559389283524714
test-355,0.04025948399673693
test-3550,0.24986725486557584
test-35500,0.36336236004260664
test-35501,0.024803819022585688
test-35502,0.009269212283511644
test-35503,0.12188493437979783
test-35504,0.07799433853261355
test-35505,0.07973965277242508
test-35506,0.035250478065920174
test-35507,0.2729198409002501
test-35508,0.018889979627284153
test-35509,0.008373368409177795
test-3551,0.11177559567482523
test-35510,0.037585218257168464
test-35511,0.17903802988922818
test-35512,0.07896917855603469
test-35513,0.02069279181836183
test-35514,0.12007035338560242
test-35515,0.05339307069340168
test-35516,0.02676708281797911
test-35517,0.17046871892807805
test-35518,0.04436925249107653
test-35519,0.07686387496802802
test-3552,0.01746365499013186
test-35520,0.07765548192385864
test-35521,0.16608406691940264
test-35522,0.05454779204547766
test-35523,0.040532793689842556
test-35524,0.01092440285890823
test-35525,0.02634485493712304
test-35526,0.0852456290057542
test-35527,0.06663122696760175
test-35528,0.013208896579183728
test-35529,0.018789719882591198
test-3553,0.06769227346933265
test-35530,0.10392817316206086
test-35531,0.03376761943313304
test-35532,0.20357761355461074
test-35533,0.18993191062184453
test-35534,0.16128775967493078
test-35535,0.07583726609648245
test-35536,0.05899847136199599
test-35537,0.006426738597336798
test-35538,0.04369305185512403
test-35539,0.04927606236902765
test-3554,0.20737734328226967
test-35540,0.014289370347738431
test-35541,0.03317112236428243
test-35542,0.3302663380835255
test-35543,0.11017207337914538
test-35544,0.08122907901651005
test-35545,0.04281028264185011
test-35546,0.03180186303261829
test-35547,0.021804904598660704
test-35548,0.030144477242252964
test-35549,0.02123908878609874
test-3555,0.09027790778028853
test-35550,0.032040917312787486
test-35551,0.1313395705021038
test-35552,0.016662830467054694
test-35553,0.028703508075175424
test-35554,0.07071595341348824
test-35555,0.03842003777042655
test-35556,0.18479853284243727
test-35557,0.14660621249274897
test-35558,0.15630629058269352
test-35559,0.05339307069340168
test-3556,0.2061981173100496
test-35560,0.012141502911115654
test-35561,0.05737326441844828
test-35562,0.035357482034495805
test-35563,0.0218940187532705
test-35564,0.017966432674044595
test-35565,0.26944265926000643
test-35566,0.05952669837128413
test-35567,0.01344748281138669
test-35568,0.02449308239867663
test-35569,0.19785603354886896
test-3557,0.02711576751093204
test-35570,0.036423949971104715
test-35571,0.20470991988795806
test-35572,0.0642981060666635
test-35573,0.14495098770752946
test-35574,0.01356010869463267
test-35575,0.017521210927606543
test-35576,0.2198092909518195
test-35577,0.36184016172627853
test-35578,0.11951251485196976
test-35579,0.009278465605056362
test-3558,0.2545356005085198
test-35580,0.047816927620192004
test-35581,0.19081171434166636
test-35582,0.02980127913271256
test-35583,0.012351389962915526
test-35584,0.07505500726667728
test-35585,0.04154351699599006
test-35586,0.029625302255179436
test-35587,0.20550261594221314
test-35588,0.197286025661373
test-35589,0.07431966347507735
test-3559,0.0669392073111586
test-35590,0.18147029794459174
test-35591,0.10814026916835501
test-35592,0.04599779214464421
test-35593,0.011818832719693981
test-35594,0.013939258735147814
test-35595,0.05619075632694814
test-35596,0.12819412947753134
test-35597,0.028589045745935782
test-35598,0.01760111048427042
test-35599,0.017235426575070142
test-356,0.0707119985986715
test-3560,0.032883318934089564
test-35600,0.035335751295261966
test-35601,0.17909856925714268
test-35602,0.15975704453526968
test-35603,0.25541852355787653
test-35604,0.1269150507216335
test-35605,0.1656661181125142
test-35606,0.16647865184761695
test-35607,0.1421672787258692
test-35608,0.04950535756173937
test-35609,0.014561595977396728
test-3561,0.19525432038985066
test-35610,0.13046277799369352
test-35611,0.07512180394517347
test-35612,0.036558957388586895
test-35613,0.02773567030039981
test-35614,0.20814668352748847
test-35615,0.028607641580588972
test-35616,0.12258167806532787
test-35617,0.07865683418337668
test-35618,0.03643625486624978
test-35619,0.07537877961267475
test-3562,0.011972919810386387
test-35620,0.12684164602276812
test-35621,0.019228010491419766
test-35622,0.17797802442290833
test-35623,0.08003083037374147
test-35624,0.09899575067891817
test-35625,0.010019272763082463
test-35626,0.05379085715910733
test-35627,0.245783153318172
test-35628,0.1850011269066061
test-35629,0.009371275587052332
test-3563,0.01040144071744514
test-35630,0.09528380793254176
test-35631,0.0667820354160321
test-35632,0.03350991093983272
test-35633,0.1254825990532186
test-35634,0.031568924391467794
test-35635,0.019282984525144174
test-35636,0.06225846729272444
test-35637,0.00887313205899098
test-35638,0.015863169192224826
test-35639,0.3147502131079928
test-3564,0.0669142260899868
test-35640,0.03240660794036765
test-35641,0.11709343371842393
test-35642,0.24869630636498638
test-35643,0.29368096987821596
test-35644,0.01357168966726645
test-35645,0.06096422393374475
test-35646,0.12736546268909707
test-35647,0.02462125636654217
test-35648,0.11198376742933089
test-35649,0.21245022103880193
test-3565,0.014950120659792801
test-35650,0.011520644142318865
test-35651,0.011679309948148203
test-35652,0.06354929477288132
test-35653,0.020530636429110717
test-35654,0.06769089613322582
test-35655,0.03151327072990765
test-35656,0.029790472512245123
test-35657,0.09455320493634352
test-35658,0.3216018003526732
test-35659,0.049690943945082375
test-3566,0.022159727663263087
test-35660,0.15517460481981005
test-35661,0.02828441658287292
test-35662,0.17909856925714268
test-35663,0.013102429018510749
test-35664,0.061577899304617906
test-35665,0.026785628523972548
test-35666,0.00893864724266905
test-35667,0.02518340105738568
test-35668,0.0795516451644915
test-35669,0.1728971670239688
test-3567,0.016365507642282406
test-35670,0.09697256493189678
test-35671,0.017166134549048927
test-35672,0.007679443983961846
test-35673,0.048194488452354384
test-35674,0.09456466912495104
test-35675,0.07666413761860694
test-35676,0.11223613043163502
test-35677,0.04804371956602127
test-35678,0.0350157042582433
test-35679,0.34010685080121816
test-3568,0.046698793217353644
test-35680,0.02163567531761732
test-35681,0.01595785140581346
test-35682,0.12366632774524698
test-35683,0.06150595798683583
test-35684,0.018606281559990834
test-35685,0.08238834793261206
test-35686,0.19319438777168021
test-35687,0.016890994708439955
test-35688,0.06147481388126608
test-35689,0.03849385307396757
test-3569,0.1767024985626225
test-35690,0.03920240783212209
test-35691,0.07300415700059695
test-35692,0.01630124134202353
test-35693,0.016030062751449876
test-35694,0.07204740004021597
test-35695,0.008194915106612554
test-35696,0.028841890295247256
test-35697,0.123817286149575
test-35698,0.12732479978550354
test-35699,0.28241650580558236
test-357,0.1340593337347068
test-3570,0.13130981972272684
test-35700,0.14607565985614943
test-35701,0.008698850415203425
test-35702,0.07368970802550642
test-35703,0.0513247717081898
test-35704,0.01738882867659487
test-35705,0.009795848524593975
test-35706,0.020792926661816705
test-35707,0.035622190852144055
test-35708,0.021658277786438283
test-35709,0.24118117773386433
test-3571,0.08840526570605944
test-35710,0.008058483389750105
test-35711,0.09650560764711133
test-35712,0.30512526059773765
test-35713,0.16542338681059818
test-35714,0.03343470085240117
test-35715,0.016166442729614372
test-35716,0.38368250115368974
test-35717,0.01918038671758872
test-35718,0.2270647132011713
test-35719,0.08153168488552605
test-3572,0.026580765150785408
test-35720,0.04688163618239434
test-35721,0.028015998167922777
test-35722,0.09823402602567016
test-35723,0.3013575511428643
test-35724,0.08747400282747254
test-35725,0.06318773272990245
test-35726,0.05863133524502234
test-35727,0.026836237584090344
test-35728,0.013812800604870628
test-35729,0.034049504708115096
test-3573,0.03340753865179779
test-35730,0.0846182167635542
test-35731,0.2506116593318666
test-35732,0.15703260579205272
test-35733,0.3341027874495234
test-35734,0.03001132065214402
test-35735,0.09787796055403811
test-35736,0.07886389856148882
test-35737,0.13654529961796882
test-35738,0.08419898429627544
test-35739,0.09787796055403811
test-3574,0.14560922004180218
test-35740,0.05487776745599645
test-35741,0.01990156796231145
test-35742,0.011803303083447266
test-35743,0.012689772950261082
test-35744,0.3895476673164159
test-35745,0.36336236004260664
test-35746,0.01594880250535449
test-35747,0.08287687233596294
test-35748,0.010562997691810587
test-35749,0.12084010056946946
test-3575,0.015130153923336363
test-35750,0.07359534511045839
test-35751,0.007337465300260704
test-35752,0.08962782951307559
test-35753,0.053444269160137794
test-35754,0.03185411924308289
test-35755,0.015562714184025866
test-35756,0.008547646687298195
test-35757,0.06613128233036399
test-35758,0.32072693085634246
test-35759,0.12531958770279328
test-3576,0.09236310685700128
test-35760,0.0669392073111586
test-35761,0.04942224245468778
test-35762,0.00904398707760681
test-35763,0.2077155571056
test-35764,0.05437569200427133
test-35765,0.08115971803734869
test-35766,0.02371384536348697
test-35767,0.16674630998089282
test-35768,0.23833301831062792
test-35769,0.1961876083524051
test-3577,0.1732998303511842
test-35770,0.023529249498726874
test-35771,0.25541852355787653
test-35772,0.3212210543192243
test-35773,0.12663596937894922
test-35774,0.012170763496945366
test-35775,0.2032881262300473
test-35776,0.009520494727944253
test-35777,0.199522899150084
test-35778,0.1145562784460311
test-35779,0.02768885890080282
test-3578,0.009330537767053757
test-35780,0.03429007141117637
test-35781,0.04934027619040064
test-35782,0.01737837363458803
test-35783,0.041994584683696344
test-35784,0.025168343678463424
test-35785,0.26398327239909636
test-35786,0.01133949984259198
test-35787,0.15014621973678852
test-35788,0.3133206998798468
test-35789,0.2098411801667717
test-3579,0.017402923125412428
test-35790,0.36358563490190887
test-35791,0.020900916161280595
test-35792,0.23188401365506345
test-35793,0.03424518888473805
test-35794,0.01474532631827092
test-35795,0.12503264617465912
test-35796,0.009353842923835835
test-35797,0.0522866469823982
test-35798,0.13630255968892496
test-35799,0.4063727899228229
test-358,0.011201630439494577
test-3580,0.009011467027819506
test-35800,0.042238827962389924
test-35801,0.20368655124824386
test-35802,0.05400256287771402
test-35803,0.07782858271232067
test-35804,0.021245810970398026
test-35805,0.11383471409274178
test-35806,0.027674607115279293
test-35807,0.019703553015420212
test-35808,0.05339307069340168
test-35809,0.18964563582825775
test-3581,0.012582623663566947
test-35810,0.05437053847985821
test-35811,0.06381412376367587
test-35812,0.016826710537060606
test-35813,0.029778034879541795
test-35814,0.039477482084524645
test-35815,0.03975864414553444
test-35816,0.009823427799323804
test-35817,0.029109702874330633
test-35818,0.011845227359151056
test-35819,0.1297618149075614
test-3582,0.009813631662146945
test-35820,0.12316073595339422
test-35821,0.025427357657461104
test-35822,0.017573657116176963
test-35823,0.010192396975199473
test-35824,0.02139702294584386
test-35825,0.09552583028044799
test-35826,0.01431803178754994
test-35827,0.0846182167635542
test-35828,0.18948579702949256
test-35829,0.18944198654418828
test-3583,0.026424429060477466
test-35830,0.009742248565571744
test-35831,0.007521324227029175
test-35832,0.03597034454897882
test-35833,0.03648691192467431
test-35834,0.016178337218695552
test-35835,0.07608351408547982
test-35836,0.20270294958127072
test-35837,0.018604360233762614
test-35838,0.012285405669496947
test-35839,0.04883873636012306
test-3584,0.13741004273749366
test-35840,0.019736552330336995
test-35841,0.0669392073111586
test-35842,0.06649498892852944
test-35843,0.023506117112954823
test-35844,0.0246085768583618
test-35845,0.07380637435601713
test-35846,0.014749568922001906
test-35847,0.09232549765421094
test-35848,0.22955731461885837
test-35849,0.16044737067972883
test-3585,0.011686847105553138
test-35850,0.1543693773528168
test-35851,0.01389600534066769
test-35852,0.13679759270605976
test-35853,0.008800465160401552
test-35854,0.028272813201540285
test-35855,0.041951161339989294
test-35856,0.021805470871551654
test-35857,0.015227170627189396
test-35858,0.11620376548595909
test-35859,0.0846182167635542
test-3586,0.015657640882844062
test-35860,0.05496554620243425
test-35861,0.05654698544866872
test-35862,0.014606832165642208
test-35863,0.13859219849229082
test-35864,0.03350143904150453
test-35865,0.011647197167726839
test-35866,0.029502441447091132
test-35867,0.026019484372052225
test-35868,0.11094171495979958
test-35869,0.021444508938785366
test-3587,0.12756464018589395
test-35870,0.05548035999624712
test-35871,0.061577899304617906
test-35872,0.036592687707977335
test-35873,0.011483331830239167
test-35874,0.021946144834849402
test-35875,0.060400817731855794
test-35876,0.20757573534864682
test-35877,0.046299335605528374
test-35878,0.10340746656845215
test-35879,0.021698664605298852
test-3588,0.007785501302675856
test-35880,0.10135147787955867
test-35881,0.016020232182825667
test-35882,0.008439248271036549
test-35883,0.17024937769368434
test-35884,0.1600814864007785
test-35885,0.11632886229315872
test-35886,0.11890503619160865
test-35887,0.05741974544465341
test-35888,0.09810873122529659
test-35889,0.09365038619804641
test-3589,0.06983136155849988
test-35890,0.19995109592604443
test-35891,0.027088140521023797
test-35892,0.026615363617379408
test-35893,0.10135147787955867
test-35894,0.04070378265386243
test-35895,0.009227246839013901
test-35896,0.010997276837906208
test-35897,0.05988169234550794
test-35898,0.06695656929650583
test-35899,0.12243265641665092
test-359,0.010004073763604716
test-3590,0.11086840956639833
test-35900,0.023183163688339208
test-35901,0.0653873832920644
test-35902,0.10825376690778082
test-35903,0.030223321182332185
test-35904,0.07300415700059695
test-35905,0.07066391180041305
test-35906,0.05723922726536898
test-35907,0.03884272409958795
test-35908,0.005645307370693351
test-35909,0.028703508075175424
test-3591,0.08068148305327727
test-35910,0.011173691066246001
test-35911,0.09190802976376802
test-35912,0.07154554671561687
test-35913,0.07004046692042505
test-35914,0.1543693773528168
test-35915,0.030860211436749246
test-35916,0.047993435583829194
test-35917,0.015480191576944392
test-35918,0.02977363290586855
test-35919,0.03975754767731367
test-3592,0.20565698599184845
test-35920,0.006457619145755615
test-35921,0.014168167861094866
test-35922,0.13353270262421027
test-35923,0.12626207008150456
test-35924,0.035106418149828574
test-35925,0.006896509945496083
test-35926,0.34903163916690877
test-35927,0.00853274725679918
test-35928,0.018483425341218836
test-35929,0.1250386220785563
test-3593,0.011686847105553138
test-35930,0.06560203094739116
test-35931,0.023146011113803794
test-35932,0.22612689375992398
test-35933,0.14949819894194114
test-35934,0.10705262902098418
test-35935,0.03613881898411681
test-35936,0.011359874430755456
test-35937,0.20783624300708262
test-35938,0.009112165939545646
test-35939,0.0919370635176419
test-3594,0.0076923280727946
test-35940,0.0669392073111586
test-35941,0.20240081376553773
test-35942,0.10020063849969928
test-35943,0.014094458178978463
test-35944,0.028947998058076272
test-35945,0.10131017876088283
test-35946,0.013750835097830537
test-35947,0.026707222040303718
test-35948,0.09577148861252165
test-35949,0.026586077131985655
test-3595,0.02182790849434339
test-35950,0.08532325619811441
test-35951,0.13569916252211403
test-35952,0.09492064658576277
test-35953,0.04198335530517944
test-35954,0.17719100676845143
test-35955,0.014086283418994618
test-35956,0.02018667093470424
test-35957,0.03179592178187199
test-35958,0.11041907809877959
test-35959,0.012446416717058524
test-3596,0.0635864707690999
test-35960,0.182655498395101
test-35961,0.38322268198722426
test-35962,0.023518655305115554
test-35963,0.04373228604264434
test-35964,0.01787324844662315
test-35965,0.07441733773336258
test-35966,0.16695447271917302
test-35967,0.2044660400281232
test-35968,0.019414395151522674
test-35969,0.29063341736769627
test-3597,0.08742981472721043
test-35970,0.20306260530149237
test-35971,0.14358924655565442
test-35972,0.1505006519364391
test-35973,0.018538534653501342
test-35974,0.07958009128105223
test-35975,0.01133949984259198
test-35976,0.2657121559624527
test-35977,0.009666421781969454
test-35978,0.1055164323986855
test-35979,0.08708875680781572
test-3598,0.03195702402872362
test-35980,0.1083644955657633
test-35981,0.13844485831116107
test-35982,0.03562798081380685
test-35983,0.1059535626556491
test-35984,0.0315414840882949
test-35985,0.08774457357503108
test-35986,0.02282692996388587
test-35987,0.07674339351630564
test-35988,0.09752979142781895
test-35989,0.01575856989455468
test-3599,0.010181828203564652
test-35990,0.021502805736135413
test-35991,0.01972992646497914
test-35992,0.278201667381778
test-35993,0.0126129333304886
test-35994,0.03240149284523885
test-35995,0.07984600052248031
test-35996,0.13513861898426763
test-35997,0.016869527658790243
test-35998,0.01029220104859198
test-35999,0.015938305823652993
test-36,0.013989875449759624
test-360,0.006863633346104061
test-3600,0.09787796055403811
test-36000,0.04049860151896432
test-36001,0.3072769373815252
test-36002,0.017988751259433534
test-36003,0.0424967180133069
test-36004,0.31170176649591
test-36005,0.07430917779219151
test-36006,0.052990482670225006
test-36007,0.013131820067274274
test-36008,0.0846182167635542
test-36009,0.08489759367113547
test-3601,0.11209865486265679
test-36010,0.08003083037374147
test-36011,0.011891081040688126
test-36012,0.013305549181691868
test-36013,0.028382297674096835
test-36014,0.009355552181193558
test-36015,0.01335848255443765
test-36016,0.05320968882740645
test-36017,0.018487811456801444
test-36018,0.033122177172985705
test-36019,0.08080139130927723
test-3602,0.07896917855603469
test-36020,0.28403101754874605
test-36021,0.05591977502723371
test-36022,0.020854052518656848
test-36023,0.014367731710591372
test-36024,0.29785451262683565
test-36025,0.0207261779450596
test-36026,0.09515693633061387
test-36027,0.31380257983712506
test-36028,0.008149002485368602
test-36029,0.02134792244679846
test-3603,0.021640441901058585
test-36030,0.15665534025222339
test-36031,0.1972997983488446
test-36032,0.27139360342869423
test-36033,0.1814430111329943
test-36034,0.01617223722163442
test-36035,0.09056026147693642
test-36036,0.07799433853261355
test-36037,0.010613200456979622
test-36038,0.009032232578568281
test-36039,0.03223359524758432
test-3604,0.006555952675354115
test-36040,0.19577936452953026
test-36041,0.38265760834254803
test-36042,0.06613348601710607
test-36043,0.018581782348567007
test-36044,0.3464418176260708
test-36045,0.037920534296144594
test-36046,0.02172821230534743
test-36047,0.021772501375569034
test-36048,0.017463864094825372
test-36049,0.15271578861814536
test-3605,0.025585157849399475
test-36050,0.21706054981832693
test-36051,0.03301411209743846
test-36052,0.028387792089109406
test-36053,0.12660352943904724
test-36054,0.25976759438661245
test-36055,0.08676426786931425
test-36056,0.0859340006643166
test-36057,0.016982305334201704
test-36058,0.06711129595667735
test-36059,0.3428061204962526
test-3606,0.05459941182947359
test-36060,0.21663005549954117
test-36061,0.07828416273047811
test-36062,0.3915781221280137
test-36063,0.016950814297187693
test-36064,0.00900513510810355
test-36065,0.04153001048210295
test-36066,0.09787796055403811
test-36067,0.01281801115176346
test-36068,0.02426416728650566
test-36069,0.04475351461529831
test-3607,0.1405581776834276
test-36070,0.430373324059837
test-36071,0.026783426580740483
test-36072,0.023731972722395467
test-36073,0.019293161491319617
test-36074,0.22421435541906332
test-36075,0.18452202185432923
test-36076,0.08312535499237358
test-36077,0.008837832993350175
test-36078,0.028776147230809956
test-36079,0.12418322251003519
test-3608,0.014579315955906972
test-36080,0.2493085166360425
test-36081,0.300199160574459
test-36082,0.12889206303700748
test-36083,0.010495418056502864
test-36084,0.03836497020844435
test-36085,0.017816313095915935
test-36086,0.015357709420119891
test-36087,0.011617967118252465
test-36088,0.009548075528410105
test-36089,0.027534517551033633
test-3609,0.057824975477377576
test-36090,0.02254523918625851
test-36091,0.022333294557058736
test-36092,0.03943400066690518
test-36093,0.24833985160591057
test-36094,0.15328333371702343
test-36095,0.025913181598814235
test-36096,0.05023716917313733
test-36097,0.13399102378441674
test-36098,0.16438906232503991
test-36099,0.02274538905768773
test-361,0.009071276083109899
test-3610,0.09860381645007209
test-36100,0.046928038897983804
test-36101,0.2345961437866856
test-36102,0.0850619304368906
test-36103,0.02421405969197439
test-36104,0.16082238423746442
test-36105,0.14262476763258666
test-36106,0.012864146429992252
test-36107,0.009862587924327124
test-36108,0.02121325031667694
test-36109,0.061577899304617906
test-3611,0.09435854111353265
test-36110,0.01731877976858074
test-36111,0.04115091892701535
test-36112,0.18740145258191054
test-36113,0.11728331896029819
test-36114,0.027429847940129235
test-36115,0.016906667306138826
test-36116,0.006064370518519834
test-36117,0.1573062740177458
test-36118,0.0072802883104641
test-36119,0.18490829688266436
test-3612,0.028177115916828734
test-36120,0.022576329861777468
test-36121,0.041314408906568977
test-36122,0.005971096408564917
test-36123,0.10340179827542993
test-36124,0.024569725962788756
test-36125,0.022973217473392288
test-36126,0.005370064787434184
test-36127,0.022678962135963876
test-36128,0.07796934744318088
test-36129,0.03471273609949419
test-3613,0.17358653425167714
test-36130,0.1944346418129891
test-36131,0.07193077900209742
test-36132,0.045202609565934415
test-36133,0.19093872108576876
test-36134,0.020372488887701396
test-36135,0.006302388787192368
test-36136,0.018854206981865292
test-36137,0.022850838659442672
test-36138,0.01247474765858608
test-36139,0.029939962074001417
test-3614,0.31452997208167816
test-36140,0.03849385307396757
test-36141,0.02367157523192584
test-36142,0.19834435687396448
test-36143,0.08712511576734372
test-36144,0.023118343952525506
test-36145,0.0170348971258938
test-36146,0.027795304170632418
test-36147,0.031021019716840438
test-36148,0.04329687862978268
test-36149,0.04782812181748887
test-3615,0.015092024658918804
test-36150,0.0669392073111586
test-36151,0.030603604913140934
test-36152,0.09181692248829747
test-36153,0.12663596937894922
test-36154,0.05339307069340168
test-36155,0.14080926978117908
test-36156,0.06465316787143184
test-36157,0.24337133064828465
test-36158,0.010597022721610675
test-36159,0.018775694189112617
test-3616,0.03608941423929921
test-36160,0.21936755213352194
test-36161,0.040614949948603984
test-36162,0.03592846913595172
test-36163,0.2954234403200605
test-36164,0.051095931933774624
test-36165,0.01788743215091725
test-36166,0.3126764858365641
test-36167,0.026727677586376095
test-36168,0.03957084390446865
test-36169,0.15615281286227375
test-3617,0.030658122484413724
test-36170,0.02614754215957516
test-36171,0.03512127981734146
test-36172,0.24326203137866922
test-36173,0.01044082633027694
test-36174,0.2024317009937483
test-36175,0.09591485532536637
test-36176,0.09710347269567549
test-36177,0.012273499821831315
test-36178,0.09075258798821509
test-36179,0.022136812016586054
test-3618,0.12944892012576575
test-36180,0.20564161944038378
test-36181,0.07238182186422072
test-36182,0.038382651072094584
test-36183,0.0855104605493497
test-36184,0.09420396328104876
test-36185,0.02172821230534743
test-36186,0.013791447815335593
test-36187,0.07896917855603469
test-36188,0.030401671386329796
test-36189,0.05959364878712003
test-3619,0.07441116926380623
test-36190,0.035205053891926706
test-36191,0.01467489084437617
test-36192,0.031072774034976176
test-36193,0.35394147679219506
test-36194,0.012316288404277861
test-36195,0.08448939323286268
test-36196,0.050415637044265625
test-36197,0.009975814094294853
test-36198,0.11607553849948815
test-36199,0.024153733510954865
test-362,0.19716591277159293
test-3620,0.012444217262334703
test-36200,0.030384382148192123
test-36201,0.08196973207204497
test-36202,0.2051396953215606
test-36203,0.08395183120844195
test-36204,0.08628634699969367
test-36205,0.1730101725840395
test-36206,0.18399513295764078
test-36207,0.197286025661373
test-36208,0.07098832492896881
test-36209,0.26170901752625986
test-3621,0.01019435428557345
test-36210,0.044180203232313815
test-36211,0.08517804210362843
test-36212,0.028737210266914826
test-36213,0.02287070947561671
test-36214,0.0693483723756308
test-36215,0.03235553314742093
test-36216,0.02104894556600808
test-36217,0.021025575383753502
test-36218,0.028519675639374093
test-36219,0.029904016573031236
test-3622,0.11479446973523151
test-36220,0.12758786262445412
test-36221,0.32076879650771395
test-36222,0.14461542606478833
test-36223,0.18418539639569032
test-36224,0.02192721484771367
test-36225,0.08476808185749082
test-36226,0.14369326405350588
test-36227,0.08346085792834035
test-36228,0.012781270646908444
test-36229,0.25136605925130034
test-3623,0.18097354916275402
test-36230,0.15219975787088924
test-36231,0.010033785748775769
test-36232,0.03995021739060467
test-36233,0.008443481737337723
test-36234,0.25541852355787653
test-36235,0.058646860319228514
test-36236,0.23813766333637051
test-36237,0.1883922662159089
test-36238,0.018238209547875733
test-36239,0.017308110391445013
test-3624,0.06908085803055669
test-36240,0.07321148603617267
test-36241,0.00712311675277087
test-36242,0.07530257673051549
test-36243,0.025982880086151253
test-36244,0.11309898456307653
test-36245,0.13400234926160304
test-36246,0.16057793012595387
test-36247,0.027591016248569036
test-36248,0.028038770263933657
test-36249,0.013104288373023928
test-3625,0.01666947603337584
test-36250,0.028588448580605875
test-36251,0.015539880979951966
test-36252,0.017570641069852216
test-36253,0.15210276910506287
test-36254,0.17903802988922818
test-36255,0.025894638265528375
test-36256,0.1404555463692965
test-36257,0.03603346038149868
test-36258,0.01818615397088093
test-36259,0.16364303120081933
test-3626,0.061577899304617906
test-36260,0.021042058785937758
test-36261,0.014409759096951268
test-36262,0.02472598522992269
test-36263,0.01418369341866158
test-36264,0.01659890716419432
test-36265,0.01288711510680545
test-36266,0.020533306530333962
test-36267,0.056603873987572655
test-36268,0.031747147147066876
test-36269,0.14819567784557655
test-3627,0.013526744852973047
test-36270,0.17331987041765398
test-36271,0.012503979305249192
test-36272,0.04458614054825902
test-36273,0.020184049019556536
test-36274,0.08892582482768477
test-36275,0.03257850344330516
test-36276,0.0398058674310703
test-36277,0.013417773204285471
test-36278,0.3591967539993856
test-36279,0.23707313032047367
test-3628,0.0734238194770512
test-36280,0.15215252177944688
test-36281,0.0985589553837864
test-36282,0.15275240524177042
test-36283,0.02974659745104685
test-36284,0.11983130905146618
test-36285,0.09231870597344345
test-36286,0.016462377125316358
test-36287,0.017697685715833213
test-36288,0.028528104231421717
test-36289,0.04166971932024224
test-3629,0.08274557089463298
test-36290,0.01766897235598024
test-36291,0.10401231587829271
test-36292,0.01630563828738991
test-36293,0.020391819342976143
test-36294,0.031566533495516
test-36295,0.044534795793035306
test-36296,0.06980830189606753
test-36297,0.07509938645494245
test-36298,0.07675691704260375
test-36299,0.07955672582119087
test-363,0.0582728300104083
test-3630,0.018919593253776026
test-36300,0.051911076372234355
test-36301,0.009227077078931922
test-36302,0.257839423201132
test-36303,0.12874097239593613
test-36304,0.019628866705333318
test-36305,0.04418003581060917
test-36306,0.09526063506268198
test-36307,0.030672338270825435
test-36308,0.09479451787519136
test-36309,0.09716927310934444
test-3631,0.10972695116499522
test-36310,0.022056466302850405
test-36311,0.16097263443990656
test-36312,0.06208882274010417
test-36313,0.015444975628470088
test-36314,0.012863439053823146
test-36315,0.07692682130156198
test-36316,0.0708289779666321
test-36317,0.011413886321069105
test-36318,0.050580147179461445
test-36319,0.06624739471901811
test-3632,0.01469998279053515
test-36320,0.1566921645438147
test-36321,0.20972630656707483
test-36322,0.03676137558186525
test-36323,0.2578727466054428
test-36324,0.14045666954397498
test-36325,0.036188709347300646
test-36326,0.017236736355124
test-36327,0.4349822264163661
test-36328,0.0727432446782135
test-36329,0.0312896914966616
test-3633,0.0568481681517933
test-36330,0.04119529580068681
test-36331,0.18598824131231245
test-36332,0.16820586681779548
test-36333,0.020280232344633206
test-36334,0.01961229524549631
test-36335,0.008484067384068957
test-36336,0.023930323758353533
test-36337,0.020778467873671377
test-36338,0.012145665550794492
test-36339,0.027971952246818487
test-3634,0.2552622007671983
test-36340,0.022217918167345443
test-36341,0.011155946196487078
test-36342,0.016822653249569528
test-36343,0.2364824725462624
test-36344,0.41958665198173095
test-36345,0.013335389707916917
test-36346,0.026307742543631808
test-36347,0.017821910355232607
test-36348,0.17008905916858408
test-36349,0.018471498616123082
test-3635,0.2343396979287896
test-36350,0.04974580208153103
test-36351,0.02178144610459092
test-36352,0.013304132959299072
test-36353,0.028747096662788924
test-36354,0.0230774050246095
test-36355,0.01086241121322938
test-36356,0.012594076465607567
test-36357,0.19549096309961705
test-36358,0.0057587112622508405
test-36359,0.04908486810621471
test-3636,0.25425245832597226
test-36360,0.12256622517816931
test-36361,0.012344743001593949
test-36362,0.01618119894584407
test-36363,0.07344271144404275
test-36364,0.02137285080362452
test-36365,0.0066112284652752405
test-36366,0.08692913480059271
test-36367,0.03043704741339076
test-36368,0.02433543149009261
test-36369,0.061577899304617906
test-3637,0.022696548758363612
test-36370,0.04252105837468247
test-36371,0.01784440329553833
test-36372,0.05725324942963768
test-36373,0.09889718610660009
test-36374,0.0163680677762537
test-36375,0.007865584002357078
test-36376,0.04688750644718757
test-36377,0.12042552375834846
test-36378,0.016007861763966263
test-36379,0.17935195363255674
test-3638,0.027701782433431705
test-36380,0.03436654574483293
test-36381,0.07572581120793728
test-36382,0.008682109083901914
test-36383,0.1597598913928633
test-36384,0.06129456020533606
test-36385,0.2776390994236567
test-36386,0.26862723190720145
test-36387,0.022379285575287046
test-36388,0.051083621413204
test-36389,0.21762356333485927
test-3639,0.020840247245356467
test-36390,0.11289536291921541
test-36391,0.015128434126955163
test-36392,0.019399056971066392
test-36393,0.06764337277646787
test-36394,0.043197631833420076
test-36395,0.016899477371867363
test-36396,0.04205098404100263
test-36397,0.11749837870474622
test-36398,0.03875805401201347
test-36399,0.01747127578351374
test-364,0.02603801234091004
test-3640,0.1815373620036593
test-36400,0.04581368653346034
test-36401,0.03361539056580721
test-36402,0.17235109616208968
test-36403,0.1413583542904901
test-36404,0.11412015650690727
test-36405,0.04487538488707686
test-36406,0.0958684438431074
test-36407,0.05947670674122276
test-36408,0.08485338410470679
test-36409,0.02510496719577298
test-3641,0.14963025834787752
test-36410,0.009483565563683636
test-36411,0.06721393631980155
test-36412,0.13179502448510133
test-36413,0.13900678209946057
test-36414,0.034462792400414846
test-36415,0.015852033663623838
test-36416,0.015124955333435781
test-36417,0.1635201699740299
test-36418,0.17645226684991447
test-36419,0.029254601910633577
test-3642,0.016896459257951232
test-36420,0.2505759404601231
test-36421,0.03517554983071838
test-36422,0.021935438359751203
test-36423,0.013921432964810862
test-36424,0.1517897058125
test-36425,0.04028939666416218
test-36426,0.10067046252460655
test-36427,0.071788679660567
test-36428,0.02041287511355161
test-36429,0.016452677575582598
test-3643,0.08788120190007584
test-36430,0.1174236379194529
test-36431,0.07896917855603469
test-36432,0.039056486816039286
test-36433,0.08890115724917734
test-36434,0.14873072079072305
test-36435,0.16695447271917302
test-36436,0.08370228206414163
test-36437,0.014810109838889926
test-36438,0.02899201110795481
test-36439,0.020934436976559084
test-3644,0.007202468589375964
test-36440,0.18811731458304776
test-36441,0.009945544235989269
test-36442,0.013043027380754978
test-36443,0.05932267879338253
test-36444,0.03574689974418211
test-36445,0.030725964323379446
test-36446,0.0669392073111586
test-36447,0.10135147787955867
test-36448,0.05167894218052549
test-36449,0.1378342768348269
test-3645,0.2776390994236567
test-36450,0.03631424841657621
test-36451,0.007412350936366664
test-36452,0.1371850533669848
test-36453,0.023704793861965848
test-36454,0.017229542310533474
test-36455,0.018301279680661812
test-36456,0.017402078311977768
test-36457,0.08699100368860391
test-36458,0.3607241212374633
test-36459,0.021651511478663427
test-3646,0.014973381047228533
test-36460,0.030687681059137918
test-36461,0.019628866705333318
test-36462,0.036353617615903944
test-36463,0.25475378586780223
test-36464,0.16432120238242426
test-36465,0.04643304732137774
test-36466,0.2169299211363507
test-36467,0.10057089987854277
test-36468,0.059677898280213665
test-36469,0.011654556779480772
test-3647,0.06668690513306377
test-36470,0.015711453457509912
test-36471,0.039867039753290874
test-36472,0.1069724347310688
test-36473,0.012306278865557185
test-36474,0.18344428455015002
test-36475,0.09238386672425124
test-36476,0.006487708451154264
test-36477,0.0895814877619895
test-36478,0.04315587774234556
test-36479,0.06390079700101287
test-3648,0.03638529663727684
test-36480,0.0359500095030345
test-36481,0.016180805886857306
test-36482,0.12056362792764973
test-36483,0.006431748149607012
test-36484,0.009520494727944253
test-36485,0.22871470666973684
test-36486,0.09124177064931771
test-36487,0.013209566449408442
test-36488,0.013044221529199602
test-36489,0.21088894614569934
test-3649,0.013509343881553578
test-36490,0.315107226151039
test-36491,0.014506405678383655
test-36492,0.10937515919359819
test-36493,0.013262430474233457
test-36494,0.08560838976018696
test-36495,0.02969257488532028
test-36496,0.06105843634621243
test-36497,0.20579653106655443
test-36498,0.21474316389083123
test-36499,0.031059182664744885
test-365,0.011649381702069878
test-3650,0.24263777053542354
test-36500,0.19768512055439405
test-36501,0.0286865153267983
test-36502,0.022926593031677458
test-36503,0.28867013445323436
test-36504,0.02246602969415402
test-36505,0.1272845481027148
test-36506,0.017572287121319956
test-36507,0.13474781416485623
test-36508,0.18484931892927298
test-36509,0.026424429060477466
test-3651,0.03185423450405065
test-36510,0.01323067546362762
test-36511,0.08360169857380109
test-36512,0.0470339919727911
test-36513,0.011359659525609973
test-36514,0.014111659681764902
test-36515,0.01977810592037329
test-36516,0.011817896378157333
test-36517,0.014055601955391184
test-36518,0.0669807648279373
test-36519,0.24050315719143892
test-3652,0.015393822776096253
test-36520,0.20390261385032332
test-36521,0.015426796866458623
test-36522,0.06769227346933265
test-36523,0.04234117241815452
test-36524,0.020446234033832653
test-36525,0.015946264383769337
test-36526,0.009420807329912503
test-36527,0.010796078097633298
test-36528,0.03668333435308015
test-36529,0.07451860821862157
test-3653,0.12652196260891727
test-36530,0.007015037564767817
test-36531,0.07300415700059695
test-36532,0.17645226684991447
test-36533,0.029021798702163436
test-36534,0.04600142848110456
test-36535,0.011413886321069105
test-36536,0.08480914106612462
test-36537,0.013280237264909974
test-36538,0.04533205914437732
test-36539,0.025037591752276475
test-3654,0.04754107884004349
test-36540,0.1506258136574509
test-36541,0.06975371387060482
test-36542,0.019473956581750936
test-36543,0.06107244868006746
test-36544,0.08592132109463028
test-36545,0.023187882530613216
test-36546,0.009265801435173563
test-36547,0.01633925353640073
test-36548,0.03308451982233266
test-36549,0.06803412447426488
test-3655,0.02853963951956581
test-36550,0.09753164010386352
test-36551,0.10282963854365132
test-36552,0.03194127965795964
test-36553,0.14945940739886726
test-36554,0.012750078353881809
test-36555,0.014306909638246853
test-36556,0.12867887659856117
test-36557,0.016574184871660742
test-36558,0.015772520545196754
test-36559,0.03073887795916476
test-3656,0.17645226684991447
test-36560,0.012244803581140168
test-36561,0.26203801142158595
test-36562,0.0074012623518763835
test-36563,0.013144144762115282
test-36564,0.09856243747798892
test-36565,0.07180093321957726
test-36566,0.017772268645569175
test-36567,0.008217518963891099
test-36568,0.013750835097830537
test-36569,0.053374300921874764
test-3657,0.023960406355158018
test-36570,0.08746116618023247
test-36571,0.08651277181365045
test-36572,0.15895499583070438
test-36573,0.029452152215009728
test-36574,0.029898820979739373
test-36575,0.19175467371102256
test-36576,0.034462792400414846
test-36577,0.021284964729017974
test-36578,0.1538354278270646
test-36579,0.21830492636180185
test-3658,0.12065302887862295
test-36580,0.015995282875958545
test-36581,0.242558207736482
test-36582,0.01395593935710417
test-36583,0.0315030809877662
test-36584,0.032139256677738995
test-36585,0.008339948297645788
test-36586,0.033033190567207805
test-36587,0.2757074132295775
test-36588,0.02657413825491176
test-36589,0.07154554671561687
test-3659,0.01691107600251145
test-36590,0.03090199970802088
test-36591,0.08771939818482093
test-36592,0.027797807338774037
test-36593,0.04997894105953318
test-36594,0.06705034203327342
test-36595,0.15020909758942258
test-36596,0.007785501302675856
test-36597,0.019519375905422413
test-36598,0.015986843897799835
test-36599,0.07859197714629405
test-366,0.18408712317529985
test-3660,0.030021207286805233
test-36600,0.1895893326263332
test-36601,0.04571612418863908
test-36602,0.009295512455724596
test-36603,0.01789535188041588
test-36604,0.12243265641665092
test-36605,0.013434900950470216
test-36606,0.06697932431128029
test-36607,0.05273939999786985
test-36608,0.014181423976164113
test-36609,0.019703554842580524
test-3661,0.05339307069340168
test-36610,0.014113200095413673
test-36611,0.1665308889824919
test-36612,0.17995815334923818
test-36613,0.022977844669373554
test-36614,0.0687732139720173
test-36615,0.3579193514975955
test-36616,0.02402283628342261
test-36617,0.01232550482358701
test-36618,0.18018126811034968
test-36619,0.021741956974747654
test-3662,0.012913762425895882
test-36620,0.058431258059673474
test-36621,0.0324139434232026
test-36622,0.050815568123992315
test-36623,0.1398817640174991
test-36624,0.008833433729878996
test-36625,0.022431061180560083
test-36626,0.10745550020487037
test-36627,0.04290676612646692
test-36628,0.0885340608750168
test-36629,0.1814480202894225
test-3663,0.010495418056502864
test-36630,0.09158303572575063
test-36631,0.010282059791167565
test-36632,0.02227726847425118
test-36633,0.02080456676701375
test-36634,0.043582313380917066
test-36635,0.013341458467498775
test-36636,0.007830037998292384
test-36637,0.07481427347574694
test-36638,0.09673533330374554
test-36639,0.021977654865962343
test-3664,0.06613128233036399
test-36640,0.014399707778487845
test-36641,0.07300415700059695
test-36642,0.33303260952454955
test-36643,0.021864651841665143
test-36644,0.02330670053035797
test-36645,0.06182439910161281
test-36646,0.019376087382206055
test-36647,0.04457824683746167
test-36648,0.01893743511703441
test-36649,0.07305911273342602
test-3665,0.021340410030459812
test-36650,0.029680821424656247
test-36651,0.09862558966334982
test-36652,0.20151341891574484
test-36653,0.24056619489427739
test-36654,0.01708795377307525
test-36655,0.017721631463731853
test-36656,0.038233614514125706
test-36657,0.10190608697716527
test-36658,0.2515942577190439
test-36659,0.015294077495874888
test-3666,0.018947002730473072
test-36660,0.09787796055403811
test-36661,0.08972921571340751
test-36662,0.18840047503397878
test-36663,0.04618280215646095
test-36664,0.14928289879624207
test-36665,0.02395041512602233
test-36666,0.019191555011509813
test-36667,0.022317518401531424
test-36668,0.11998411359104963
test-36669,0.021004990442562935
test-3667,0.2288066099711147
test-36670,0.1625314000244012
test-36671,0.09395758899415516
test-36672,0.19598843309404887
test-36673,0.12846034256846178
test-36674,0.07540878062432949
test-36675,0.20152267967302295
test-36676,0.00883276016799288
test-36677,0.3562028609291261
test-36678,0.27984286506621014
test-36679,0.011436658807562599
test-3668,0.10032822767663123
test-36680,0.11492654938355043
test-36681,0.01473466052589509
test-36682,0.01652463591318115
test-36683,0.018507149234957353
test-36684,0.04639533629373966
test-36685,0.053640042393821544
test-36686,0.050649323810091594
test-36687,0.03735715593782584
test-36688,0.03702555739472414
test-36689,0.027225477155929715
test-3669,0.08058473843918311
test-36690,0.034462792400414846
test-36691,0.05570983812724293
test-36692,0.11099309649998794
test-36693,0.03895619095237962
test-36694,0.0804072266049101
test-36695,0.32641958553279166
test-36696,0.1252030362751622
test-36697,0.02224177431698411
test-36698,0.2323018162467806
test-36699,0.15669310510844656
test-367,0.08258759427896051
test-3670,0.014036889458783071
test-36700,0.27249944529238873
test-36701,0.09095363519959088
test-36702,0.01836370607297214
test-36703,0.20610674725186573
test-36704,0.30336003215595847
test-36705,0.08258719398727758
test-36706,0.028091475470488524
test-36707,0.25552304753668187
test-36708,0.24210944640440804
test-36709,0.28001749731995873
test-3671,0.028716215607479778
test-36710,0.06892794231447741
test-36711,0.08523048289809987
test-36712,0.0988590176052658
test-36713,0.09787796055403811
test-36714,0.031371133691300714
test-36715,0.040869257618044046
test-36716,0.011057385688474504
test-36717,0.2509456392098745
test-36718,0.0097597353469135
test-36719,0.007607830055189385
test-3672,0.017179506158794888
test-36720,0.016182641629000766
test-36721,0.10016106950207247
test-36722,0.029935155340652112
test-36723,0.017486734775959863
test-36724,0.012360220446314955
test-36725,0.26594953122673437
test-36726,0.09984132072297273
test-36727,0.020701683821682613
test-36728,0.057288616523357455
test-36729,0.1380383366145462
test-3673,0.22754317101004504
test-36730,0.13133730017575915
test-36731,0.29285601947937484
test-36732,0.045022019493429155
test-36733,0.09360934463366813
test-36734,0.0515758401565867
test-36735,0.10202275932713735
test-36736,0.03728757353148426
test-36737,0.04475351461529831
test-36738,0.03956485680547706
test-36739,0.06860571491586533
test-3674,0.19427069281194198
test-36740,0.028830264175148047
test-36741,0.09848224955877767
test-36742,0.012347538366605581
test-36743,0.16473587003779214
test-36744,0.0065713312739282045
test-36745,0.008369553160652604
test-36746,0.06807277471988875
test-36747,0.020004105227732095
test-36748,0.05208457129373567
test-36749,0.20550261594221314
test-3675,0.035998290684934826
test-36750,0.1461941319414702
test-36751,0.021713445216684103
test-36752,0.18615946617172585
test-36753,0.08395183120844195
test-36754,0.04429279273459013
test-36755,0.21374694385233545
test-36756,0.008940824532284513
test-36757,0.199343343162246
test-36758,0.009542519469614522
test-36759,0.01495576485817215
test-3676,0.26699175790412505
test-36760,0.03455007696189628
test-36761,0.006994938888350394
test-36762,0.04067976775649039
test-36763,0.01095297789524586
test-36764,0.00831841778191277
test-36765,0.3531969754136484
test-36766,0.12397871553656287
test-36767,0.3013284700791257
test-36768,0.016150442601238955
test-36769,0.308589022319554
test-3677,0.15141377061746064
test-36770,0.2841424532080159
test-36771,0.11803087843920418
test-36772,0.016753132723310155
test-36773,0.017154424518318653
test-36774,0.012038397958701163
test-36775,0.3711882540720046
test-36776,0.11541052674476132
test-36777,0.07583726609648245
test-36778,0.04153001048210295
test-36779,0.010157449833147156
test-3678,0.081520090666953
test-36780,0.007759672336914518
test-36781,0.01994976816445542
test-36782,0.024044448061479422
test-36783,0.03273310188058774
test-36784,0.01074356394798092
test-36785,0.079738951421224
test-36786,0.09731308410445337
test-36787,0.022539219922531602
test-36788,0.03720378705291641
test-36789,0.07942837795292033
test-3679,0.026895596394338472
test-36790,0.007941880632707052
test-36791,0.10707288421980055
test-36792,0.012041039069314181
test-36793,0.039490773444856624
test-36794,0.11543498080582862
test-36795,0.03735212072625537
test-36796,0.10800848475182541
test-36797,0.013886384251168938
test-36798,0.01245099410749524
test-36799,0.0225177806859726
test-368,0.08240032944435587
test-3680,0.22005656185817335
test-36800,0.03688892664497909
test-36801,0.07622922736698107
test-36802,0.03882782471225247
test-36803,0.08582935582662206
test-36804,0.1967956045027712
test-36805,0.2841424532080159
test-36806,0.2519275793554025
test-36807,0.016638323948265303
test-36808,0.035563262154483355
test-36809,0.05047875281575529
test-3681,0.23177399848083197
test-36810,0.17627352122449386
test-36811,0.022607015244647234
test-36812,0.02240904739178526
test-36813,0.0722725695154515
test-36814,0.025077527196278787
test-36815,0.07238293305598482
test-36816,0.1595536616809621
test-36817,0.0669392073111586
test-36818,0.12283650018290801
test-36819,0.024211805513063324
test-3682,0.04710600739550636
test-36820,0.04027847533722907
test-36821,0.05114967602020192
test-36822,0.0156553286779599
test-36823,0.026972730978117542
test-36824,0.0156781038387684
test-36825,0.032039855717219984
test-36826,0.3137054541335849
test-36827,0.12925443745750123
test-36828,0.1631082260776106
test-36829,0.15230884851856227
test-3683,0.012256559785211393
test-36830,0.017570641069852216
test-36831,0.013008037490350911
test-36832,0.018227524937774294
test-36833,0.02677040252544777
test-36834,0.053459676606018657
test-36835,0.011170524360849548
test-36836,0.383538232856317
test-36837,0.35004073798726154
test-36838,0.05339307069340168
test-36839,0.02344747729963121
test-3684,0.014956969209987672
test-36840,0.02410014063679508
test-36841,0.014112464745282499
test-36842,0.007834372655025682
test-36843,0.006417713918372527
test-36844,0.01728912115584491
test-36845,0.14197333406095355
test-36846,0.10543318673306978
test-36847,0.15536345319478417
test-36848,0.24659655410324882
test-36849,0.1867944876384842
test-3685,0.027664961024608067
test-36850,0.3541854507224071
test-36851,0.18900457072202037
test-36852,0.08469207989574525
test-36853,0.007329494051783888
test-36854,0.07648341075884175
test-36855,0.07896917855603469
test-36856,0.03546269999827401
test-36857,0.04932812229570877
test-36858,0.018625358659806426
test-36859,0.14630071968618746
test-3686,0.34911114226997597
test-36860,0.014080238042504412
test-36861,0.04392313174869743
test-36862,0.027422983887639148
test-36863,0.06838236393778369
test-36864,0.28034982676856446
test-36865,0.03129947952674191
test-36866,0.30917233104229147
test-36867,0.02202306536096826
test-36868,0.0559103285581388
test-36869,0.03941874907551302
test-3687,0.01321169533138253
test-36870,0.10135147787955867
test-36871,0.2193417385567323
test-36872,0.01789535188041588
test-36873,0.07984600052248031
test-36874,0.021636867090212175
test-36875,0.02861483481507234
test-36876,0.057738957094061565
test-36877,0.010394875406848261
test-36878,0.014448990240790775
test-36879,0.16152339279725514
test-3688,0.013131820067274274
test-36880,0.1394463013726253
test-36881,0.13513861898426763
test-36882,0.30311173782463047
test-36883,0.038959846251022466
test-36884,0.16695447271917302
test-36885,0.023757327736522216
test-36886,0.0231014474431284
test-36887,0.007149959931697672
test-36888,0.06659842790854782
test-36889,0.1866707896678357
test-3689,0.13344345928954393
test-36890,0.2646254662428278
test-36891,0.009071822177896698
test-36892,0.0690932309329896
test-36893,0.1457386451206169
test-36894,0.028951579047691443
test-36895,0.031747147147066876
test-36896,0.0688557932921926
test-36897,0.25559389283524714
test-36898,0.2895337199897625
test-36899,0.13207564119353027
test-369,0.00930708596425079
test-3690,0.014202727736009722
test-36900,0.014677787753829753
test-36901,0.026424429060477466
test-36902,0.23924940103212033
test-36903,0.00784256421681622
test-36904,0.024017826223649483
test-36905,0.06709418361029962
test-36906,0.01526026577293063
test-36907,0.042946225756005235
test-36908,0.04293224643173035
test-36909,0.22873835505462223
test-3691,0.1723653785484614
test-36910,0.3870331891156226
test-36911,0.10501331796599143
test-36912,0.3032406349743543
test-36913,0.03564333526992938
test-36914,0.01489397203047697
test-36915,0.03714988897915884
test-36916,0.12248267217716732
test-36917,0.049171155072637245
test-36918,0.010538606294268482
test-36919,0.2238537740826084
test-3692,0.09610554766019225
test-36920,0.13254089448572914
test-36921,0.008590952422378888
test-36922,0.10427315101860464
test-36923,0.11616790073990722
test-36924,0.024781501872126934
test-36925,0.010771344767589012
test-36926,0.013165356646991368
test-36927,0.08003083037374147
test-36928,0.015913208278593813
test-36929,0.1452268718865543
test-3693,0.1969408194311021
test-36930,0.06804425800119882
test-36931,0.04741265862832283
test-36932,0.01098689313617257
test-36933,0.009429619365750956
test-36934,0.2651197345118816
test-36935,0.2638376218349374
test-36936,0.09394507126896243
test-36937,0.15731350203197517
test-36938,0.08687345776854956
test-36939,0.010539022591070995
test-3694,0.4252554837280234
test-36940,0.007670107894692098
test-36941,0.19382375908144386
test-36942,0.08378167808419683
test-36943,0.030123999466343757
test-36944,0.020046388050423344
test-36945,0.023748545878281895
test-36946,0.07035380374342053
test-36947,0.39650777858085956
test-36948,0.13148735065726555
test-36949,0.0669392073111586
test-3695,0.05021612439922417
test-36950,0.05980346712296094
test-36951,0.09419307528446683
test-36952,0.2360844219309243
test-36953,0.17474905098939394
test-36954,0.07339018823190428
test-36955,0.01262506069364049
test-36956,0.02031613517770343
test-36957,0.04363145236447255
test-36958,0.14404659460042715
test-36959,0.054997615132015
test-3696,0.06697727208422054
test-36960,0.032426166213573575
test-36961,0.08330542568171675
test-36962,0.3119656023428257
test-36963,0.15061014441964066
test-36964,0.09127680906225477
test-36965,0.01066251364764319
test-36966,0.2056609168432162
test-36967,0.05395072422851443
test-36968,0.062160581560317285
test-36969,0.008330643664849056
test-3697,0.37166907912227104
test-36970,0.25543506311846015
test-36971,0.014679227793713239
test-36972,0.08708076160793629
test-36973,0.09069267547082638
test-36974,0.014297363663100618
test-36975,0.3031432078595421
test-36976,0.18647405320597554
test-36977,0.06687591078501293
test-36978,0.07795579832658332
test-36979,0.045364834304137104
test-3698,0.14928289879624207
test-36980,0.03362682512372522
test-36981,0.09827044234654692
test-36982,0.018487811456801444
test-36983,0.020612646276568836
test-36984,0.32993703958256637
test-36985,0.18872035127213432
test-36986,0.008718458115945203
test-36987,0.02145458675544906
test-36988,0.16800066241006223
test-36989,0.40210099109044184
test-3699,0.09471901057879754
test-36990,0.010686886777852223
test-36991,0.025310327925789952
test-36992,0.0895814877619895
test-36993,0.05429622680183897
test-36994,0.10053924693144681
test-36995,0.022163691749510685
test-36996,0.16862936169275256
test-36997,0.14329955984084009
test-36998,0.015756535772252073
test-36999,0.19476580819503653
test-37,0.03983167309271134
test-370,0.12058530355370456
test-3700,0.06854068642831915
test-37000,0.1446656034519617
test-37001,0.01618743710781617
test-37002,0.0198831746110147
test-37003,0.15291743395249696
test-37004,0.036349110652002414
test-37005,0.00805630173403802
test-37006,0.20523412207816144
test-37007,0.014115688278040774
test-37008,0.03486860627352708
test-37009,0.037278649276648486
test-3701,0.038091352381542785
test-37010,0.022173571539155536
test-37011,0.03931040981087367
test-37012,0.0463630298797408
test-37013,0.11103495982466
test-37014,0.06617538080263065
test-37015,0.11433487183358677
test-37016,0.057934573221199256
test-37017,0.04475351461529831
test-37018,0.10849311745818162
test-37019,0.35134675525473197
test-3702,0.033765874238408114
test-37020,0.11097203628271066
test-37021,0.08088745850578302
test-37022,0.08227449316788707
test-37023,0.023932179867766665
test-37024,0.01585859096714892
test-37025,0.06951716442057558
test-37026,0.1735938007093013
test-37027,0.0895796543075759
test-37028,0.11543498080582862
test-37029,0.047363798669245026
test-3703,0.08859236866885901
test-37030,0.06807277471988875
test-37031,0.014239806028032334
test-37032,0.013144144762115282
test-37033,0.01475051394293005
test-37034,0.06447035932276897
test-37035,0.06688232829795711
test-37036,0.03575510299611665
test-37037,0.12143263438525861
test-37038,0.018723917512816837
test-37039,0.0944500804819671
test-3704,0.018772551634554106
test-37040,0.33084321335749467
test-37041,0.1847961611477087
test-37042,0.033116496965481426
test-37043,0.05217080763017367
test-37044,0.017902543684643002
test-37045,0.02242742921756255
test-37046,0.32016519006068384
test-37047,0.0669392073111586
test-37048,0.035094485464632556
test-37049,0.025135195688045255
test-3705,0.025462939638370406
test-37050,0.024514580149117737
test-37051,0.017903116328704102
test-37052,0.0751332706005262
test-37053,0.005821487477563509
test-37054,0.014783711250940213
test-37055,0.2893122116924448
test-37056,0.06993355741311262
test-37057,0.12619558485925025
test-37058,0.08519474478777096
test-37059,0.15333420637179843
test-3706,0.030627696706083077
test-37060,0.009276449229832517
test-37061,0.02779299020465487
test-37062,0.005365606185000609
test-37063,0.011089924712940138
test-37064,0.03990519783618408
test-37065,0.1741123678910509
test-37066,0.11945283735296228
test-37067,0.11037867852244922
test-37068,0.0669392073111586
test-37069,0.31550847351172256
test-3707,0.1873496572656825
test-37070,0.018454225608461577
test-37071,0.13028920714796277
test-37072,0.3265194629965294
test-37073,0.12632083784902395
test-37074,0.057105368027479196
test-37075,0.011803517710084343
test-37076,0.005524535254481839
test-37077,0.04145978833980413
test-37078,0.037170857747717646
test-37079,0.01482629257038242
test-3708,0.0392893637861947
test-37080,0.05556836061141034
test-37081,0.31639113532117935
test-37082,0.011903993985380574
test-37083,0.2829612307171375
test-37084,0.046575692610921954
test-37085,0.1784089747037841
test-37086,0.02437812404520605
test-37087,0.15170895482253594
test-37088,0.10445713916924947
test-37089,0.1487461104404082
test-3709,0.09108179897586906
test-37090,0.022758313442283542
test-37091,0.07221989839218845
test-37092,0.04850548188959575
test-37093,0.24052600417000267
test-37094,0.017969744223798653
test-37095,0.2093699132190417
test-37096,0.14477738904936552
test-37097,0.1040462830189888
test-37098,0.0222100929703134
test-37099,0.011635607838672953
test-371,0.1853018955448701
test-3710,0.037727005467886716
test-37100,0.07821159933642716
test-37101,0.06781993388330633
test-37102,0.010052132553226317
test-37103,0.046679104191500904
test-37104,0.01050167443257774
test-37105,0.08154413985417956
test-37106,0.013900652766117587
test-37107,0.060766528005996294
test-37108,0.011557594481306723
test-37109,0.010932188948613997
test-3711,0.06960818370233879
test-37110,0.04100184201971828
test-37111,0.044562153099303496
test-37112,0.01621160680882612
test-37113,0.14843847262023163
test-37114,0.20611309462783592
test-37115,0.021836726719058883
test-37116,0.24929699151761894
test-37117,0.03191295961416945
test-37118,0.02631453717269537
test-37119,0.010668668114770286
test-3712,0.07834232144926054
test-37120,0.0263639919356102
test-37121,0.26263191176686196
test-37122,0.02302063598856811
test-37123,0.011249017373407385
test-37124,0.15512671315562807
test-37125,0.055603323063498716
test-37126,0.14860966920890223
test-37127,0.014052728228875912
test-37128,0.019753469242757365
test-37129,0.03057143740816122
test-3713,0.017190557492110663
test-37130,0.034700535539956404
test-37131,0.009945544235989269
test-37132,0.17931743786961332
test-37133,0.18569906686245208
test-37134,0.08003083037374147
test-37135,0.044960148491139024
test-37136,0.2634268535008659
test-37137,0.03355991228173047
test-37138,0.03741020954907293
test-37139,0.022993270002221077
test-3714,0.09064464527187618
test-37140,0.024352474464824383
test-37141,0.07958009128105223
test-37142,0.11945283735296228
test-37143,0.07367944002247348
test-37144,0.036242497691780964
test-37145,0.15217488688963896
test-37146,0.15817297440253225
test-37147,0.12173044339252685
test-37148,0.01526802950003609
test-37149,0.03258674984897633
test-3715,0.010348787735405682
test-37150,0.41693225962646296
test-37151,0.19957695993844987
test-37152,0.04636665537766856
test-37153,0.015578590341379388
test-37154,0.16898316769516786
test-37155,0.04973803027372902
test-37156,0.15582079601413046
test-37157,0.16302545884898484
test-37158,0.14765657314827385
test-37159,0.1120548784122468
test-3716,0.07300415700059695
test-37160,0.01978694977313839
test-37161,0.10236779273875755
test-37162,0.13327320387106362
test-37163,0.3432044166947716
test-37164,0.01328717660624145
test-37165,0.14192982019818792
test-37166,0.026897715833685415
test-37167,0.17645226684991447
test-37168,0.12103344586269173
test-37169,0.12466564908881349
test-3717,0.08888774256156158
test-37170,0.05580100711385334
test-37171,0.00948198115100844
test-37172,0.1420659369061672
test-37173,0.040695030576269844
test-37174,0.049045905006772056
test-37175,0.04800148570749022
test-37176,0.13804233830872462
test-37177,0.08965021600276292
test-37178,0.15844139835805696
test-37179,0.10400833517825527
test-3718,0.040532793689842556
test-37180,0.09787796055403811
test-37181,0.02484468337265787
test-37182,0.3154973966235827
test-37183,0.01486903441112421
test-37184,0.0618665757261839
test-37185,0.02076556259029645
test-37186,0.04847950470445071
test-37187,0.01757411577637604
test-37188,0.23816691050534183
test-37189,0.1865161644664516
test-3719,0.10304984932895625
test-37190,0.2191391077214317
test-37191,0.17645226684991447
test-37192,0.070787214652417
test-37193,0.12497207879427936
test-37194,0.16946224296102733
test-37195,0.057609368388683725
test-37196,0.12771721896206586
test-37197,0.20563897268094244
test-37198,0.09787796055403811
test-37199,0.02081925488760191
test-372,0.11106473268516805
test-3720,0.14387542559400515
test-37200,0.25347480830705915
test-37201,0.019412680950839898
test-37202,0.4021017899220894
test-37203,0.014973401578261264
test-37204,0.01887888344467056
test-37205,0.10135147787955867
test-37206,0.026836237584090344
test-37207,0.01637697474636509
test-37208,0.09167061744872071
test-37209,0.11709343371842393
test-3721,0.014943244191149613
test-37210,0.008173742397472742
test-37211,0.3399115432973241
test-37212,0.008674485519001648
test-37213,0.16424391875040717
test-37214,0.16695447271917302
test-37215,0.19632024349265403
test-37216,0.11213031949628105
test-37217,0.1482939952379126
test-37218,0.03185668945975935
test-37219,0.0212878211596033
test-3722,0.01571094712622559
test-37220,0.14569013447988238
test-37221,0.15034905799445494
test-37222,0.09573944197800242
test-37223,0.14130407334004566
test-37224,0.07220834573557275
test-37225,0.03426943249237818
test-37226,0.03331478960882225
test-37227,0.06737256096030465
test-37228,0.043653899513224625
test-37229,0.03265233410119838
test-3723,0.16802365296478705
test-37230,0.01821087931420983
test-37231,0.018396005982922063
test-37232,0.05339307069340168
test-37233,0.06830484195350407
test-37234,0.012190181946880914
test-37235,0.015537239446698273
test-37236,0.018355052008202127
test-37237,0.01644443832879783
test-37238,0.021551981924148228
test-37239,0.053646075350798565
test-3724,0.008478684627547622
test-37240,0.2504038121192104
test-37241,0.31939396202793396
test-37242,0.022843086534148287
test-37243,0.022562540037775303
test-37244,0.032247744621398906
test-37245,0.05479716847612206
test-37246,0.015633767754866894
test-37247,0.024626678530956868
test-37248,0.10022332301988479
test-37249,0.25781491753667873
test-3725,0.015453120116692321
test-37250,0.011827300792703688
test-37251,0.16644517468993222
test-37252,0.1366430380514767
test-37253,0.015816231652155482
test-37254,0.04269978161932397
test-37255,0.03501710170848993
test-37256,0.12648779531494977
test-37257,0.0847251521658055
test-37258,0.008429784720129499
test-37259,0.1750411628920527
test-3726,0.010875160234815797
test-37260,0.13139143887505547
test-37261,0.0888687870523802
test-37262,0.03374570760189609
test-37263,0.01325644672754206
test-37264,0.020124062480110682
test-37265,0.10769179491477508
test-37266,0.04069615066440829
test-37267,0.016300277913513718
test-37268,0.0216126328512934
test-37269,0.0526892374520386
test-3727,0.014561595977396728
test-37270,0.0669392073111586
test-37271,0.025467682666929673
test-37272,0.220817481286507
test-37273,0.08379080743084112
test-37274,0.0669392073111586
test-37275,0.05487776745599645
test-37276,0.13775918575813118
test-37277,0.18964745981476977
test-37278,0.01862866062521425
test-37279,0.12819412947753134
test-3728,0.2462533231302795
test-37280,0.02124328237082979
test-37281,0.02130330049203823
test-37282,0.031190903978740726
test-37283,0.33307700052751193
test-37284,0.40914661054400314
test-37285,0.08367759951254389
test-37286,0.1817633299088354
test-37287,0.01941404038757438
test-37288,0.05400256287771402
test-37289,0.05368058579374111
test-3729,0.30629013488642703
test-37290,0.03203744902521127
test-37291,0.3902635259487278
test-37292,0.1431358764216668
test-37293,0.046503162727843904
test-37294,0.10712930505460157
test-37295,0.0233785489840825
test-37296,0.02965169537316712
test-37297,0.013395058773372423
test-37298,0.07283857716050303
test-37299,0.01413071233910882
test-373,0.11344041332183998
test-3730,0.01659538997323697
test-37300,0.12244393582129244
test-37301,0.20819289754436085
test-37302,0.22459269758387557
test-37303,0.04371739997126556
test-37304,0.03279096220928461
test-37305,0.029155230172003294
test-37306,0.18117008693136064
test-37307,0.23165699360123737
test-37308,0.2629225837807552
test-37309,0.030570872925358077
test-3731,0.24890480372816146
test-37310,0.11934790357546697
test-37311,0.016546828772727853
test-37312,0.03066049258566402
test-37313,0.010372044200472207
test-37314,0.08003083037374147
test-37315,0.009776814182933899
test-37316,0.10920339260857395
test-37317,0.01993960716192361
test-37318,0.02779380223213587
test-37319,0.03758379656252084
test-3732,0.20411696743360758
test-37320,0.08174556412457946
test-37321,0.23400570801257314
test-37322,0.02058610577404625
test-37323,0.16368512622843032
test-37324,0.030076165503478105
test-37325,0.20203301408789676
test-37326,0.015710386062030148
test-37327,0.008187053019722317
test-37328,0.031751049529724976
test-37329,0.07799433853261355
test-3733,0.10531480133756513
test-37330,0.3288364952024148
test-37331,0.012186897159714978
test-37332,0.07819605297747029
test-37333,0.059625857467836905
test-37334,0.20651808297652877
test-37335,0.08091840458510943
test-37336,0.039761065898679164
test-37337,0.01389504774149409
test-37338,0.022385034190617267
test-37339,0.010325175883333215
test-3734,0.07952477422786855
test-37340,0.06143745611420662
test-37341,0.11697355464980351
test-37342,0.12260101166161846
test-37343,0.05573979953749148
test-37344,0.18891576542919783
test-37345,0.3374501876075704
test-37346,0.01924557170142916
test-37347,0.10150769929983319
test-37348,0.044200675822435566
test-37349,0.1833013232887272
test-3735,0.09805478188988025
test-37350,0.024965195783918145
test-37351,0.31639113532117935
test-37352,0.08652685510383441
test-37353,0.05339307069340168
test-37354,0.015074866440592397
test-37355,0.29034691041371474
test-37356,0.39604717385390265
test-37357,0.01775270142782598
test-37358,0.05015468531813707
test-37359,0.021580225778674963
test-3736,0.07930421441308222
test-37360,0.12981589527362083
test-37361,0.09236310685700128
test-37362,0.04652616702592457
test-37363,0.18233041260119667
test-37364,0.04290897785609359
test-37365,0.039254483708413127
test-37366,0.007785501302675856
test-37367,0.0734672414563276
test-37368,0.20449524708434455
test-37369,0.0416260381394545
test-3737,0.2852362431590806
test-37370,0.28299616853676474
test-37371,0.11435142731411069
test-37372,0.00927170883273193
test-37373,0.2827812775842607
test-37374,0.006151111407350198
test-37375,0.17601328709635566
test-37376,0.026726505747946216
test-37377,0.014021403237285561
test-37378,0.025313757974786005
test-37379,0.1451628949101586
test-3738,0.19919624113678439
test-37380,0.15174950866904163
test-37381,0.06647346779733453
test-37382,0.1387564677932596
test-37383,0.14950442412767312
test-37384,0.014371662010114477
test-37385,0.01026917100739405
test-37386,0.10877525115772123
test-37387,0.4191145574763042
test-37388,0.16913142050694852
test-37389,0.028363086514773966
test-3739,0.04026450005382748
test-37390,0.06657278270394529
test-37391,0.05487776745599645
test-37392,0.033512570455553406
test-37393,0.20754028611671194
test-37394,0.03957797408190487
test-37395,0.019317017811297382
test-37396,0.019826048908149534
test-37397,0.010824767605237708
test-37398,0.24734086464114224
test-37399,0.021889261697348433
test-374,0.0102921656876595
test-3740,0.29993711275533225
test-37400,0.013863069407685683
test-37401,0.10103015309235525
test-37402,0.012364869938628315
test-37403,0.021920658779734196
test-37404,0.021576019793853603
test-37405,0.01081422300965746
test-37406,0.030924959500177943
test-37407,0.17101181193971987
test-37408,0.07720041666244461
test-37409,0.01994694992344191
test-3741,0.0821276604073556
test-37410,0.12414744161129722
test-37411,0.03917084227239315
test-37412,0.10958844664121163
test-37413,0.008471267077209944
test-37414,0.01883496559476399
test-37415,0.07712627575021776
test-37416,0.007202468589375964
test-37417,0.15965449062459794
test-37418,0.19236271477146402
test-37419,0.06047783025825948
test-3742,0.01590046333682458
test-37420,0.031648862310025824
test-37421,0.01344748281138669
test-37422,0.007656530889374825
test-37423,0.01756986983913697
test-37424,0.05178914441007326
test-37425,0.058147714208814205
test-37426,0.016453533662808252
test-37427,0.34395932097186555
test-37428,0.01836363750851416
test-37429,0.21831561055336052
test-3743,0.07346594376028755
test-37430,0.03991427570930743
test-37431,0.036948469751392266
test-37432,0.01979688765590483
test-37433,0.04906984181357477
test-37434,0.01878691189993899
test-37435,0.14625218370864182
test-37436,0.019965454971670783
test-37437,0.011679309948148203
test-37438,0.07656288207645595
test-37439,0.03848427651871117
test-3744,0.014941659125485982
test-37440,0.02653320621876936
test-37441,0.06328726301472248
test-37442,0.008102088944807014
test-37443,0.11462746771338529
test-37444,0.018763002038325642
test-37445,0.03671887494292443
test-37446,0.2169689746020295
test-37447,0.22140449632163256
test-37448,0.03530201769564549
test-37449,0.07479493113850466
test-3745,0.021994979541026496
test-37450,0.039850501153204446
test-37451,0.01074635737178932
test-37452,0.02524353790357511
test-37453,0.009507103383515625
test-37454,0.019054126180632742
test-37455,0.06011780609012715
test-37456,0.1735868186439125
test-37457,0.17432405378472593
test-37458,0.05691220695772306
test-37459,0.25921406352801124
test-3746,0.02465623472651668
test-37460,0.31349243128961685
test-37461,0.09278365050712774
test-37462,0.05798093053522215
test-37463,0.09366316514930534
test-37464,0.040695030576269844
test-37465,0.13524790712519794
test-37466,0.010662908743409581
test-37467,0.12325871141980921
test-37468,0.14880022247848051
test-37469,0.19507933110306724
test-3747,0.03467821026887526
test-37470,0.01063858971082535
test-37471,0.09787796055403811
test-37472,0.05295277394911315
test-37473,0.029921777894270293
test-37474,0.0527308907293474
test-37475,0.04252105837468247
test-37476,0.16695447271917302
test-37477,0.16862936169275256
test-37478,0.0669392073111586
test-37479,0.04799789755982679
test-3748,0.021740891784233957
test-37480,0.013342080858806522
test-37481,0.02078191143681649
test-37482,0.044200675822435566
test-37483,0.0375120757789188
test-37484,0.30862609020101434
test-37485,0.06134252736747652
test-37486,0.11531902919048133
test-37487,0.024840373135949417
test-37488,0.07736971131561239
test-37489,0.015276609850698498
test-3749,0.015327471701376069
test-37490,0.010605186503950629
test-37491,0.025505116799266835
test-37492,0.18418539639569032
test-37493,0.02242158801184698
test-37494,0.31448855533340414
test-37495,0.029637236872006763
test-37496,0.011392960966022186
test-37497,0.31550847351172256
test-37498,0.008366532583878459
test-37499,0.011661747430504594
test-375,0.2651197345118816
test-3750,0.044549942335497465
test-37500,0.08046310382999218
test-37501,0.13844485831116107
test-37502,0.08469207989574525
test-37503,0.34824367211800156
test-37504,0.008364251557365976
test-37505,0.1699357777991363
test-37506,0.0187144192902349
test-37507,0.020308730024928834
test-37508,0.011549773812302707
test-37509,0.16695447271917302
test-3751,0.04718025682833692
test-37510,0.08333244904503323
test-37511,0.052447293145987874
test-37512,0.1230591772058676
test-37513,0.04315587774234556
test-37514,0.028323276329122734
test-37515,0.1474983778887731
test-37516,0.039095527090866104
test-37517,0.13844485831116107
test-37518,0.061577899304617906
test-37519,0.16489901895752523
test-3752,0.013130490179751469
test-37520,0.060749745406878226
test-37521,0.01341302458694893
test-37522,0.028874099992085588
test-37523,0.04952681627242791
test-37524,0.07321397826277123
test-37525,0.16695447271917302
test-37526,0.16768527607579364
test-37527,0.03522094370235547
test-37528,0.06417308476000337
test-37529,0.08343684863414598
test-3753,0.007100065819782017
test-37530,0.02217824451355934
test-37531,0.09231870597344345
test-37532,0.05325194417001458
test-37533,0.17645226684991447
test-37534,0.029437254542566217
test-37535,0.015500398447793717
test-37536,0.050438156361943244
test-37537,0.0825748614927124
test-37538,0.16924819953394307
test-37539,0.10987092002422684
test-3754,0.02281306142161126
test-37540,0.03253783055702789
test-37541,0.030793016544332592
test-37542,0.01713560918204755
test-37543,0.21125729971957788
test-37544,0.05487776745599645
test-37545,0.13243439569035256
test-37546,0.13850682467263853
test-37547,0.011638292299302308
test-37548,0.036096194041378905
test-37549,0.013588788558209382
test-3755,0.0071377278652874675
test-37550,0.08487632379098181
test-37551,0.29713470982594736
test-37552,0.060830464168921544
test-37553,0.14050167004966221
test-37554,0.14994596595256593
test-37555,0.07713719562629102
test-37556,0.007607344869886324
test-37557,0.0141876831733819
test-37558,0.0925046496592196
test-37559,0.18645793315041
test-3756,0.029106821458700364
test-37560,0.21105680641140265
test-37561,0.3193119921963394
test-37562,0.07287513663214307
test-37563,0.04584177750594681
test-37564,0.06718023424304106
test-37565,0.08998683649621853
test-37566,0.02412379505150454
test-37567,0.08535904176447945
test-37568,0.010722247350078718
test-37569,0.22634297173026205
test-3757,0.1142773440755833
test-37570,0.03456153774077055
test-37571,0.08481205168172634
test-37572,0.017442472890608164
test-37573,0.1579372054043708
test-37574,0.03817411925948059
test-37575,0.016846146407897798
test-37576,0.058069229044221876
test-37577,0.014476609843095295
test-37578,0.10700057078841128
test-37579,0.08287687233596294
test-3758,0.02764318228846069
test-37580,0.03991427570930743
test-37581,0.3038657552862476
test-37582,0.08003083037374147
test-37583,0.0669392073111586
test-37584,0.007804136149652906
test-37585,0.197286025661373
test-37586,0.10392817316206086
test-37587,0.1795172580455793
test-37588,0.043603131232773595
test-37589,0.16695447271917302
test-3759,0.06986194723583708
test-37590,0.025499972117292453
test-37591,0.20339646617143559
test-37592,0.033721367939074216
test-37593,0.024035271494723672
test-37594,0.04688163618239434
test-37595,0.014175863902795781
test-37596,0.028703508075175424
test-37597,0.014600619165259609
test-37598,0.018962648809511668
test-37599,0.26828094239688116
test-376,0.10509029641039076
test-3760,0.013341401045870411
test-37600,0.14161874879298064
test-37601,0.09901860786773552
test-37602,0.12148798626971873
test-37603,0.05237536350964033
test-37604,0.22108510010426716
test-37605,0.054938403577256004
test-37606,0.019437665725015575
test-37607,0.01010203303808415
test-37608,0.07901662899644944
test-37609,0.009355552181193558
test-3761,0.08522515031053392
test-37610,0.014053262326845834
test-37611,0.07614966108248972
test-37612,0.009651336324941405
test-37613,0.03972300044304539
test-37614,0.05015468531813707
test-37615,0.04992602504619911
test-37616,0.011455883506279104
test-37617,0.009192550727314737
test-37618,0.025935357448621042
test-37619,0.015998042656343484
test-3762,0.032153332038203544
test-37620,0.25448181387305246
test-37621,0.05330400333040348
test-37622,0.008983746185132039
test-37623,0.07748062158489404
test-37624,0.014768360843138291
test-37625,0.030860211436749246
test-37626,0.0437108835482799
test-37627,0.10135147787955867
test-37628,0.07319870302592789
test-37629,0.026236040768278304
test-3763,0.007001159030146104
test-37630,0.012157255935756789
test-37631,0.014582401420232736
test-37632,0.20480505744740804
test-37633,0.04309653192717618
test-37634,0.06034131527341203
test-37635,0.05339307069340168
test-37636,0.016536693013850832
test-37637,0.12968539882619567
test-37638,0.2351109884258216
test-37639,0.014088786197975626
test-3764,0.024739202915256428
test-37640,0.026304929019316563
test-37641,0.13400557965852578
test-37642,0.17629284065625994
test-37643,0.1501655086081887
test-37644,0.08003083037374147
test-37645,0.27337743035903767
test-37646,0.02955459846299753
test-37647,0.008019214061742958
test-37648,0.010458891117949638
test-37649,0.11140480162269964
test-3765,0.047165435030125935
test-37650,0.18599455144120466
test-37651,0.008445859950496706
test-37652,0.0687732139720173
test-37653,0.11890417487470603
test-37654,0.038899234717252276
test-37655,0.07564187602682827
test-37656,0.014764928985818188
test-37657,0.16840406538361585
test-37658,0.08344340156561636
test-37659,0.11143340847360314
test-3766,0.048506481312424854
test-37660,0.12158829133607345
test-37661,0.277126917681567
test-37662,0.2725872667433073
test-37663,0.021307844945815915
test-37664,0.05063663320184946
test-37665,0.028651950172215526
test-37666,0.01213298158083581
test-37667,0.007367001486808619
test-37668,0.21910173950889145
test-37669,0.14641444187096259
test-3767,0.16900391492732905
test-37670,0.01763679508164862
test-37671,0.1995827552602226
test-37672,0.02444603483827763
test-37673,0.02419174226522226
test-37674,0.018090769431251395
test-37675,0.2610552459605863
test-37676,0.02133628689597076
test-37677,0.1461499559992956
test-37678,0.10098069506471297
test-37679,0.01007096200189574
test-3768,0.20648567280497482
test-37680,0.128219723562748
test-37681,0.019266401990144007
test-37682,0.13975565050918362
test-37683,0.010912850971947724
test-37684,0.015045490489796857
test-37685,0.1696324416749863
test-37686,0.026349446915035414
test-37687,0.02505003640809979
test-37688,0.036872525065701205
test-37689,0.25559389283524714
test-3769,0.02073851968122588
test-37690,0.045655951357548165
test-37691,0.08260182777979576
test-37692,0.015322244108154148
test-37693,0.25623837618022854
test-37694,0.017243378305648715
test-37695,0.08003083037374147
test-37696,0.06560406113578703
test-37697,0.10270697481318937
test-37698,0.13814630062367264
test-37699,0.02310118433484752
test-377,0.029554258807708407
test-3770,0.021146012530393107
test-37700,0.28101859890113734
test-37701,0.043140603142951414
test-37702,0.008940824532284513
test-37703,0.09706910572386826
test-37704,0.22251184490277612
test-37705,0.010833689191357732
test-37706,0.23459642547808965
test-37707,0.024214474587971314
test-37708,0.009807596039639517
test-37709,0.024338769287426325
test-3771,0.010313527550114897
test-37710,0.17965061336856875
test-37711,0.13529010006272235
test-37712,0.010196066518519007
test-37713,0.021200412156428206
test-37714,0.060723297762572605
test-37715,0.025245650905910525
test-37716,0.022005582966031896
test-37717,0.13552436332999657
test-37718,0.008983746185132039
test-37719,0.18233041260119667
test-3772,0.014080232656244744
test-37720,0.21587772665170782
test-37721,0.12945648592394035
test-37722,0.1747007303915493
test-37723,0.31126200762717404
test-37724,0.04317554109941479
test-37725,0.1869213515024209
test-37726,0.11429298693118468
test-37727,0.03378072085395245
test-37728,0.019820847615897093
test-37729,0.026320867298807518
test-3773,0.02809294327417858
test-37730,0.010325175883333215
test-37731,0.059922362885032734
test-37732,0.378506863526432
test-37733,0.04475351461529831
test-37734,0.2941433160446741
test-37735,0.05049633461480035
test-37736,0.011155946196487078
test-37737,0.02657006444258911
test-37738,0.17562725927518658
test-37739,0.011808520081767412
test-3774,0.01294899029332164
test-37740,0.016930570207320854
test-37741,0.008104324975921628
test-37742,0.19839255492151733
test-37743,0.17615044420811057
test-37744,0.05015468531813707
test-37745,0.3092815091649232
test-37746,0.03220621972430521
test-37747,0.020765203333502753
test-37748,0.01730330378332288
test-37749,0.11043774377163788
test-3775,0.011811755788422019
test-37750,0.036431397777552055
test-37751,0.2032727016253505
test-37752,0.08083525796316218
test-37753,0.0221279289747356
test-37754,0.01771443191345202
test-37755,0.08657194147628135
test-37756,0.060356192116148476
test-37757,0.041353908468282956
test-37758,0.010267941815181996
test-37759,0.013876298874662227
test-3776,0.10754161073799492
test-37760,0.05881586451560915
test-37761,0.29766466898683636
test-37762,0.2656396694509039
test-37763,0.009624169486217608
test-37764,0.17592011438711228
test-37765,0.013986585153925198
test-37766,0.011334403721850954
test-37767,0.0285730850050982
test-37768,0.018932303546682867
test-37769,0.07931075502391961
test-3777,0.10890326624930859
test-37770,0.02168352974038162
test-37771,0.008291644037511078
test-37772,0.09435854111353265
test-37773,0.020130881191550522
test-37774,0.16639381691386404
test-37775,0.04325178532551781
test-37776,0.029910529859111107
test-37777,0.022349123248945564
test-37778,0.19562433342900332
test-37779,0.030940474052954543
test-3778,0.016435559117169395
test-37780,0.1279509134827924
test-37781,0.061577899304617906
test-37782,0.1944346418129891
test-37783,0.09787796055403811
test-37784,0.1750411628920527
test-37785,0.024840373135949417
test-37786,0.1625314000244012
test-37787,0.4173133009417867
test-37788,0.0084173294556481
test-37789,0.09098304745479671
test-3779,0.016589264070245625
test-37790,0.15746132329808532
test-37791,0.026361296378057744
test-37792,0.011955797810708126
test-37793,0.060400959199921576
test-37794,0.0153338780671564
test-37795,0.009906901961089055
test-37796,0.035655036240397994
test-37797,0.2040446359653352
test-37798,0.21006957417038338
test-37799,0.09226037317534927
test-378,0.18963932221090624
test-3780,0.03772983959539999
test-37800,0.22047877649353043
test-37801,0.05950017199337657
test-37802,0.16695447271917302
test-37803,0.09787796055403811
test-37804,0.05026323847336478
test-37805,0.010515659662056821
test-37806,0.0282569362081705
test-37807,0.13427187521081005
test-37808,0.013270211418971034
test-37809,0.007238826510253549
test-3781,0.06486397404341498
test-37810,0.009156716988138193
test-37811,0.021487064915886877
test-37812,0.020201393974638764
test-37813,0.06514528901748229
test-37814,0.16695447271917302
test-37815,0.05293383352147736
test-37816,0.023053365540650357
test-37817,0.05339307069340168
test-37818,0.03231425484253889
test-37819,0.21592085652813087
test-3782,0.009387670886653194
test-37820,0.06569882115573068
test-37821,0.04083618902370542
test-37822,0.3227349876312815
test-37823,0.021136493968584733
test-37824,0.03651751482718425
test-37825,0.16364303120081933
test-37826,0.06911982866215399
test-37827,0.07079940096564968
test-37828,0.19839255492151733
test-37829,0.013131820067274274
test-3783,0.04252105837468247
test-37830,0.03341907009813576
test-37831,0.017205195570341947
test-37832,0.16395228886764984
test-37833,0.0618665757261839
test-37834,0.03044991633093099
test-37835,0.007110189152012833
test-37836,0.027753452830120547
test-37837,0.11177002277013334
test-37838,0.1454479120831206
test-37839,0.027471521470755177
test-3784,0.18211504625645
test-37840,0.0669392073111586
test-37841,0.17942591900817922
test-37842,0.0998230356152074
test-37843,0.03580960467050767
test-37844,0.2906967740096192
test-37845,0.016944128467135312
test-37846,0.04096571955412456
test-37847,0.01100627203830733
test-37848,0.029185045781650515
test-37849,0.03776885391726239
test-3785,0.2806313499283313
test-37850,0.06386776145652613
test-37851,0.011940853628446116
test-37852,0.009190177488221993
test-37853,0.09643742092416646
test-37854,0.08659378264369813
test-37855,0.17548313066018445
test-37856,0.0846182167635542
test-37857,0.13870704673772172
test-37858,0.02148165646490633
test-37859,0.023673987163627303
test-3786,0.0687732139720173
test-37860,0.010780314840983346
test-37861,0.19900852953806641
test-37862,0.23919575488593478
test-37863,0.00928812140400781
test-37864,0.07818046689388404
test-37865,0.01142542372865976
test-37866,0.018919593253776026
test-37867,0.09787796055403811
test-37868,0.13770063841772898
test-37869,0.0846182167635542
test-3787,0.02937891121550484
test-37870,0.0755217870086184
test-37871,0.05339307069340168
test-37872,0.015134569986125506
test-37873,0.015279459837505636
test-37874,0.05168296390573973
test-37875,0.12404204466547751
test-37876,0.03618003034957812
test-37877,0.009641536660070933
test-37878,0.03281653423827879
test-37879,0.014561494970745449
test-3788,0.15242267209778476
test-37880,0.0193801260090921
test-37881,0.013115049024238793
test-37882,0.028277848795343924
test-37883,0.017658708714278264
test-37884,0.02042061799490443
test-37885,0.007354020886726843
test-37886,0.006267503425127768
test-37887,0.21678654674412765
test-37888,0.03268067829845326
test-37889,0.025400610237839263
test-3789,0.06986194723583708
test-37890,0.007965066346707832
test-37891,0.03300841726227536
test-37892,0.2078479461779904
test-37893,0.1543693773528168
test-37894,0.024898200645483898
test-37895,0.013067964463451895
test-37896,0.016545183372318268
test-37897,0.19809936623392885
test-37898,0.07896917855603469
test-37899,0.2215808240564418
test-379,0.06845179840037012
test-3790,0.04949153700966096
test-37900,0.03639001160733069
test-37901,0.10169445288161344
test-37902,0.01621315272850069
test-37903,0.025444750377148412
test-37904,0.06227855451010176
test-37905,0.25833160433641844
test-37906,0.08301818538267698
test-37907,0.007785501302675856
test-37908,0.1639502509164663
test-37909,0.3271828421079376
test-3791,0.2466057213231883
test-37910,0.32641958553279166
test-37911,0.019983126226391833
test-37912,0.08812692047496345
test-37913,0.00816069860790143
test-37914,0.006241480813915706
test-37915,0.011202733467274061
test-37916,0.027119144994106018
test-37917,0.007902440624871663
test-37918,0.026403878746165725
test-37919,0.12583817646430032
test-3792,0.323925431404882
test-37920,0.2992709727147983
test-37921,0.04716355270402174
test-37922,0.017098973902896254
test-37923,0.3565036093678387
test-37924,0.061669503954149885
test-37925,0.020730501466260202
test-37926,0.1555196500186848
test-37927,0.031050701316660632
test-37928,0.02024135694963439
test-37929,0.012893009952005005
test-3793,0.2232235187189857
test-37930,0.03957797408190487
test-37931,0.09538716083021825
test-37932,0.06346220642129763
test-37933,0.009793236561596332
test-37934,0.015572385491837966
test-37935,0.024031613021000427
test-37936,0.01908482502052854
test-37937,0.022928040561472768
test-37938,0.2731022870017334
test-37939,0.032378659605434186
test-3794,0.33198130928615566
test-37940,0.11343381639308701
test-37941,0.09394507126896243
test-37942,0.08474693944463584
test-37943,0.01910674268680683
test-37944,0.02821050297866871
test-37945,0.02318821238956991
test-37946,0.10891174903670928
test-37947,0.07738307824032768
test-37948,0.021810102168468723
test-37949,0.09372426325125141
test-3795,0.045923862012151095
test-37950,0.027225364581883908
test-37951,0.02204447552175405
test-37952,0.05789905581325784
test-37953,0.03920711487223574
test-37954,0.2451260159024917
test-37955,0.011853652249568842
test-37956,0.015035352172236947
test-37957,0.3915781221280137
test-37958,0.09707144437488864
test-37959,0.011260140682667721
test-3796,0.3543914204276216
test-37960,0.34903163916690877
test-37961,0.03813659354483644
test-37962,0.022186236074718275
test-37963,0.21168665053857202
test-37964,0.013075501751640059
test-37965,0.10179371365252413
test-37966,0.020479888337988472
test-37967,0.0669392073111586
test-37968,0.08890115724917734
test-37969,0.05368058579374111
test-3797,0.019641518275486738
test-37970,0.011939612749250081
test-37971,0.019628866705333318
test-37972,0.07705363570614406
test-37973,0.01797253386182081
test-37974,0.007491446618527488
test-37975,0.06769227346933265
test-37976,0.10672174150560358
test-37977,0.19491855321471255
test-37978,0.05716789638210654
test-37979,0.01621009237188169
test-3798,0.010692658960524928
test-37980,0.166425216094842
test-37981,0.027278604323411473
test-37982,0.014986553764021786
test-37983,0.13569782365820818
test-37984,0.009276626771023016
test-37985,0.019979053261767084
test-37986,0.36962696771558545
test-37987,0.01268231222907952
test-37988,0.010471904748039284
test-37989,0.048997451691441714
test-3799,0.2445333310679369
test-37990,0.028163012494270993
test-37991,0.010821952500251203
test-37992,0.012861100198069348
test-37993,0.26496983238773103
test-37994,0.15326092237516803
test-37995,0.15609928226063696
test-37996,0.03585422025557978
test-37997,0.14559613218231343
test-37998,0.1327537178273546
test-37999,0.10674412918379005
test-38,0.00970962000463678
test-380,0.07958009128105223
test-3800,0.03052715209114192
test-38000,0.10433008778269079
test-38001,0.18684711651933592
test-38002,0.07470746101002906
test-38003,0.03957797408190487
test-38004,0.013058133623825408
test-38005,0.037049461030515145
test-38006,0.04184237611456936
test-38007,0.23928285503230337
test-38008,0.021323810157429905
test-38009,0.0366816196422415
test-3801,0.09243143269432365
test-38010,0.11703182533321861
test-38011,0.04252105837468247
test-38012,0.02069284238150086
test-38013,0.0186034143420024
test-38014,0.03957797408190487
test-38015,0.0986116154993382
test-38016,0.0669392073111586
test-38017,0.03404598615178063
test-38018,0.012255174050204347
test-38019,0.01954794765728236
test-3802,0.015962211042520682
test-38020,0.022243962373571593
test-38021,0.01765987050262795
test-38022,0.005680717752848327
test-38023,0.018675817185932937
test-38024,0.015041488686614736
test-38025,0.011010321060781588
test-38026,0.010246173139444485
test-38027,0.10600981474305136
test-38028,0.2536243007210664
test-38029,0.20389779472153885
test-3803,0.03239001016923921
test-38030,0.011489575034759492
test-38031,0.0086030256867891
test-38032,0.029319656049604556
test-38033,0.020940690550970482
test-38034,0.1269259134199877
test-38035,0.030704728626551943
test-38036,0.14311160082746036
test-38037,0.06259100480523434
test-38038,0.009219821658593915
test-38039,0.024009697150725703
test-3804,0.016201717834671295
test-38040,0.021779631486037856
test-38041,0.30501535734646207
test-38042,0.2049971210505162
test-38043,0.01822048709151026
test-38044,0.0669392073111586
test-38045,0.2932563605476191
test-38046,0.0367498618024305
test-38047,0.21828307848808182
test-38048,0.09651209554589368
test-38049,0.010473155390902572
test-3805,0.009624169486217608
test-38050,0.14874468192801066
test-38051,0.18480575345277525
test-38052,0.33279579342252963
test-38053,0.03530448905401769
test-38054,0.03957797408190487
test-38055,0.008566555730316278
test-38056,0.13798867064522038
test-38057,0.020774734997207896
test-38058,0.15755347314642015
test-38059,0.047345566021822376
test-3806,0.08255508438951598
test-38060,0.021188466217568036
test-38061,0.06148093363491958
test-38062,0.01240493547008761
test-38063,0.02634067017479507
test-38064,0.2526754225788494
test-38065,0.01785577451021296
test-38066,0.2164315575707938
test-38067,0.11821739520188355
test-38068,0.020122980460607426
test-38069,0.23813766333637051
test-3807,0.020046716966065397
test-38070,0.02272410376057248
test-38071,0.013164915067728959
test-38072,0.018344579199586056
test-38073,0.21702418085786315
test-38074,0.09712828217270189
test-38075,0.10323000359389305
test-38076,0.013661636577303285
test-38077,0.07287513663214307
test-38078,0.031099030413610822
test-38079,0.018925129076649786
test-3808,0.08219192647824698
test-38080,0.25237094495954876
test-38081,0.08714097765207561
test-38082,0.015254420283833234
test-38083,0.015705022271793042
test-38084,0.011359659525609973
test-38085,0.040695030576269844
test-38086,0.02774467273112887
test-38087,0.19884472638083933
test-38088,0.008585480798425818
test-38089,0.010865154306093174
test-3809,0.25788273733967376
test-38090,0.0744759739511813
test-38091,0.030687747806744076
test-38092,0.007637098840385405
test-38093,0.01112141668642085
test-38094,0.13469331832020995
test-38095,0.06769227346933265
test-38096,0.10696323559894799
test-38097,0.33754593629652924
test-38098,0.20081482957699903
test-38099,0.17405289523489936
test-381,0.031622746951831274
test-3810,0.015148438411133225
test-38100,0.015333541146879164
test-38101,0.021038999174784977
test-38102,0.1399102324289943
test-38103,0.09742835564882388
test-38104,0.19106671871821967
test-38105,0.020602699556942276
test-38106,0.00691165521361437
test-38107,0.08854891357151376
test-38108,0.09386097299708399
test-38109,0.039407535342211565
test-3811,0.014819597299432514
test-38110,0.0117237394021366
test-38111,0.09008361812237954
test-38112,0.08956123044933664
test-38113,0.13281293702060099
test-38114,0.18032122314004154
test-38115,0.02465900503501508
test-38116,0.07885890107630977
test-38117,0.08196973207204497
test-38118,0.045543034692489326
test-38119,0.046009648738188004
test-3812,0.3230235574191804
test-38120,0.06803412447426488
test-38121,0.007148585442819841
test-38122,0.03851085874104814
test-38123,0.010086648938301279
test-38124,0.18265229689571683
test-38125,0.079498415576037
test-38126,0.020386580234789037
test-38127,0.017390752474068287
test-38128,0.08073938494184169
test-38129,0.009942441894789074
test-3813,0.01438645808715952
test-38130,0.025174567437646973
test-38131,0.023713497865870427
test-38132,0.10948682939077668
test-38133,0.0442792748308588
test-38134,0.012361283635962983
test-38135,0.023796694224658785
test-38136,0.0615271276769648
test-38137,0.17820205542073778
test-38138,0.031573277611457166
test-38139,0.021897757146381508
test-3814,0.009497285418358344
test-38140,0.009904331818342785
test-38141,0.016469917208441216
test-38142,0.12846456254910532
test-38143,0.09435854111353265
test-38144,0.33484542319042376
test-38145,0.02168642394441051
test-38146,0.11751684110550532
test-38147,0.07814758548854914
test-38148,0.08031407262879851
test-38149,0.011944096522226434
test-3815,0.08787991385915696
test-38150,0.1247282384843349
test-38151,0.03300356637227382
test-38152,0.010029564270605872
test-38153,0.25772297772782204
test-38154,0.2028512237364476
test-38155,0.0681125196682653
test-38156,0.12615444584063126
test-38157,0.04594021086063505
test-38158,0.05015468531813707
test-38159,0.1248685706630696
test-3816,0.02373409048553009
test-38160,0.026748007751408367
test-38161,0.35378002219470817
test-38162,0.04435748559430287
test-38163,0.016501907088814903
test-38164,0.1626158739519303
test-38165,0.07378833809372778
test-38166,0.1734528017622262
test-38167,0.17943584773677776
test-38168,0.01244825233719935
test-38169,0.016229963949238688
test-3817,0.013075058165898268
test-38170,0.008075324623960142
test-38171,0.17493591024490698
test-38172,0.027952285824574288
test-38173,0.31417440069869074
test-38174,0.14668793417307008
test-38175,0.13775918575813118
test-38176,0.026573036685805806
test-38177,0.06866260127631668
test-38178,0.12178953262061641
test-38179,0.04252105837468247
test-3818,0.013199357661459193
test-38180,0.08383151366036173
test-38181,0.0669392073111586
test-38182,0.09937749393387167
test-38183,0.02078715859193339
test-38184,0.022614071995244744
test-38185,0.02054809659109273
test-38186,0.0086557171932339
test-38187,0.028603119739386656
test-38188,0.050794345146869764
test-38189,0.03700556972019958
test-3819,0.008903150160112939
test-38190,0.01648670081021778
test-38191,0.012186133616659382
test-38192,0.09878704068629919
test-38193,0.03568399660234785
test-38194,0.15155492072607568
test-38195,0.15313323467801881
test-38196,0.11260613418122932
test-38197,0.013701204697645053
test-38198,0.20059041243103878
test-38199,0.23461286882949128
test-382,0.02090111277714628
test-3820,0.031728803626922
test-38200,0.04877497940090347
test-38201,0.15671988525116168
test-38202,0.3279873329593428
test-38203,0.022672180959305257
test-38204,0.046706520653042746
test-38205,0.027471521470755177
test-38206,0.011005398602143788
test-38207,0.03848699945515439
test-38208,0.02093122595045369
test-38209,0.07768198667361119
test-3821,0.025121528276321876
test-38210,0.09935030145420644
test-38211,0.13574888663355303
test-38212,0.38352582839461097
test-38213,0.05664890137284795
test-38214,0.23725718193582634
test-38215,0.25625779338675786
test-38216,0.07025832962652401
test-38217,0.03235545395299992
test-38218,0.09787796055403811
test-38219,0.12254897513376509
test-3822,0.016471057684038042
test-38220,0.30777742974918687
test-38221,0.2917169728907477
test-38222,0.01045064697006782
test-38223,0.17768628976246242
test-38224,0.11554552413195575
test-38225,0.013368610304953102
test-38226,0.40894042451814555
test-38227,0.010026215491118208
test-38228,0.17365834180051062
test-38229,0.18020374554476085
test-3823,0.013308377812099335
test-38230,0.08272637314338764
test-38231,0.17181409924147126
test-38232,0.025614072497502048
test-38233,0.04979375052851576
test-38234,0.214234651377491
test-38235,0.019747724161511868
test-38236,0.01153013376187161
test-38237,0.02056105197082064
test-38238,0.16083874918351798
test-38239,0.15767753082087985
test-3824,0.01693021567192921
test-38240,0.018214455384393854
test-38241,0.022626893058549334
test-38242,0.05368058579374111
test-38243,0.043339869857846935
test-38244,0.029890376892379462
test-38245,0.03577083059303075
test-38246,0.09787796055403811
test-38247,0.013335389707916917
test-38248,0.1961994910738604
test-38249,0.41727580565738814
test-3825,0.007354020886726843
test-38250,0.1666088302865123
test-38251,0.027489515589192357
test-38252,0.12891157239041223
test-38253,0.026285256664742365
test-38254,0.257988418935742
test-38255,0.01572800247251167
test-38256,0.018364256421671186
test-38257,0.02094489229339856
test-38258,0.06154586388418744
test-38259,0.26233109044047975
test-3826,0.06830948510038293
test-38260,0.09959393865040124
test-38261,0.010171503900313341
test-38262,0.07096446565888062
test-38263,0.07505500726667728
test-38264,0.02550155333879782
test-38265,0.11803087843920418
test-38266,0.13505413692563295
test-38267,0.046080903532490065
test-38268,0.11890417487470603
test-38269,0.06037751795592836
test-3827,0.14812848400558618
test-38270,0.009970833194960133
test-38271,0.018793964571951552
test-38272,0.0173646844661477
test-38273,0.11186396782011793
test-38274,0.009259527260567925
test-38275,0.31053102761649304
test-38276,0.008854065737911858
test-38277,0.05187274030917909
test-38278,0.07958009128105223
test-38279,0.010422350962054367
test-3828,0.29253675295862847
test-38280,0.06558308761642993
test-38281,0.07904323350986604
test-38282,0.030637179792061948
test-38283,0.021588451406091013
test-38284,0.039536070817783424
test-38285,0.0097505793159606
test-38286,0.018894179040314592
test-38287,0.010075832629663179
test-38288,0.03667886671461944
test-38289,0.12663596937894922
test-3829,0.0059608131960694226
test-38290,0.019933032170278975
test-38291,0.02023110128499569
test-38292,0.02850766260210512
test-38293,0.03830754505686713
test-38294,0.029850423506316177
test-38295,0.015281728892032555
test-38296,0.036592687707977335
test-38297,0.010840231262217444
test-38298,0.018651360909890388
test-38299,0.09697256493189678
test-383,0.02798832950082185
test-3830,0.009852807965425068
test-38300,0.3351320950840592
test-38301,0.17405226416041697
test-38302,0.008376663488157864
test-38303,0.016637282200772784
test-38304,0.4130322048524721
test-38305,0.16500312772029305
test-38306,0.278201667381778
test-38307,0.14341590628354015
test-38308,0.2262887729828075
test-38309,0.22285476052086933
test-3831,0.020938840399557443
test-38310,0.16460905558580488
test-38311,0.2601310089081925
test-38312,0.026718566967140814
test-38313,0.1466911111085115
test-38314,0.05339307069340168
test-38315,0.016465084405948544
test-38316,0.029206991536382725
test-38317,0.07984600052248031
test-38318,0.15466725041666432
test-38319,0.029196086008260375
test-3832,0.15887834528906497
test-38320,0.0937140278597347
test-38321,0.014887033014394944
test-38322,0.019205042952924595
test-38323,0.035419792680710875
test-38324,0.013113779088959714
test-38325,0.1249742346541105
test-38326,0.0669392073111586
test-38327,0.036720717867761855
test-38328,0.0738930105875601
test-38329,0.02069990304971847
test-3833,0.023655477182037594
test-38330,0.07825883449231463
test-38331,0.2256844337129291
test-38332,0.021477432260333537
test-38333,0.008810097790697484
test-38334,0.017458674180118667
test-38335,0.011043429187046679
test-38336,0.04280962904164492
test-38337,0.029778034879541795
test-38338,0.0247963094518123
test-38339,0.07494224793458268
test-3834,0.22764056298225496
test-38340,0.13884303613925597
test-38341,0.09697256493189678
test-38342,0.09032608563834513
test-38343,0.1394463013726253
test-38344,0.013259225004508093
test-38345,0.026585757840571697
test-38346,0.02283296765993547
test-38347,0.067586852962995
test-38348,0.020591566321339995
test-38349,0.20523412207816144
test-3835,0.022631689141364392
test-38350,0.20581015859851945
test-38351,0.0647877568388512
test-38352,0.20638473342069658
test-38353,0.2509303265299153
test-38354,0.09935030145420644
test-38355,0.013659514988185578
test-38356,0.040473170680038265
test-38357,0.03580090374428889
test-38358,0.022843086534148287
test-38359,0.06138089129273158
test-3836,0.2635197351916955
test-38360,0.3217940963733661
test-38361,0.010110322491407656
test-38362,0.025264061086032654
test-38363,0.1636871121509406
test-38364,0.011091276693363761
test-38365,0.2142903050102874
test-38366,0.25586853779031243
test-38367,0.0707119985986715
test-38368,0.07251204507768456
test-38369,0.14625218370864182
test-3837,0.09119339770255026
test-38370,0.03774537803420886
test-38371,0.032210734184143434
test-38372,0.07802819961977205
test-38373,0.010783522248820761
test-38374,0.007927927864359903
test-38375,0.14275432424589898
test-38376,0.1944346418129891
test-38377,0.04700994092295247
test-38378,0.09863496212814839
test-38379,0.029193645918246466
test-3838,0.024310994526607607
test-38380,0.025956017473844583
test-38381,0.010865772143402336
test-38382,0.015885712761223716
test-38383,0.014137877627958099
test-38384,0.05727359847791729
test-38385,0.08676426786931425
test-38386,0.159401202101093
test-38387,0.01495479781664627
test-38388,0.019217457397288085
test-38389,0.0071239231529643945
test-3839,0.010989028879307155
test-38390,0.04125320028903266
test-38391,0.06534632062153375
test-38392,0.017612085674670208
test-38393,0.013854987668815726
test-38394,0.03285746978981016
test-38395,0.018606730004750334
test-38396,0.21528853756442476
test-38397,0.2121746895195335
test-38398,0.015470752482944189
test-38399,0.030206112470519957
test-384,0.01858622726801033
test-3840,0.04245226497263997
test-38400,0.011803246860551822
test-38401,0.010695806954700172
test-38402,0.03683829865212898
test-38403,0.024481500989192127
test-38404,0.01737832710922188
test-38405,0.1920053051445476
test-38406,0.009679775075073225
test-38407,0.30072571395599634
test-38408,0.01397621105622902
test-38409,0.12483343192406893
test-3841,0.07331346195260394
test-38410,0.009249609180649434
test-38411,0.07779725584010502
test-38412,0.23306183898924215
test-38413,0.019122150146746068
test-38414,0.2776390994236567
test-38415,0.08001517493705765
test-38416,0.02338252078276182
test-38417,0.10509029641039076
test-38418,0.07154554671561687
test-38419,0.012594263898652728
test-3842,0.01229160343772414
test-38420,0.0644322658369873
test-38421,0.046009648738188004
test-38422,0.016689137530504414
test-38423,0.09344411231173531
test-38424,0.08272309835507895
test-38425,0.01424180602780533
test-38426,0.02176464490753364
test-38427,0.016941954757224733
test-38428,0.039056486816039286
test-38429,0.1537991462187747
test-3843,0.012728941129357208
test-38430,0.0669392073111586
test-38431,0.02056674658069071
test-38432,0.009737027601908308
test-38433,0.03334559512228308
test-38434,0.019142907890726583
test-38435,0.010164275288068821
test-38436,0.016449973689262706
test-38437,0.02757799736869128
test-38438,0.01457106961724458
test-38439,0.16020722359550427
test-3844,0.009679775075073225
test-38440,0.05420696106458327
test-38441,0.22257858515198556
test-38442,0.10558641805424131
test-38443,0.012966003064209065
test-38444,0.05725690917291641
test-38445,0.029854747345172822
test-38446,0.019755422064072683
test-38447,0.09354910437982168
test-38448,0.04325399085659589
test-38449,0.06980830189606753
test-3845,0.019511129130500432
test-38450,0.011911170297357875
test-38451,0.014553322636594972
test-38452,0.13482154640306315
test-38453,0.008954383701010243
test-38454,0.022026939303195818
test-38455,0.20873046475902324
test-38456,0.13269445489992998
test-38457,0.018854728754135373
test-38458,0.022222909409317645
test-38459,0.08952403943877217
test-3846,0.022848745380174302
test-38460,0.032141468545256936
test-38461,0.31029051879690367
test-38462,0.1333153882048676
test-38463,0.008931325349239232
test-38464,0.08196973207204497
test-38465,0.027793423226666572
test-38466,0.05015468531813707
test-38467,0.12913253738235023
test-38468,0.026457223179015943
test-38469,0.09538853959833127
test-3847,0.01439024532391261
test-38470,0.1543510708952596
test-38471,0.07385097700525545
test-38472,0.04586575282494692
test-38473,0.010632805485724199
test-38474,0.010386832068370731
test-38475,0.012893516976818044
test-38476,0.054336447518635436
test-38477,0.061320271232951605
test-38478,0.039579147011189184
test-38479,0.00913469208359078
test-3848,0.043364720377379935
test-38480,0.025760618183706775
test-38481,0.017902543684643002
test-38482,0.02368873634030282
test-38483,0.015642346802736372
test-38484,0.013510716224572304
test-38485,0.11889715646044094
test-38486,0.013723880313648138
test-38487,0.006665734484454014
test-38488,0.07223727531178667
test-38489,0.2671519342101825
test-3849,0.021053921385571182
test-38490,0.061577899304617906
test-38491,0.043604460586367466
test-38492,0.037348952298075264
test-38493,0.085857326093926
test-38494,0.027010550448403964
test-38495,0.15323822253491448
test-38496,0.09941710294183706
test-38497,0.079184997560899
test-38498,0.05015468531813707
test-38499,0.04644522334004764
test-385,0.07802819961977205
test-3850,0.025462483223325564
test-38500,0.01989528640634939
test-38501,0.31031435814079444
test-38502,0.011857454647302418
test-38503,0.2105781849673743
test-38504,0.015309513774473461
test-38505,0.0973361323543203
test-38506,0.026530450625861415
test-38507,0.022934717592441832
test-38508,0.013688717586935266
test-38509,0.03792511750758247
test-3851,0.07009900372481655
test-38510,0.008940824532284513
test-38511,0.034645279317439104
test-38512,0.09787796055403811
test-38513,0.03865916070395943
test-38514,0.02251090390825522
test-38515,0.031177045562734058
test-38516,0.03423170697328672
test-38517,0.2677932300943486
test-38518,0.049885200673055026
test-38519,0.2473562533999613
test-3852,0.014764097506914322
test-38520,0.038672899105413196
test-38521,0.12855715806441848
test-38522,0.28256704567986324
test-38523,0.07396612243156744
test-38524,0.04757002772008687
test-38525,0.06803412447426488
test-38526,0.02108546327923418
test-38527,0.024841754335697623
test-38528,0.08888422622243435
test-38529,0.0168424015038154
test-3853,0.13274483769785184
test-38530,0.11290080144105395
test-38531,0.028819796320581577
test-38532,0.06986194723583708
test-38533,0.09435854111353265
test-38534,0.018823521472525893
test-38535,0.07802819961977205
test-38536,0.022513166835577175
test-38537,0.3799805551282675
test-38538,0.010042499735561724
test-38539,0.051543423852108326
test-3854,0.050258723854010694
test-38540,0.011333445294805828
test-38541,0.0828585082687475
test-38542,0.12756464018589395
test-38543,0.021346821693959576
test-38544,0.02325866809693862
test-38545,0.10409963459912362
test-38546,0.0669392073111586
test-38547,0.0091119697118891
test-38548,0.012962765446716897
test-38549,0.03299878102855712
test-3855,0.038544075407089644
test-38550,0.011899956690595324
test-38551,0.00926497784885701
test-38552,0.02269349124883226
test-38553,0.15810507316670477
test-38554,0.3524507412394151
test-38555,0.07896917855603469
test-38556,0.020494213804018255
test-38557,0.09314629570519227
test-38558,0.00986692341770471
test-38559,0.2225069764861745
test-3856,0.1473393691804019
test-38560,0.13584648180255504
test-38561,0.014027802585897906
test-38562,0.17174644623777738
test-38563,0.06989588257000236
test-38564,0.15786220054410502
test-38565,0.04301208359899352
test-38566,0.12362894020619962
test-38567,0.024022780259560797
test-38568,0.0669392073111586
test-38569,0.1475036319166171
test-3857,0.09787796055403811
test-38570,0.33533754613302197
test-38571,0.07129140585822563
test-38572,0.14638282101823083
test-38573,0.022778234267258037
test-38574,0.007990455746086792
test-38575,0.0882216726571537
test-38576,0.3668273534014926
test-38577,0.024909235730711486
test-38578,0.19413993647123812
test-38579,0.07755296044468049
test-3858,0.1211246957202986
test-38580,0.016633823644862312
test-38581,0.10717072283356764
test-38582,0.25144580594170896
test-38583,0.29698204928463523
test-38584,0.04007733149872212
test-38585,0.008669423564269025
test-38586,0.016003670671325163
test-38587,0.0548607592877902
test-38588,0.17892308173286092
test-38589,0.0409043758464611
test-3859,0.01909098000130147
test-38590,0.11309907037276792
test-38591,0.14007787269369287
test-38592,0.11806023610313528
test-38593,0.0333814486437274
test-38594,0.03309246675822439
test-38595,0.02041641013451525
test-38596,0.16695447271917302
test-38597,0.1511248409904168
test-38598,0.010092929684951173
test-38599,0.018843503183529477
test-386,0.013774445786640681
test-3860,0.01805716656498124
test-38600,0.016400613584786602
test-38601,0.02380297995026418
test-38602,0.13010776580556868
test-38603,0.008601662532173756
test-38604,0.4131507519150132
test-38605,0.10217397803890825
test-38606,0.017517664294697484
test-38607,0.012261390362760534
test-38608,0.02333182065612924
test-38609,0.10849311745818162
test-3861,0.012755342266315176
test-38610,0.3498612845481124
test-38611,0.2893203903131825
test-38612,0.09380850098525036
test-38613,0.08193896887823786
test-38614,0.10811439898249349
test-38615,0.10421916975175906
test-38616,0.027204159702836975
test-38617,0.00895015908352334
test-38618,0.28435079458988344
test-38619,0.072808459890467
test-3862,0.14074186220084622
test-38620,0.0669392073111586
test-38621,0.053133791908152365
test-38622,0.09670135703596869
test-38623,0.017968698051790084
test-38624,0.16150425118360182
test-38625,0.08752019470863416
test-38626,0.017991206904112593
test-38627,0.18320554071255377
test-38628,0.014390477085816452
test-38629,0.10049990212986595
test-3863,0.1452668312623028
test-38630,0.028077891189240162
test-38631,0.05157510699283644
test-38632,0.021700944982932895
test-38633,0.015035352172236947
test-38634,0.11888796005957356
test-38635,0.1100812978405749
test-38636,0.11010502844795898
test-38637,0.12756464018589395
test-38638,0.12094712355501493
test-38639,0.09327836704009938
test-3864,0.04081917196020895
test-38640,0.05380477560352595
test-38641,0.04517280445843303
test-38642,0.10373811943857802
test-38643,0.3724654989873973
test-38644,0.04315587774234556
test-38645,0.3019349332815188
test-38646,0.03500623183050008
test-38647,0.032850981322865604
test-38648,0.2633089706763514
test-38649,0.005374518013808099
test-3865,0.15942577007095854
test-38650,0.014012751616640076
test-38651,0.10022332301988479
test-38652,0.010995445598177812
test-38653,0.12568156567156893
test-38654,0.022193962283723247
test-38655,0.06803412447426488
test-38656,0.019845765556996135
test-38657,0.012973217020997919
test-38658,0.04574993507351325
test-38659,0.026812147807979962
test-3866,0.09634025038348075
test-38660,0.2651478824566634
test-38661,0.025109446745717575
test-38662,0.1920765121457006
test-38663,0.3799805551282675
test-38664,0.01833069633126119
test-38665,0.028105867165474505
test-38666,0.3193119921963394
test-38667,0.19727758674138718
test-38668,0.4034161808085848
test-38669,0.05674349585808012
test-3867,0.08977068795672681
test-38670,0.021664425336650635
test-38671,0.028148112552110513
test-38672,0.027940201429365704
test-38673,0.03754425675064601
test-38674,0.24106523402990965
test-38675,0.09787796055403811
test-38676,0.01412245052307902
test-38677,0.17581817089074708
test-38678,0.19955545937433553
test-38679,0.16022717399598393
test-3868,0.0669392073111586
test-38680,0.03897666591629338
test-38681,0.1258743417735491
test-38682,0.020686465703262748
test-38683,0.2905848677322763
test-38684,0.020325583220879084
test-38685,0.1852650369416024
test-38686,0.2813360271311942
test-38687,0.13483087295638072
test-38688,0.015443501771072139
test-38689,0.011471452807144072
test-3869,0.015480470643416186
test-38690,0.09787796055403811
test-38691,0.11649146062014445
test-38692,0.03574469391689348
test-38693,0.02095522674402084
test-38694,0.022911527918657044
test-38695,0.03257487780367508
test-38696,0.028743778667299342
test-38697,0.16756011800851225
test-38698,0.05172427443310064
test-38699,0.11621271104243057
test-387,0.049181855473476345
test-3870,0.03957797408190487
test-38700,0.010720168919846416
test-38701,0.026697639719800843
test-38702,0.12087402922543337
test-38703,0.009737000677239318
test-38704,0.021189624404556507
test-38705,0.19632024349265403
test-38706,0.03388826362508373
test-38707,0.26127921719601577
test-38708,0.009314832913675707
test-38709,0.08091840458510943
test-3871,0.013750835097830537
test-38710,0.015216333546035236
test-38711,0.3350327778342977
test-38712,0.019986406340841624
test-38713,0.0966638779667052
test-38714,0.04750716366796516
test-38715,0.029777136647642484
test-38716,0.03420273674371125
test-38717,0.0075521415533279426
test-38718,0.030662560631556174
test-38719,0.027860921275786606
test-3872,0.19635420543061544
test-38720,0.02022516351849276
test-38721,0.17395722544683012
test-38722,0.06339647763268205
test-38723,0.120457412255174
test-38724,0.009176603219850754
test-38725,0.03918125260195484
test-38726,0.022879486531207954
test-38727,0.03458260423031732
test-38728,0.06980830189606753
test-38729,0.10928441419957592
test-3873,0.011942102509070482
test-38730,0.016315758029200787
test-38731,0.07896917855603469
test-38732,0.02960463993744962
test-38733,0.05362342403444867
test-38734,0.08410339878398064
test-38735,0.01835735903797784
test-38736,0.014373814663533477
test-38737,0.02912335805474075
test-38738,0.17178164872151896
test-38739,0.2762814501491187
test-3874,0.03449174282945258
test-38740,0.022555719767005995
test-38741,0.0430918491015837
test-38742,0.2126028810817773
test-38743,0.021107802804286594
test-38744,0.1487152980860481
test-38745,0.014997388795185975
test-38746,0.06769089613322582
test-38747,0.02732355098824392
test-38748,0.054391053908469794
test-38749,0.028029553368464136
test-3875,0.0897711254141521
test-38750,0.015921907898062318
test-38751,0.014448990240790775
test-38752,0.013080221789174201
test-38753,0.09507627697535487
test-38754,0.019196717963425102
test-38755,0.28634272362108254
test-38756,0.07262105350534533
test-38757,0.17416585263785161
test-38758,0.014596795332715674
test-38759,0.019769992326914735
test-3876,0.04331724772382659
test-38760,0.12663596937894922
test-38761,0.007472119992026021
test-38762,0.020483457926598926
test-38763,0.0846182167635542
test-38764,0.021323810157429905
test-38765,0.0881528246744881
test-38766,0.11516888810774364
test-38767,0.011299791955126176
test-38768,0.020456425618934262
test-38769,0.06769089613322582
test-3877,0.02711992401830084
test-38770,0.04687126072955
test-38771,0.10686025720550939
test-38772,0.18687356281017262
test-38773,0.01480481621893174
test-38774,0.24727240015830948
test-38775,0.034187809472472665
test-38776,0.3328278387859263
test-38777,0.08110413393213176
test-38778,0.03523504388703754
test-38779,0.2530299405223603
test-3878,0.16571493929226136
test-38780,0.1283645885029111
test-38781,0.04443051719983813
test-38782,0.11223613043163502
test-38783,0.011030138218203044
test-38784,0.010630644849243311
test-38785,0.3915781221280137
test-38786,0.2377040527164077
test-38787,0.02092713101253956
test-38788,0.07544329730534866
test-38789,0.024621067007812143
test-3879,0.05400256287771402
test-38790,0.06915542282115604
test-38791,0.03344541204452964
test-38792,0.04735907362052547
test-38793,0.10022332301988479
test-38794,0.019102853505933243
test-38795,0.023106295455724315
test-38796,0.05087646162133641
test-38797,0.018965915588520465
test-38798,0.19552744624375082
test-38799,0.10022332301988479
test-388,0.008682978058034549
test-3880,0.021156025969017837
test-38800,0.28789486696042543
test-38801,0.04198962987524557
test-38802,0.07395162367850411
test-38803,0.13592702056816372
test-38804,0.15008470163521723
test-38805,0.010736350987371699
test-38806,0.3328253372369291
test-38807,0.011577042885189869
test-38808,0.011475352617668279
test-38809,0.1532513032344456
test-3881,0.01621160680882612
test-38810,0.01664720392291621
test-38811,0.049181855473476345
test-38812,0.028774654736953113
test-38813,0.05950017199337657
test-38814,0.13734469311397798
test-38815,0.01774717374527413
test-38816,0.010823358649941982
test-38817,0.16862936169275256
test-38818,0.2580968319895045
test-38819,0.02961936100554334
test-3882,0.016629908866602816
test-38820,0.01310051515488205
test-38821,0.012861729280073488
test-38822,0.05595780971503568
test-38823,0.009624169486217608
test-38824,0.09901860786773552
test-38825,0.013863787757766708
test-38826,0.06579001525045498
test-38827,0.055857724454049976
test-38828,0.014143196070418442
test-38829,0.01066400697891108
test-3883,0.011762480302304661
test-38830,0.08287687233596294
test-38831,0.008679159650286468
test-38832,0.016980488168216706
test-38833,0.026017942455827617
test-38834,0.023359381443240002
test-38835,0.14682557289300405
test-38836,0.01924557170142916
test-38837,0.0853103464573093
test-38838,0.04878743856891335
test-38839,0.21627086395073394
test-3884,0.03251972260547522
test-38840,0.03957797408190487
test-38841,0.011268523810386507
test-38842,0.22964504445474215
test-38843,0.02197259144083672
test-38844,0.03784690444982874
test-38845,0.1797959355995174
test-38846,0.1167621340246341
test-38847,0.04051182369827448
test-38848,0.024673306224040407
test-38849,0.009234954469260767
test-3885,0.06017671574141743
test-38850,0.150732200274802
test-38851,0.18650411453198923
test-38852,0.012593822740760532
test-38853,0.040123904008520006
test-38854,0.03232931736961625
test-38855,0.08488515244361179
test-38856,0.07363242591127117
test-38857,0.16631020871831356
test-38858,0.013655394843596515
test-38859,0.06107244868006746
test-3886,0.02780023102525455
test-38860,0.008983746185132039
test-38861,0.006203370990746473
test-38862,0.03879125468618899
test-38863,0.022166639852438115
test-38864,0.019769992326914735
test-38865,0.08719755038109307
test-38866,0.15711385092583013
test-38867,0.04371739997126556
test-38868,0.13170589417942333
test-38869,0.08003083037374147
test-3887,0.01984429724968191
test-38870,0.22238923756223944
test-38871,0.12520734512506632
test-38872,0.014416806727749226
test-38873,0.2568266762337074
test-38874,0.03965557895831884
test-38875,0.05062406321494659
test-38876,0.04800125554714137
test-38877,0.01841868585388797
test-38878,0.10853803191099262
test-38879,0.13844485831116107
test-3888,0.1865689161425066
test-38880,0.01783972204913012
test-38881,0.1755790167333978
test-38882,0.028337201911768226
test-38883,0.026254661224709788
test-38884,0.04923983032039034
test-38885,0.0669392073111586
test-38886,0.07762607053497889
test-38887,0.012012462374717509
test-38888,0.1336784144619703
test-38889,0.019930238431451936
test-3889,0.22835059977288796
test-38890,0.022238135009619766
test-38891,0.015449936841909206
test-38892,0.14034146194710914
test-38893,0.02316019001813252
test-38894,0.00960861623822585
test-38895,0.11266714550532139
test-38896,0.02002773853006112
test-38897,0.2921408309036412
test-38898,0.15252415647649067
test-38899,0.08605499599657962
test-389,0.398363682392439
test-3890,0.01971942139910363
test-38900,0.05557470960781602
test-38901,0.3571660202059418
test-38902,0.023264082189266764
test-38903,0.013437621476854006
test-38904,0.2994868862011974
test-38905,0.036242497691780964
test-38906,0.08043624060878292
test-38907,0.1183758401998184
test-38908,0.17629164175334014
test-38909,0.020658572367864093
test-3891,0.016689137530504414
test-38910,0.11709343371842393
test-38911,0.013951186835711593
test-38912,0.23134973803149214
test-38913,0.033033190567207805
test-38914,0.035607920256913346
test-38915,0.1470330527854462
test-38916,0.07736971131561239
test-38917,0.12269514927898131
test-38918,0.2140620704962724
test-38919,0.027734698922719167
test-3892,0.11543498080582862
test-38920,0.024952609004681523
test-38921,0.036205469695144474
test-38922,0.01619704905987679
test-38923,0.1375862510946041
test-38924,0.17009322340294528
test-38925,0.022353608065139554
test-38926,0.15842677742730876
test-38927,0.02996381890075787
test-38928,0.1285727876993293
test-38929,0.024615869494065974
test-3893,0.21399066044161616
test-38930,0.227102285532456
test-38931,0.016161035230153387
test-38932,0.009813631662146945
test-38933,0.06277811337558481
test-38934,0.1942408357877029
test-38935,0.005999130890815881
test-38936,0.03896556671759666
test-38937,0.023581325712360088
test-38938,0.011783979269066634
test-38939,0.13432100948307987
test-3894,0.10789823708413013
test-38940,0.01597265113501409
test-38941,0.04252105837468247
test-38942,0.0205525795852904
test-38943,0.06975692692269311
test-38944,0.05997208020020565
test-38945,0.007952913083072149
test-38946,0.1996374733298745
test-38947,0.02353776296448871
test-38948,0.011751739614482138
test-38949,0.02890311043379938
test-3895,0.011260623982215378
test-38950,0.14917553410545067
test-38951,0.23641577367406133
test-38952,0.06327812993569465
test-38953,0.017560948262201777
test-38954,0.01200241358505088
test-38955,0.17834629724366563
test-38956,0.1910324596128437
test-38957,0.10797714381394469
test-38958,0.011777306859587586
test-38959,0.04252105837468247
test-3896,0.0629224443109359
test-38960,0.054483502041483715
test-38961,0.05378746054592199
test-38962,0.06402318856918957
test-38963,0.07150626872684224
test-38964,0.1650138359447289
test-38965,0.2841424532080159
test-38966,0.008369553160652604
test-38967,0.16002648617969267
test-38968,0.014606832165642208
test-38969,0.007820080117190294
test-3897,0.0188435169188848
test-38970,0.08402159989176528
test-38971,0.23383086745046425
test-38972,0.15571188379134085
test-38973,0.13629203507739593
test-38974,0.020521399979532954
test-38975,0.015537616387810768
test-38976,0.06613128233036399
test-38977,0.24413983187323904
test-38978,0.0196826173598895
test-38979,0.034167733906511594
test-3898,0.175572890973133
test-38980,0.012075704752698844
test-38981,0.019276895918028645
test-38982,0.016876699915950043
test-38983,0.13765767179496644
test-38984,0.12099176132734665
test-38985,0.05209090995308657
test-38986,0.08833794640780551
test-38987,0.012573278425150143
test-38988,0.08196973207204497
test-38989,0.17565735603737265
test-3899,0.2329585362782952
test-38990,0.03611663395578433
test-38991,0.11554691356435694
test-38992,0.008585480798425818
test-38993,0.024753293450212304
test-38994,0.009172952735474171
test-38995,0.02099123196661146
test-38996,0.05150299589800181
test-38997,0.02177458794956763
test-38998,0.06701026234322542
test-38999,0.0738930105875601
test-39,0.2841424532080159
test-390,0.029917476692825268
test-3900,0.0669392073111586
test-39000,0.0291651069570756
test-39001,0.019378236130760087
test-39002,0.012779053799323873
test-39003,0.09787796055403811
test-39004,0.1741949788792135
test-39005,0.06183208280215057
test-39006,0.022434208592969657
test-39007,0.24229298444472988
test-39008,0.06770005142902069
test-39009,0.1860389456026545
test-3901,0.09459023001880597
test-39010,0.07742767884236121
test-39011,0.01315228282860385
test-39012,0.1799029703769
test-39013,0.04905643510131675
test-39014,0.11989487066770194
test-39015,0.056912901453871255
test-39016,0.14811326198206934
test-39017,0.012608977413394357
test-39018,0.25559389283524714
test-39019,0.012962765446716897
test-3902,0.10000315538152091
test-39020,0.10847793789033829
test-39021,0.10603284517465077
test-39022,0.020643273200199996
test-39023,0.02839153866981304
test-39024,0.0702292644427461
test-39025,0.009781861533288918
test-39026,0.17768357464865178
test-39027,0.19606919385297963
test-39028,0.011272261682790628
test-39029,0.02045248488717004
test-3903,0.025310327925789952
test-39030,0.07357356307427923
test-39031,0.025494980856482986
test-39032,0.014147319662612758
test-39033,0.012867215949847641
test-39034,0.034462792400414846
test-39035,0.2228545787953833
test-39036,0.008266586590694994
test-39037,0.12029354496284933
test-39038,0.0758029122379468
test-39039,0.01673807639874323
test-3904,0.04471019124834734
test-39040,0.15197908689024414
test-39041,0.24948108515126716
test-39042,0.021890217695585027
test-39043,0.015109781303177073
test-39044,0.13395342371842758
test-39045,0.018487811456801444
test-39046,0.024159274518756563
test-39047,0.04055004655092365
test-39048,0.015207917502649358
test-39049,0.010962274824855468
test-3905,0.04767843725824279
test-39050,0.011515784692565645
test-39051,0.012071429093059855
test-39052,0.013162448777165933
test-39053,0.15285138792355085
test-39054,0.2889212594304094
test-39055,0.21709694384449607
test-39056,0.015948259386760203
test-39057,0.03592846913595172
test-39058,0.02064525660387442
test-39059,0.17140536949379012
test-3906,0.056219142437010865
test-39060,0.015722600328724037
test-39061,0.2915453374490709
test-39062,0.22778739739758228
test-39063,0.1735772257755857
test-39064,0.07583726609648245
test-39065,0.014847575778798482
test-39066,0.19591385791385788
test-39067,0.07012918724753815
test-39068,0.06769227346933265
test-39069,0.13473111397650483
test-3907,0.021400972356934063
test-39070,0.026564667670523033
test-39071,0.0497206102583072
test-39072,0.010213339690405379
test-39073,0.011811133924787562
test-39074,0.051378550051181214
test-39075,0.017122891704107964
test-39076,0.2265545758641801
test-39077,0.14935612546805027
test-39078,0.02963376525374944
test-39079,0.25438247457343305
test-3908,0.01290850597580082
test-39080,0.16633076858945023
test-39081,0.06526754082938167
test-39082,0.029061306569524478
test-39083,0.12617093025526127
test-39084,0.07247655001672425
test-39085,0.027617672410591196
test-39086,0.015921907898062318
test-39087,0.0315414840882949
test-39088,0.14218434549602432
test-39089,0.0240885683161597
test-3909,0.027708718366176346
test-39090,0.03972801317764815
test-39091,0.028002435742597552
test-39092,0.0648267804290141
test-39093,0.3551966811186103
test-39094,0.12072468878000761
test-39095,0.0707119985986715
test-39096,0.022067735293997876
test-39097,0.1944346418129891
test-39098,0.019981729497369476
test-39099,0.021837113115077578
test-391,0.010319800072812451
test-3910,0.028108333609982567
test-39100,0.14234520719253535
test-39101,0.04608047371969098
test-39102,0.16850781139479815
test-39103,0.01259337860838798
test-39104,0.014181484557934634
test-39105,0.03370618115869601
test-39106,0.14765657314827385
test-39107,0.014200594069866911
test-39108,0.05789118727292615
test-39109,0.022956999639659522
test-3911,0.24539249937590493
test-39110,0.026103114823617605
test-39111,0.03088988151065486
test-39112,0.07974227162854695
test-39113,0.007891400567099305
test-39114,0.010384229222213515
test-39115,0.006870573414811671
test-39116,0.030784775343216653
test-39117,0.08381984497830856
test-39118,0.009134365760800362
test-39119,0.056211561683587374
test-3912,0.056719954711376405
test-39120,0.16862936169275256
test-39121,0.1035605372983855
test-39122,0.12332339145870573
test-39123,0.00956508440978251
test-39124,0.10389288760223149
test-39125,0.32506415047708864
test-39126,0.3309603859539164
test-39127,0.024444575271116067
test-39128,0.3031432078595421
test-39129,0.012495017379532443
test-3913,0.0064646907416607705
test-39130,0.22104644172461066
test-39131,0.05426196350537378
test-39132,0.06837716154279296
test-39133,0.11251791551656666
test-39134,0.19183286631581162
test-39135,0.009882776420523601
test-39136,0.276597906138602
test-39137,0.034462792400414846
test-39138,0.039455519873315276
test-39139,0.09187970478700197
test-3914,0.014776672246893238
test-39140,0.04048931171424673
test-39141,0.08719755038109307
test-39142,0.2952635028869185
test-39143,0.061998793392514094
test-39144,0.07570544771894107
test-39145,0.2262887729828075
test-39146,0.0092119280546325
test-39147,0.05282529375092041
test-39148,0.012130420357287924
test-39149,0.045655951357548165
test-3915,0.044507571999664486
test-39150,0.25541852355787653
test-39151,0.029707552757707225
test-39152,0.06356748431117294
test-39153,0.01038901923927583
test-39154,0.09999239776442181
test-39155,0.16339774440292437
test-39156,0.04017753930787239
test-39157,0.09681526173888853
test-39158,0.12875435050502115
test-39159,0.1531918198464681
test-3916,0.35572425954383946
test-39160,0.028441006065907055
test-39161,0.11406573607985475
test-39162,0.08558331579287584
test-39163,0.03945821340387772
test-39164,0.11327756767882034
test-39165,0.03151012392690188
test-39166,0.18491355995575112
test-39167,0.016295546512597167
test-39168,0.03753396595154543
test-39169,0.01634089692373384
test-3917,0.023209778433568085
test-39170,0.16221372110706378
test-39171,0.14288566681210652
test-39172,0.15424990703420774
test-39173,0.021482472116777725
test-39174,0.028703508075175424
test-39175,0.0600936954110855
test-39176,0.01525930014918013
test-39177,0.17814027536933513
test-39178,0.145231351848608
test-39179,0.13584648180255504
test-3918,0.11201793299056413
test-39180,0.056115540771790026
test-39181,0.10338018553267073
test-39182,0.20863946276017478
test-39183,0.026883908576461297
test-39184,0.12604542757623594
test-39185,0.0801953694129738
test-39186,0.061577899304617906
test-39187,0.03217148106861156
test-39188,0.21269213099053524
test-39189,0.015245785860092079
test-3919,0.015415450561844946
test-39190,0.31939396202793396
test-39191,0.014342457542246714
test-39192,0.04475351461529831
test-39193,0.16556127146231578
test-39194,0.02286826233165439
test-39195,0.10768890714262637
test-39196,0.006982779756623047
test-39197,0.007686140546797991
test-39198,0.054359646940497004
test-39199,0.14183021254914815
test-392,0.08779262253079786
test-3920,0.20221453289140257
test-39200,0.17064568514112638
test-39201,0.18059612817001638
test-39202,0.04422615734035769
test-39203,0.12932316045424308
test-39204,0.03544080451276304
test-39205,0.13207564119353027
test-39206,0.041644692851619175
test-39207,0.01637795231293644
test-39208,0.1419590236388109
test-39209,0.02808197079347427
test-3921,0.27787188222335496
test-39210,0.01108608688571551
test-39211,0.10853288272800574
test-39212,0.013548233310112179
test-39213,0.1331273717819146
test-39214,0.014311490546238934
test-39215,0.1341526477531666
test-39216,0.36334387960751957
test-39217,0.03542227957116853
test-39218,0.09982158320622143
test-39219,0.04844191326533731
test-3922,0.13960766775762046
test-39220,0.017264630278041516
test-39221,0.18009799397155743
test-39222,0.025872955923324333
test-39223,0.006557827985837056
test-39224,0.13845937553725304
test-39225,0.17645226684991447
test-39226,0.170073160783582
test-39227,0.052803384042532486
test-39228,0.2346640390524653
test-39229,0.02466572337590596
test-3923,0.12110040977244269
test-39230,0.07411280549738125
test-39231,0.04526910096224766
test-39232,0.020367701239295346
test-39233,0.23132299969535927
test-39234,0.14660621249274897
test-39235,0.012285594537735287
test-39236,0.013153022438121035
test-39237,0.17645226684991447
test-39238,0.011267814213392346
test-39239,0.2768749773525921
test-3924,0.07497224838981349
test-39240,0.25772297772782204
test-39241,0.12614711902775436
test-39242,0.1384465910659961
test-39243,0.314657015697526
test-39244,0.0669392073111586
test-39245,0.028704531256068484
test-39246,0.04288832422199081
test-39247,0.0155569229792793
test-39248,0.005850308689253861
test-39249,0.170033379315737
test-3925,0.2307923384727331
test-39250,0.02407543642346402
test-39251,0.14743577821797538
test-39252,0.012737374504127985
test-39253,0.25143746782282994
test-39254,0.017914119243374424
test-39255,0.008132142598047057
test-39256,0.04073539857536595
test-39257,0.2841916820042579
test-39258,0.03570094841611284
test-39259,0.04906984181357477
test-3926,0.04993160251933861
test-39260,0.05069458861557902
test-39261,0.2126532495240517
test-39262,0.09553242398086291
test-39263,0.05701549637297173
test-39264,0.18032611347650268
test-39265,0.03081086832608048
test-39266,0.22901677619727703
test-39267,0.06680575911102908
test-39268,0.0618665757261839
test-39269,0.06710457666906205
test-3927,0.009072006911819197
test-39270,0.23833301831062792
test-39271,0.12352621916226136
test-39272,0.012398201478293227
test-39273,0.08994610872165279
test-39274,0.010516476968927784
test-39275,0.2011454835030215
test-39276,0.02669356611864729
test-39277,0.06936061811784096
test-39278,0.0669392073111586
test-39279,0.06909659753221593
test-3928,0.015411394695231262
test-39280,0.0660814075105843
test-39281,0.035484171184599775
test-39282,0.01923612210282245
test-39283,0.04201587544696237
test-39284,0.22615898165444262
test-39285,0.008211170750608919
test-39286,0.05849542928708646
test-39287,0.20712613712307476
test-39288,0.20512034634317308
test-39289,0.01408134235826594
test-3929,0.02107953308907771
test-39290,0.13358470820018734
test-39291,0.1543693773528168
test-39292,0.023147191307282843
test-39293,0.04488066777436463
test-39294,0.1509499913641611
test-39295,0.3148252835080881
test-39296,0.11773444879298947
test-39297,0.034161321168150315
test-39298,0.13898942764523617
test-39299,0.05345086906813902
test-393,0.3531969754136484
test-3930,0.028803085697130328
test-39300,0.05924537750537341
test-39301,0.15842633399671105
test-39302,0.061577899304617906
test-39303,0.1625062891794493
test-39304,0.009026492143903005
test-39305,0.011730224374831604
test-39306,0.014146925181559002
test-39307,0.012334855066732818
test-39308,0.01703354134376595
test-39309,0.2451057340371038
test-3931,0.023326434066600028
test-39310,0.015728350678003992
test-39311,0.010211225059367895
test-39312,0.10741202185042255
test-39313,0.06634358790172522
test-39314,0.26518334541088323
test-39315,0.02744709120119789
test-39316,0.05487776745599645
test-39317,0.04315587774234556
test-39318,0.01936545505113678
test-39319,0.02408140908442221
test-3932,0.012172680143457694
test-39320,0.15015950066586242
test-39321,0.09787796055403811
test-39322,0.051921833564483724
test-39323,0.07736971131561239
test-39324,0.07214189166778497
test-39325,0.014623885793460552
test-39326,0.31342439713580605
test-39327,0.1597327991501866
test-39328,0.02368594654320974
test-39329,0.21576721356698866
test-3933,0.10539999378663227
test-39330,0.18972542679639154
test-39331,0.030016168616756822
test-39332,0.05238508036483509
test-39333,0.020901100078405267
test-39334,0.010495963223244982
test-39335,0.04263773603064874
test-39336,0.09787796055403811
test-39337,0.0441347091557929
test-39338,0.17808141410834358
test-39339,0.02449926535628039
test-3934,0.12239396736527457
test-39340,0.02587267867389304
test-39341,0.0179280014593753
test-39342,0.2762814501491187
test-39343,0.11326183114366661
test-39344,0.1385721948111161
test-39345,0.016689137530504414
test-39346,0.1805583630077909
test-39347,0.09111889907942892
test-39348,0.3685302092255129
test-39349,0.011428936182452597
test-3935,0.0091119697118891
test-39350,0.07834894995710519
test-39351,0.18519050183045632
test-39352,0.017514320895315624
test-39353,0.15242458286974991
test-39354,0.03456642454289493
test-39355,0.03886493008813917
test-39356,0.30106164895808546
test-39357,0.1841838275646689
test-39358,0.018113210809017975
test-39359,0.15938170148813308
test-3936,0.01273934715982744
test-39360,0.009974823020072974
test-39361,0.027602554867413392
test-39362,0.009737578862190954
test-39363,0.01367087879991051
test-39364,0.16263835485978975
test-39365,0.19002018338899043
test-39366,0.15151900633611146
test-39367,0.006850240658311658
test-39368,0.014687785829880874
test-39369,0.01501386720835958
test-3937,0.020290407146500912
test-39370,0.14928289879624207
test-39371,0.033090003765741324
test-39372,0.07305911273342602
test-39373,0.006393460186097661
test-39374,0.14610428203734466
test-39375,0.03870471759201361
test-39376,0.025211626461078725
test-39377,0.08308237474955896
test-39378,0.008615855462949231
test-39379,0.07720041666244461
test-3938,0.18934894218545964
test-39380,0.009302260764600664
test-39381,0.04453124460768829
test-39382,0.02213634949791932
test-39383,0.06137919618289566
test-39384,0.03478675080461114
test-39385,0.022022932627505716
test-39386,0.043653899513224625
test-39387,0.020417189551939847
test-39388,0.17440591993284316
test-39389,0.28540023133282716
test-3939,0.2517463198837924
test-39390,0.13775918575813118
test-39391,0.030335608896396832
test-39392,0.03402660291508736
test-39393,0.03332221383463573
test-39394,0.011234109166241976
test-39395,0.01198176498649369
test-39396,0.014633028040356256
test-39397,0.19606162653486098
test-39398,0.04252105837468247
test-39399,0.019543179453227706
test-394,0.011695377610969676
test-3940,0.013922029812734254
test-39400,0.03688892664497909
test-39401,0.058145825712093355
test-39402,0.08066778969203148
test-39403,0.024426374191674472
test-39404,0.0669392073111586
test-39405,0.019108836256719913
test-39406,0.019875410261593014
test-39407,0.11985588882066187
test-39408,0.09602329076566658
test-39409,0.16695447271917302
test-3941,0.08999177621381042
test-39410,0.12614711902775436
test-39411,0.018764989645458027
test-39412,0.22475556728869206
test-39413,0.016674883214015737
test-39414,0.3231860451151775
test-39415,0.14401156232604587
test-39416,0.10856651656053995
test-39417,0.023376515009015716
test-39418,0.11090001523422108
test-39419,0.01641577024505258
test-3942,0.21986148762288968
test-39420,0.12764010841797957
test-39421,0.013650448647253687
test-39422,0.14584971832814003
test-39423,0.019070860357363016
test-39424,0.030363732592716054
test-39425,0.07101790563323193
test-39426,0.018211721595474108
test-39427,0.032228709777226174
test-39428,0.03211600459983278
test-39429,0.011515784692565645
test-3943,0.0094337930338421
test-39430,0.11776059117968865
test-39431,0.043651756517248036
test-39432,0.018307327341359786
test-39433,0.233495289392293
test-39434,0.024694496801864876
test-39435,0.10141315073436051
test-39436,0.0815844352228791
test-39437,0.0669465489970633
test-39438,0.109018932819225
test-39439,0.0846182167635542
test-3944,0.08602155823395732
test-39440,0.026920870730655203
test-39441,0.08259030870240416
test-39442,0.0200653046722446
test-39443,0.05339307069340168
test-39444,0.21541803203573318
test-39445,0.02683106974237129
test-39446,0.240941014208919
test-39447,0.07707817268589907
test-39448,0.016249124097285097
test-39449,0.019840249414696736
test-3945,0.010801757354775664
test-39450,0.09528380793254176
test-39451,0.11268322006430714
test-39452,0.012543867666016657
test-39453,0.03122136583692434
test-39454,0.010431192469813437
test-39455,0.024803065518856554
test-39456,0.22907858616844964
test-39457,0.014204432276221939
test-39458,0.07783336357329877
test-39459,0.04018086324409016
test-3946,0.20204866948343225
test-39460,0.010847198754052158
test-39461,0.14714647970043115
test-39462,0.21440199092488227
test-39463,0.3721096203503358
test-39464,0.197286025661373
test-39465,0.016547132283839677
test-39466,0.08329083206478825
test-39467,0.07943957052268628
test-39468,0.17820205542073778
test-39469,0.012383579225391276
test-3947,0.02732536070731793
test-39470,0.2929790114533721
test-39471,0.02009528051670963
test-39472,0.19987093351724938
test-39473,0.10687662180815442
test-39474,0.043024032671872096
test-39475,0.016412843243488764
test-39476,0.012407721677791637
test-39477,0.01663182289740692
test-39478,0.26756917789023005
test-39479,0.1557069863834494
test-3948,0.1445169021993913
test-39480,0.0669392073111586
test-39481,0.02265491676710736
test-39482,0.008362608733916786
test-39483,0.005723845809041729
test-39484,0.02045803470877235
test-39485,0.21006957417038338
test-39486,0.009307680818830285
test-39487,0.21663005549954117
test-39488,0.020025681221618453
test-39489,0.022535083059784654
test-3949,0.17869892279514935
test-39490,0.012143464225882392
test-39491,0.016658571447027884
test-39492,0.01865257952113134
test-39493,0.09119538886473173
test-39494,0.24381133550360212
test-39495,0.03956753045261824
test-39496,0.26632470319651474
test-39497,0.06523160368341539
test-39498,0.1743111720458656
test-39499,0.17990316300661724
test-395,0.009600267497284506
test-3950,0.16360111073450792
test-39500,0.0434890491141886
test-39501,0.0165036761147185
test-39502,0.02848672852830074
test-39503,0.020997307804954516
test-39504,0.049693158069980314
test-39505,0.019223858544069446
test-39506,0.030359611338300115
test-39507,0.27415322791142194
test-39508,0.009813142377749738
test-39509,0.15442672348743294
test-3951,0.17514928604973234
test-39510,0.018177123092946612
test-39511,0.022706016861942128
test-39512,0.013291206552294783
test-39513,0.01594259020330053
test-39514,0.03667886671461944
test-39515,0.23591819629602195
test-39516,0.16952275456569896
test-39517,0.3323593105132005
test-39518,0.07879057811572654
test-39519,0.22946286046171416
test-3952,0.042058998375985854
test-39520,0.23204190173393519
test-39521,0.17009322340294528
test-39522,0.0328239526775897
test-39523,0.3661010170208479
test-39524,0.02372289305257482
test-39525,0.03653600915182936
test-39526,0.2715541865320858
test-39527,0.019535524970281534
test-39528,0.29156102057595273
test-39529,0.22810920020420494
test-3953,0.04066847425417217
test-39530,0.01486996001754307
test-39531,0.14598033512191985
test-39532,0.0625959385155026
test-39533,0.012120241393146625
test-39534,0.2011454835030215
test-39535,0.017699118670471862
test-39536,0.15737158088652178
test-39537,0.016545544217867237
test-39538,0.028077476515716418
test-39539,0.03856665641786955
test-3954,0.01480132604146273
test-39540,0.07799433853261355
test-39541,0.2701211212556499
test-39542,0.39734879023310465
test-39543,0.02167207961467605
test-39544,0.19350674558171488
test-39545,0.38490989070723186
test-39546,0.12663596937894922
test-39547,0.0187488777212075
test-39548,0.045745364994869316
test-39549,0.034462792400414846
test-3955,0.07986481485803501
test-39550,0.1569912351055804
test-39551,0.13803091694814948
test-39552,0.05339307069340168
test-39553,0.08661128354520885
test-39554,0.011926682980426389
test-39555,0.16695447271917302
test-39556,0.20240081376553773
test-39557,0.010219163341191786
test-39558,0.19310051243854293
test-39559,0.023185498261547272
test-3956,0.06486239391507527
test-39560,0.012412465886518809
test-39561,0.039240974045048053
test-39562,0.0166993764771823
test-39563,0.15083249551434783
test-39564,0.3022111611398207
test-39565,0.30356458509522016
test-39566,0.04901956858720126
test-39567,0.12663596937894922
test-39568,0.026403878746165725
test-39569,0.1498790469677485
test-3957,0.008815019106092692
test-39570,0.034462792400414846
test-39571,0.11642981284699146
test-39572,0.02217167799812635
test-39573,0.2552589876124644
test-39574,0.06980877349639879
test-39575,0.30722474214422585
test-39576,0.060548557629810186
test-39577,0.04307380383581811
test-39578,0.40786541024547146
test-39579,0.008715744637450156
test-3958,0.019626563946861776
test-39580,0.10073862875849346
test-39581,0.017989608278603474
test-39582,0.2779159814699618
test-39583,0.058122373423956875
test-39584,0.04702359893739521
test-39585,0.13653780967305187
test-39586,0.1666025006369793
test-39587,0.04953858611954152
test-39588,0.020192620459502774
test-39589,0.02035263799490048
test-3959,0.05677968965010039
test-39590,0.04051182369827448
test-39591,0.03742155074326326
test-39592,0.20368655124824386
test-39593,0.23866049484756394
test-39594,0.10000774541558628
test-39595,0.03958471858137933
test-39596,0.0707119985986715
test-39597,0.22447014286742026
test-39598,0.06769227346933265
test-39599,0.2740488165943441
test-396,0.020312179438365614
test-3960,0.0618665757261839
test-39600,0.0381976773507817
test-39601,0.12913253738235023
test-39602,0.049119779928945465
test-39603,0.033753769425230756
test-39604,0.011554461987073562
test-39605,0.010558036492863616
test-39606,0.12332339145870573
test-39607,0.31639113532117935
test-39608,0.022435409239713947
test-39609,0.04253840947896034
test-3961,0.1445891293905634
test-39610,0.08003083037374147
test-39611,0.08001747038484643
test-39612,0.03957797408190487
test-39613,0.187723088752411
test-39614,0.02292291761390301
test-39615,0.015522856819155937
test-39616,0.14203666849993865
test-39617,0.0846182167635542
test-39618,0.10062551206765444
test-39619,0.008648502573421885
test-3962,0.08317439400212756
test-39620,0.2025832442448445
test-39621,0.008869552147112044
test-39622,0.0669392073111586
test-39623,0.09028301112695317
test-39624,0.01779905741341551
test-39625,0.012505782701905527
test-39626,0.008416308877064734
test-39627,0.21735309981831738
test-39628,0.12378960302610426
test-39629,0.03605421018361057
test-3963,0.12523201730013997
test-39630,0.05955332948217458
test-39631,0.3514135333481494
test-39632,0.0170882642629378
test-39633,0.09043995117455647
test-39634,0.2778168319951721
test-39635,0.015216664283253427
test-39636,0.27915428431168066
test-39637,0.1847330671144232
test-39638,0.03623615026515556
test-39639,0.01620202664341794
test-3964,0.0480874289899147
test-39640,0.06668059199024559
test-39641,0.0195273487421411
test-39642,0.29803241324788987
test-39643,0.021500616204762936
test-39644,0.023932179867766665
test-39645,0.15705573592747404
test-39646,0.25193702447239275
test-39647,0.015499451200918276
test-39648,0.0669392073111586
test-39649,0.010353379732128458
test-3965,0.2623248154591009
test-39650,0.15728320560059914
test-39651,0.015777918530848027
test-39652,0.0215025714450548
test-39653,0.01676558207385426
test-39654,0.019497073318223066
test-39655,0.11640231571006414
test-39656,0.030015184772067584
test-39657,0.017666083932015686
test-39658,0.03170912372369171
test-39659,0.02830021213505358
test-3966,0.08594061947229828
test-39660,0.16695447271917302
test-39661,0.06797405278907373
test-39662,0.020446234033832653
test-39663,0.021652795709936952
test-39664,0.027230726814109815
test-39665,0.02861979525321291
test-39666,0.16372723822458354
test-39667,0.23298111454421538
test-39668,0.02410603164026364
test-39669,0.05211580984441581
test-3967,0.12214461426797765
test-39670,0.15434614857410742
test-39671,0.09985649801372733
test-39672,0.07321148603617267
test-39673,0.14576130222417877
test-39674,0.018961011338083672
test-39675,0.02332506867901428
test-39676,0.033475270357192215
test-39677,0.09673533330374554
test-39678,0.017526438487380815
test-39679,0.16161058742775683
test-3968,0.19359229831266725
test-39680,0.016785103625597434
test-39681,0.08003083037374147
test-39682,0.10893213999898937
test-39683,0.050933530474581885
test-39684,0.02695036692577566
test-39685,0.02980249964059728
test-39686,0.014390477085816452
test-39687,0.060332573475586716
test-39688,0.07181829345931622
test-39689,0.014586213843685388
test-3969,0.10159257371752366
test-39690,0.03664382764195204
test-39691,0.21620708106877654
test-39692,0.016122239169013754
test-39693,0.007560439816767133
test-39694,0.023910435908561678
test-39695,0.33612040257252823
test-39696,0.059501922873155644
test-39697,0.04602769031405361
test-39698,0.020034458520359705
test-39699,0.13096503626580197
test-397,0.014008075504383237
test-3970,0.012784001229000197
test-39700,0.01024817858711763
test-39701,0.1867944876384842
test-39702,0.03900133776418767
test-39703,0.07040162487599577
test-39704,0.0687732139720173
test-39705,0.08806162481340857
test-39706,0.09787796055403811
test-39707,0.021176670602333646
test-39708,0.01307747002183775
test-39709,0.05768298555240282
test-3971,0.07627255179112785
test-39710,0.12173704776136499
test-39711,0.014282522372829651
test-39712,0.04094224729594457
test-39713,0.19126114465058722
test-39714,0.042659883755329864
test-39715,0.03923497206854078
test-39716,0.02779380223213587
test-39717,0.1633473596246666
test-39718,0.012581147851819175
test-39719,0.2097175660502435
test-3972,0.21850417342877199
test-39720,0.1086163501617739
test-39721,0.08285259183498218
test-39722,0.08624981089502637
test-39723,0.2148442952440062
test-39724,0.07300415700059695
test-39725,0.1543693773528168
test-39726,0.2797737783641033
test-39727,0.027354727109107066
test-39728,0.02289631294173753
test-39729,0.018495414921339458
test-3973,0.2593209079276136
test-39730,0.18329169719958222
test-39731,0.005555552952020257
test-39732,0.013030478486505993
test-39733,0.035149851245099735
test-39734,0.2614485418188858
test-39735,0.038252803812629944
test-39736,0.15731350203197517
test-39737,0.034076014013285874
test-39738,0.07101039590896685
test-39739,0.3543082272930295
test-3974,0.3099661339534972
test-39740,0.20438892131538713
test-39741,0.02030578818768773
test-39742,0.17810115588339562
test-39743,0.06017640968625265
test-39744,0.14981079454932977
test-39745,0.024236209640298798
test-39746,0.06732908216537174
test-39747,0.026269035315028028
test-39748,0.11315225222450788
test-39749,0.011988876230477516
test-3975,0.17942591900817922
test-39750,0.036968423928702684
test-39751,0.1195262970456525
test-39752,0.03957797408190487
test-39753,0.03895619095237962
test-39754,0.01470155729677045
test-39755,0.007492342210504108
test-39756,0.021383747732432384
test-39757,0.1279919559874527
test-39758,0.2766001698400126
test-39759,0.08091840458510943
test-3976,0.022562540037775303
test-39760,0.015692729499937646
test-39761,0.007540082382081605
test-39762,0.3005226854967868
test-39763,0.040009046738410305
test-39764,0.18418539639569032
test-39765,0.0320395381875021
test-39766,0.21289216303703698
test-39767,0.006186810105343808
test-39768,0.02315715731965797
test-39769,0.017707638171320463
test-3977,0.04223180529766538
test-39770,0.2405802427323029
test-39771,0.19083195808666004
test-39772,0.16424152025168684
test-39773,0.05339307069340168
test-39774,0.3267316099443742
test-39775,0.118552609004757
test-39776,0.012849590018832081
test-39777,0.01612323151695285
test-39778,0.06500938620460059
test-39779,0.18451885475250399
test-3978,0.051324330966853106
test-39780,0.14520455316433584
test-39781,0.23084175020805225
test-39782,0.023341766231779366
test-39783,0.014266041686864326
test-39784,0.04414144036815126
test-39785,0.11992865485900006
test-39786,0.04455879549956729
test-39787,0.09022039919090875
test-39788,0.21767543377464443
test-39789,0.16993298135254
test-3979,0.060060702189929
test-39790,0.040591951842197875
test-39791,0.15478674205988363
test-39792,0.02799391230218996
test-39793,0.06803412447426488
test-39794,0.039321178595288504
test-39795,0.25541852355787653
test-39796,0.023880450564935846
test-39797,0.0078226645025398
test-39798,0.021176670602333646
test-39799,0.024597516504829907
test-398,0.02106952596124691
test-3980,0.016940142604120266
test-39800,0.012817133511211307
test-39801,0.072849547625243
test-39802,0.021453750321230494
test-39803,0.05487776745599645
test-39804,0.025438045291636478
test-39805,0.028743791701145088
test-39806,0.011413507308042223
test-39807,0.03411823203422984
test-39808,0.02963552902141265
test-39809,0.013499539917909477
test-3981,0.019710662150514147
test-39810,0.05175925155920262
test-39811,0.22821306101220337
test-39812,0.01263221411230989
test-39813,0.015562762043461607
test-39814,0.06672459805787116
test-39815,0.06718600519278702
test-39816,0.00630434590668444
test-39817,0.011043539749771215
test-39818,0.08110413393213176
test-39819,0.14757813905198733
test-3982,0.05039128070861726
test-39820,0.017925349557729443
test-39821,0.15511671882748326
test-39822,0.015176512293407923
test-39823,0.14197248498892087
test-39824,0.03273078777021212
test-39825,0.32554197005912683
test-39826,0.02306669772812342
test-39827,0.04665560249199816
test-39828,0.12065062433251636
test-39829,0.13844485831116107
test-3983,0.020549412574378534
test-39830,0.0846182167635542
test-39831,0.013750835097830537
test-39832,0.04421277564406541
test-39833,0.039240974045048053
test-39834,0.036585348333592976
test-39835,0.24004740849763895
test-39836,0.016186416369884243
test-39837,0.03957797408190487
test-39838,0.06613128233036399
test-39839,0.10805710440638457
test-3984,0.049402526946939064
test-39840,0.17929485850485777
test-39841,0.07017705429200691
test-39842,0.0643354235948734
test-39843,0.011181020410393842
test-39844,0.06769227346933265
test-39845,0.0848861066788327
test-39846,0.023282449812939192
test-39847,0.021323810157429905
test-39848,0.008747214749617597
test-39849,0.020854703692799816
test-3985,0.05652636713934997
test-39850,0.04584047673638585
test-39851,0.22724114166722323
test-39852,0.032081974547971785
test-39853,0.018626545676305253
test-39854,0.020398116137134603
test-39855,0.030750336508349515
test-39856,0.009051945067295003
test-39857,0.02542349741746313
test-39858,0.19606919385297963
test-39859,0.01977568808431513
test-3986,0.1285727876993293
test-39860,0.04093676001910714
test-39861,0.07045174102412448
test-39862,0.1665998771229538
test-39863,0.0669392073111586
test-39864,0.07071418442384217
test-39865,0.1416005189734772
test-39866,0.2881073520245351
test-39867,0.03619236215907518
test-39868,0.019375915663355774
test-39869,0.016138301623183374
test-3987,0.11363915236053415
test-39870,0.027362311663783164
test-39871,0.010742631689708614
test-39872,0.02945577743987063
test-39873,0.023460488978422393
test-39874,0.0038250101454979455
test-39875,0.09681526173888853
test-39876,0.10062551206765444
test-39877,0.03611291057470525
test-39878,0.35174935201391583
test-39879,0.011229320592917931
test-3988,0.13980550641447664
test-39880,0.0318512534415407
test-39881,0.24193795384455838
test-39882,0.03394517755049771
test-39883,0.013945754788286439
test-39884,0.15374529007601836
test-39885,0.16787653686396697
test-39886,0.09873779876281383
test-39887,0.20368655124824386
test-39888,0.24015164426681834
test-39889,0.04853174945302693
test-3989,0.06955009731211824
test-39890,0.1869213515024209
test-39891,0.1095268499170716
test-39892,0.36897503402088355
test-39893,0.08308635683650029
test-39894,0.1986068151198491
test-39895,0.08685312191020479
test-39896,0.015381404847325138
test-39897,0.01862945406820616
test-39898,0.06252377948562454
test-39899,0.3102895700718625
test-399,0.29651242146257556
test-3990,0.01190180828372277
test-39900,0.024186562772394338
test-39901,0.15844095489424034
test-39902,0.024894550957393215
test-39903,0.005325577393419424
test-39904,0.005758871671809257
test-39905,0.03815706183505674
test-39906,0.03688892664497909
test-39907,0.04027483335349616
test-39908,0.04477777138503089
test-39909,0.1974715967877271
test-3991,0.020980048166440675
test-39910,0.1613952628471892
test-39911,0.034462792400414846
test-39912,0.1205780200805759
test-39913,0.1499065603736911
test-39914,0.019363258242496975
test-39915,0.06803412447426488
test-39916,0.0669392073111586
test-39917,0.04567134126805835
test-39918,0.034490063044592435
test-39919,0.29768633729161476
test-3992,0.3919451497584025
test-39920,0.0669392073111586
test-39921,0.03904917095228133
test-39922,0.08507148776410116
test-39923,0.01263221411230989
test-39924,0.2262887729828075
test-39925,0.02447887331667195
test-39926,0.2502972344977607
test-39927,0.07283857716050303
test-39928,0.1668146346326817
test-39929,0.018346024235828942
test-3993,0.015752355381555932
test-39930,0.005855928386407059
test-39931,0.02410491607242745
test-39932,0.011798095782612882
test-39933,0.0905424941527192
test-39934,0.3258827939377546
test-39935,0.16486211923884836
test-39936,0.07150820109714126
test-39937,0.08110413393213176
test-39938,0.04688750644718757
test-39939,0.009071822177896698
test-3994,0.15181625690341738
test-39940,0.13844485831116107
test-39941,0.045948535240170334
test-39942,0.09626605111533995
test-39943,0.024806978417579003
test-39944,0.04341987599646782
test-39945,0.07009419099951347
test-39946,0.39962286323532953
test-39947,0.017388010601174876
test-39948,0.053510231006417074
test-39949,0.1313395705021038
test-3995,0.030687956293460824
test-39950,0.008490647366756199
test-39951,0.013281804761108266
test-39952,0.22324388489993144
test-39953,0.2590906039449475
test-39954,0.07321148603617267
test-39955,0.04514373271677197
test-39956,0.019266145932857248
test-39957,0.060642812711293646
test-39958,0.16267726517005388
test-39959,0.01841799469116741
test-3996,0.1964152359145944
test-39960,0.04114866810728552
test-39961,0.017848191636635816
test-39962,0.032778249052604354
test-39963,0.05339307069340168
test-39964,0.12336637914974136
test-39965,0.020184049019556536
test-39966,0.046474244023831705
test-39967,0.0339067361344159
test-39968,0.03258303940077757
test-39969,0.09267408306767555
test-3997,0.013428843715478823
test-39970,0.14920974889138464
test-39971,0.019724544104266217
test-39972,0.026538919820779352
test-39973,0.028262570455541414
test-39974,0.015869441459875247
test-39975,0.06609780792637204
test-39976,0.07765548192385864
test-39977,0.0399642768482619
test-39978,0.018495414921339458
test-39979,0.2322170040630973
test-3998,0.052941792662243956
test-39980,0.22546673615820906
test-39981,0.3332259468967909
test-39982,0.05885682923917168
test-39983,0.06879031898528654
test-39984,0.02036909639343253
test-39985,0.018462894407462592
test-39986,0.009618644677248276
test-39987,0.10692429537864101
test-39988,0.19667015380544076
test-39989,0.008029326362355045
test-3999,0.11216340416917163
test-39990,0.015537806967544554
test-39991,0.10558452018452198
test-39992,0.12638881669202595
test-39993,0.024509097363587435
test-39994,0.021735720283137125
test-39995,0.0334642355592805
test-39996,0.14582384589564398
test-39997,0.05497274818686162
test-39998,0.02277820011638299
test-39999,0.172571386483921
test-4,0.013125155838904338
test-40,0.038215245356113106
test-400,0.029054213136916224
test-4000,0.09549317137997491
test-40000,0.3755180392334556
test-40001,0.17645226684991447
test-40002,0.21782763488261797
test-40003,0.01462525333176818
test-40004,0.1345063844356955
test-40005,0.08446144130017968
test-40006,0.03410602657992404
test-40007,0.04663923617716373
test-40008,0.013182169325112281
test-40009,0.34131826550087835
test-4001,0.20132246288486264
test-40010,0.17333868090004803
test-40011,0.009622586661320313
test-40012,0.13111881743845427
test-40013,0.11650792549596577
test-40014,0.029295260862555187
test-40015,0.06687591078501293
test-40016,0.09392176413156922
test-40017,0.013148246900558297
test-40018,0.08474647781680615
test-40019,0.032210734184143434
test-4002,0.05997031636792433
test-40020,0.04167562980021376
test-40021,0.22472205350734145
test-40022,0.0707119985986715
test-40023,0.1398388875173638
test-40024,0.009019432199058054
test-40025,0.14137633045726242
test-40026,0.023684394815523032
test-40027,0.048554644196368305
test-40028,0.24521422859823871
test-40029,0.11621411644697419
test-4003,0.015728177076295483
test-40030,0.13655920097908947
test-40031,0.13427187521081005
test-40032,0.01566054822142346
test-40033,0.013437458209838087
test-40034,0.020962090976997257
test-40035,0.0464371297772785
test-40036,0.012581331202896222
test-40037,0.017573889837014627
test-40038,0.2885732476737947
test-40039,0.03079929427870901
test-4004,0.061181602630787035
test-40040,0.2513285977949783
test-40041,0.14660621249274897
test-40042,0.1231794709982879
test-40043,0.013784586138106089
test-40044,0.2364824725462624
test-40045,0.015165841095559152
test-40046,0.15224744470882656
test-40047,0.20557864360423292
test-40048,0.07896917855603469
test-40049,0.09794094697259917
test-4005,0.4486747324634013
test-40050,0.011751739614482138
test-40051,0.010234867837234507
test-40052,0.06807277471988875
test-40053,0.2290633232194293
test-40054,0.008903123551351286
test-40055,0.0601209595526885
test-40056,0.08003083037374147
test-40057,0.03293411238873483
test-40058,0.06306190140365424
test-40059,0.022698055166495607
test-4006,0.02364569819103662
test-40060,0.1130539218079405
test-40061,0.010658058384024496
test-40062,0.024257490601402466
test-40063,0.03800199119545898
test-40064,0.014371662010114477
test-40065,0.05368058579374111
test-40066,0.012584927470675227
test-40067,0.07438613902454953
test-40068,0.010335435190722103
test-40069,0.3032406349743543
test-4007,0.016656139546138943
test-40070,0.008836342292233419
test-40071,0.008651415063227351
test-40072,0.01538128526778872
test-40073,0.2778601322102348
test-40074,0.1060959533689933
test-40075,0.15166294481093656
test-40076,0.0620754158798437
test-40077,0.017478768775349627
test-40078,0.06816683586378201
test-40079,0.2566211479580706
test-4008,0.020239460565281767
test-40080,0.1933176527424884
test-40081,0.007907608456680471
test-40082,0.024340100889131126
test-40083,0.052499391636985304
test-40084,0.021166178309169777
test-40085,0.03427885235037644
test-40086,0.03804305988080211
test-40087,0.3915781221280137
test-40088,0.2542043044406898
test-40089,0.31484137116195604
test-4009,0.1516157321811512
test-40090,0.01672717353251635
test-40091,0.02374711262760543
test-40092,0.02666497060130522
test-40093,0.0248267156376363
test-40094,0.009343301629650533
test-40095,0.01994694992344191
test-40096,0.15602925990285987
test-40097,0.016740870732518703
test-40098,0.030710391314618606
test-40099,0.006141214297919992
test-401,0.008446781035898321
test-4010,0.007066404390393601
test-40100,0.09786653135681518
test-40101,0.028996877390066657
test-40102,0.03865336034262782
test-40103,0.010823358649941982
test-40104,0.013110830941840854
test-40105,0.2460963833264938
test-40106,0.02598049569371233
test-40107,0.11126966883520877
test-40108,0.10812230317096443
test-40109,0.031891294762590304
test-4011,0.14314158289555284
test-40110,0.25121184318481943
test-40111,0.03162571549302669
test-40112,0.06336015558110643
test-40113,0.010141741819091266
test-40114,0.11461960704869209
test-40115,0.03228337739966551
test-40116,0.006919996346792034
test-40117,0.18964147706964662
test-40118,0.010399450794038487
test-40119,0.07394850622675533
test-4012,0.2044799643817732
test-40120,0.3031432078595421
test-40121,0.2690299568374196
test-40122,0.05208457129373567
test-40123,0.04984605287855657
test-40124,0.10586865562864596
test-40125,0.026603872035614685
test-40126,0.03791658547719994
test-40127,0.0288256965280256
test-40128,0.17714702408025584
test-40129,0.08985868725855363
test-4013,0.13775918575813118
test-40130,0.16344830039709268
test-40131,0.16587960424879694
test-40132,0.08455547125480539
test-40133,0.028743778667299342
test-40134,0.013908302384841028
test-40135,0.0374809670409722
test-40136,0.029167273798266922
test-40137,0.021293043288361575
test-40138,0.016799629695472947
test-40139,0.09673533330374554
test-4014,0.03275754445374959
test-40140,0.13900418329799064
test-40141,0.01814566930159605
test-40142,0.1173222993828113
test-40143,0.148840082485034
test-40144,0.019683786953372015
test-40145,0.08685312191020479
test-40146,0.16147579090194944
test-40147,0.012853012274150873
test-40148,0.1410658464620146
test-40149,0.04511022052879978
test-4015,0.012586207620862289
test-40150,0.10016390581399301
test-40151,0.009177032567583112
test-40152,0.06929895583861832
test-40153,0.057287078053342426
test-40154,0.02046323567396794
test-40155,0.08003083037374147
test-40156,0.009379571220005656
test-40157,0.25195081953175
test-40158,0.07343535950357208
test-40159,0.08426630799127749
test-4016,0.014468229450203372
test-40160,0.12416644321373581
test-40161,0.018788947503476094
test-40162,0.040695030576269844
test-40163,0.07447631002345562
test-40164,0.04871350547725204
test-40165,0.0758029122379468
test-40166,0.014043032035290623
test-40167,0.02778097691972139
test-40168,0.09886754286180045
test-40169,0.020259076375105604
test-4017,0.2509590842420266
test-40170,0.010351229146355567
test-40171,0.00880067725196279
test-40172,0.04692232395763435
test-40173,0.2515952539918664
test-40174,0.21768066281542814
test-40175,0.00750552625292704
test-40176,0.01289506228059003
test-40177,0.11422368983859822
test-40178,0.10575719439596569
test-40179,0.014317505185574645
test-4018,0.1893557526966775
test-40180,0.27840897340516463
test-40181,0.03991427570930743
test-40182,0.1997457263129874
test-40183,0.014756294423485685
test-40184,0.14584971832814003
test-40185,0.01807669420064134
test-40186,0.15913172909064566
test-40187,0.22588017785693937
test-40188,0.14512775388963134
test-40189,0.013861433000760386
test-4019,0.31550847351172256
test-40190,0.1710014347657777
test-40191,0.021913261666760015
test-40192,0.022707376778463795
test-40193,0.2671080710930173
test-40194,0.02731449937514923
test-40195,0.018415651331212857
test-40196,0.14849356465140606
test-40197,0.10451896692684502
test-40198,0.04039430621750288
test-40199,0.33410238606730075
test-402,0.01993622240677541
test-4020,0.29993711275533225
test-40200,0.1429705322556161
test-40201,0.2510564490454064
test-40202,0.01367585516361244
test-40203,0.13207564119353027
test-40204,0.027471521470755177
test-40205,0.06361959762506834
test-40206,0.016587757663947923
test-40207,0.016354805291009196
test-40208,0.04252105837468247
test-40209,0.09180678829156483
test-4021,0.14991952012124304
test-40210,0.38801185148855927
test-40211,0.12099176132734665
test-40212,0.06350432673419774
test-40213,0.09265484632795423
test-40214,0.018799309285701542
test-40215,0.18715617308248209
test-40216,0.008798183355538182
test-40217,0.02857729591909576
test-40218,0.02390474957468445
test-40219,0.061183891606428835
test-4022,0.0377026019635398
test-40220,0.008515455237500018
test-40221,0.06956163063607966
test-40222,0.023806420321927663
test-40223,0.04602717714642892
test-40224,0.022409595238520857
test-40225,0.024151959805871773
test-40226,0.012784001229000197
test-40227,0.014956218687390057
test-40228,0.017424535963517177
test-40229,0.03040705258841133
test-4023,0.013364967188256556
test-40230,0.025125241509079077
test-40231,0.32641958553279166
test-40232,0.12747360552523906
test-40233,0.057314483156297266
test-40234,0.05543691590751732
test-40235,0.031754742373250926
test-40236,0.15992151056894738
test-40237,0.13130809344856
test-40238,0.02980127913271256
test-40239,0.01789417478552337
test-4024,0.29827120591249473
test-40240,0.18475884503735288
test-40241,0.09440451994204867
test-40242,0.01308811504215468
test-40243,0.010519483553959345
test-40244,0.025386116875947815
test-40245,0.015244144399628384
test-40246,0.012855429829125103
test-40247,0.02726719037483466
test-40248,0.07896917855603469
test-40249,0.04433913622266034
test-4025,0.19886951816494297
test-40250,0.12090269690794192
test-40251,0.11543498080582862
test-40252,0.09394507126896243
test-40253,0.09424216467936246
test-40254,0.007982391745004092
test-40255,0.048624034023782466
test-40256,0.40088320453868503
test-40257,0.015975983231669048
test-40258,0.1559152613127564
test-40259,0.021657831498552084
test-4026,0.01656240409186109
test-40260,0.07013717606758778
test-40261,0.31342439713580605
test-40262,0.008959340050418685
test-40263,0.017478874551757034
test-40264,0.028182305523906576
test-40265,0.03453720422085317
test-40266,0.3054789046241047
test-40267,0.22537756793525202
test-40268,0.04673231385421842
test-40269,0.06230691045211262
test-4027,0.0653408661382993
test-40270,0.06922283375961935
test-40271,0.13150307444499612
test-40272,0.02540858752960149
test-40273,0.2548729089741095
test-40274,0.14870958375032942
test-40275,0.012119151368522492
test-40276,0.10680575811809866
test-40277,0.01570839146979328
test-40278,0.03272323148158087
test-40279,0.018291971269181657
test-4028,0.12166725650597901
test-40280,0.03233646807096407
test-40281,0.09107726064655185
test-40282,0.0211571903916335
test-40283,0.014767382027840231
test-40284,0.27873526077793753
test-40285,0.12113155748644258
test-40286,0.23240755155104065
test-40287,0.27123988067176497
test-40288,0.4113769864763454
test-40289,0.04024778770956817
test-4029,0.061577899304617906
test-40290,0.1313395705021038
test-40291,0.02113510246986947
test-40292,0.005723845809041729
test-40293,0.172430902017648
test-40294,0.0199398142697467
test-40295,0.1565517566710533
test-40296,0.30902669917001296
test-40297,0.04756553817457155
test-40298,0.24949788204578663
test-40299,0.03472325393923102
test-403,0.03593363355279233
test-4030,0.02625912952736866
test-40300,0.040018476315437174
test-40301,0.08831391460702886
test-40302,0.015933697475264148
test-40303,0.16278873613949252
test-40304,0.03872953584028213
test-40305,0.06814244713805528
test-40306,0.06088125116015238
test-40307,0.10928441419957592
test-40308,0.008388166072142775
test-40309,0.041735160552878785
test-4031,0.08395183120844195
test-40310,0.0218146564233906
test-40311,0.20879769261968656
test-40312,0.3267316099443742
test-40313,0.07332223118954193
test-40314,0.010613823564489136
test-40315,0.008141198776051033
test-40316,0.0669392073111586
test-40317,0.0325554902196476
test-40318,0.12523130084904377
test-40319,0.030552946786075036
test-4032,0.018487811456801444
test-40320,0.039086452581574595
test-40321,0.16063247233646802
test-40322,0.05015468531813707
test-40323,0.029656919242272362
test-40324,0.019869083378733488
test-40325,0.021524950544356207
test-40326,0.051946123506447665
test-40327,0.012810377420581795
test-40328,0.052281994791866106
test-40329,0.13289938787922698
test-4033,0.020312789630139706
test-40330,0.01060358804633226
test-40331,0.053584991341364505
test-40332,0.0243918931441125
test-40333,0.049180019684861055
test-40334,0.1412585010994926
test-40335,0.01853395809773906
test-40336,0.14668793417307008
test-40337,0.02767019215807273
test-40338,0.014080232656244744
test-40339,0.028490845591392717
test-4034,0.0981258595350916
test-40340,0.018084228911619385
test-40341,0.013957546439460723
test-40342,0.025056138080587445
test-40343,0.017561591941262073
test-40344,0.045860348083837134
test-40345,0.09435854111353265
test-40346,0.04237897796443696
test-40347,0.04252105837468247
test-40348,0.015649156441318125
test-40349,0.020991257982176728
test-4035,0.2821515413191359
test-40350,0.018383732785493257
test-40351,0.25924404271325757
test-40352,0.029769009252380223
test-40353,0.1368321145500669
test-40354,0.030690429230251847
test-40355,0.1562533386552796
test-40356,0.021128491926411204
test-40357,0.020225279408882583
test-40358,0.04380120257490113
test-40359,0.021633998781349962
test-4036,0.13046277799369352
test-40360,0.2844708705130809
test-40361,0.024948776884415897
test-40362,0.007892798123952167
test-40363,0.12552727882156364
test-40364,0.09751873698518972
test-40365,0.02687515274715474
test-40366,0.008871870523588031
test-40367,0.0531118492179254
test-40368,0.04371739997126556
test-40369,0.09014556331031337
test-4037,0.17903802988922818
test-40370,0.0661752265835096
test-40371,0.02845366366092168
test-40372,0.016683225118233478
test-40373,0.09048054534211158
test-40374,0.015224312249784357
test-40375,0.023161628692950978
test-40376,0.14865992126850122
test-40377,0.012282688210997351
test-40378,0.07097033491568015
test-40379,0.02237940132021748
test-4038,0.12769720504286536
test-40380,0.04622823801084195
test-40381,0.022616073456531573
test-40382,0.007347467787550136
test-40383,0.025098272555512197
test-40384,0.10564225371268823
test-40385,0.19596224564605516
test-40386,0.13090935484972835
test-40387,0.30336003215595847
test-40388,0.07447631002345562
test-40389,0.01737074292416923
test-4039,0.16253478253456574
test-40390,0.038486365018934966
test-40391,0.13120845231235395
test-40392,0.014606832165642208
test-40393,0.0707119985986715
test-40394,0.02403168801781399
test-40395,0.025464189918310537
test-40396,0.022539819358593005
test-40397,0.2698042697544862
test-40398,0.021264799040577712
test-40399,0.0648979588408381
test-404,0.01843340564548988
test-4040,0.015962446115493256
test-40400,0.3984249638977862
test-40401,0.004104061046890723
test-40402,0.032739702605841636
test-40403,0.15966936483554844
test-40404,0.2172974210871768
test-40405,0.02712610431248483
test-40406,0.21962385265766904
test-40407,0.03151078349746296
test-40408,0.03910744523835165
test-40409,0.061345410026469864
test-4041,0.016881094890489723
test-40410,0.15717503227402116
test-40411,0.06613128233036399
test-40412,0.06004280150313567
test-40413,0.19286334359055451
test-40414,0.013492573721929777
test-40415,0.05747029833743778
test-40416,0.07350573255403993
test-40417,0.047933466999237964
test-40418,0.1672664478677274
test-40419,0.07218612960373637
test-4042,0.09959569300670158
test-40420,0.11543498080582862
test-40421,0.041994584683696344
test-40422,0.016673130046836956
test-40423,0.011187251021973528
test-40424,0.025869680223758382
test-40425,0.030056603413403604
test-40426,0.015207571064410846
test-40427,0.05773337559993941
test-40428,0.2359702365633646
test-40429,0.14139958731751387
test-4043,0.007670107894692098
test-40430,0.046665483839792896
test-40431,0.04186905475927049
test-40432,0.026342104070786614
test-40433,0.008349478039595645
test-40434,0.0876493430741048
test-40435,0.17226602319519838
test-40436,0.08290754829969886
test-40437,0.00662445542369225
test-40438,0.09492641433848957
test-40439,0.043901531364629966
test-4044,0.013065735211096137
test-40440,0.08713263429313901
test-40441,0.10022332301988479
test-40442,0.11412015650690727
test-40443,0.14811326198206934
test-40444,0.19027171901426543
test-40445,0.11607553849948815
test-40446,0.17946550048691282
test-40447,0.005932683084527837
test-40448,0.05003369533824943
test-40449,0.008207701938146485
test-4045,0.02461116144665354
test-40450,0.025824322486285526
test-40451,0.01787324844662315
test-40452,0.040695030576269844
test-40453,0.06576144224778561
test-40454,0.009185727198740952
test-40455,0.32006440863224295
test-40456,0.012316947955812342
test-40457,0.017160454515026128
test-40458,0.02642492126707568
test-40459,0.014553800524651385
test-4046,0.0078012187456752285
test-40460,0.013054377939103847
test-40461,0.013116145857257771
test-40462,0.11431174270626648
test-40463,0.059057052958253316
test-40464,0.012342843121644317
test-40465,0.24141693092417843
test-40466,0.021900063417043297
test-40467,0.016363433027087468
test-40468,0.23596459801673333
test-40469,0.05339307069340168
test-4047,0.10980860822672864
test-40470,0.029679518117929543
test-40471,0.3512856618424557
test-40472,0.011695377610969676
test-40473,0.014610195220069474
test-40474,0.011524896074431893
test-40475,0.019896576213697635
test-40476,0.03517555764595901
test-40477,0.03974423449552405
test-40478,0.02436531142295488
test-40479,0.15406021940566667
test-4048,0.0404800526693833
test-40480,0.011863228307218993
test-40481,0.058598560167619294
test-40482,0.031638866637643814
test-40483,0.1000754152102189
test-40484,0.30902669917001296
test-40485,0.012725032565421459
test-40486,0.04491108427660707
test-40487,0.008679710803854934
test-40488,0.28944662479688565
test-40489,0.24661262786333527
test-4049,0.25361695825410746
test-40490,0.07412338534059208
test-40491,0.04561325061986979
test-40492,0.11862911406994477
test-40493,0.029404055087079647
test-40494,0.013727616032821221
test-40495,0.04439276506793191
test-40496,0.015095374340138362
test-40497,0.06769089613322582
test-40498,0.042819337683909685
test-40499,0.027074256659109095
test-405,0.00786921325102336
test-4050,0.10330246798973096
test-40500,0.08288074317577054
test-40501,0.024914279533831303
test-40502,0.046501611584083946
test-40503,0.03228585713900341
test-40504,0.0771776913114103
test-40505,0.1285727876993293
test-40506,0.03548147645169235
test-40507,0.16717837040668707
test-40508,0.19672836289925127
test-40509,0.08003083037374147
test-4051,0.11171694082223506
test-40510,0.10686025720550939
test-40511,0.06518688175134404
test-40512,0.11430352231219558
test-40513,0.10825469548955043
test-40514,0.020539739393034325
test-40515,0.007329494051783888
test-40516,0.01752528471342837
test-40517,0.15983653398723804
test-40518,0.15089977545054142
test-40519,0.1321112960165548
test-4052,0.009799314179063528
test-40520,0.13782766360948254
test-40521,0.025794817897087416
test-40522,0.012383052145538065
test-40523,0.01710162346540968
test-40524,0.006273752151437323
test-40525,0.04917284141127428
test-40526,0.02901401613833716
test-40527,0.1586802256377835
test-40528,0.03227272921567262
test-40529,0.030549738040005416
test-4053,0.026216930443764126
test-40530,0.014933875144274925
test-40531,0.21473229194100793
test-40532,0.012497362328314113
test-40533,0.01173514733207079
test-40534,0.13613556557811773
test-40535,0.2405807704439342
test-40536,0.012355122837011323
test-40537,0.016643506179691105
test-40538,0.02058374739980951
test-40539,0.03209940474389462
test-4054,0.02464604501209394
test-40540,0.008197223531668137
test-40541,0.03322108121562905
test-40542,0.20186278616276715
test-40543,0.09787796055403811
test-40544,0.05748747159513775
test-40545,0.08268787918095498
test-40546,0.06769227346933265
test-40547,0.06209035351258012
test-40548,0.17967583761534273
test-40549,0.10135147787955867
test-4055,0.21242579060012395
test-40550,0.2894729567421669
test-40551,0.050072736115476156
test-40552,0.08742981472721043
test-40553,0.022382403941902496
test-40554,0.009291361867110555
test-40555,0.01767928956842316
test-40556,0.2685606696600731
test-40557,0.1404644861188887
test-40558,0.04280662989937127
test-40559,0.21895193630539167
test-4056,0.1667271929001814
test-40560,0.17645226684991447
test-40561,0.01789451601444489
test-40562,0.015979677102607594
test-40563,0.1751495388348391
test-40564,0.430373324059837
test-40565,0.038270224602750647
test-40566,0.24866101248604108
test-40567,0.1539568601077027
test-40568,0.06803412447426488
test-40569,0.05579210813657852
test-4057,0.01655102783203052
test-40570,0.2626914887751948
test-40571,0.15294254968444176
test-40572,0.08402159989176528
test-40573,0.011050780121272565
test-40574,0.04028194928484311
test-40575,0.02528340989381963
test-40576,0.02698035466074269
test-40577,0.13867110137738764
test-40578,0.02112962910843307
test-40579,0.28641784713248625
test-4058,0.0174016335534161
test-40580,0.024776584421713908
test-40581,0.13913711119292502
test-40582,0.030381729078190745
test-40583,0.09733983302349702
test-40584,0.16123346190222645
test-40585,0.16349598063760523
test-40586,0.052106776894550434
test-40587,0.06983136155849988
test-40588,0.09443686813556881
test-40589,0.04952401688675589
test-4059,0.10424262673866508
test-40590,0.31742173375053306
test-40591,0.05208940467773335
test-40592,0.038588041913207805
test-40593,0.39492685278082923
test-40594,0.05339307069340168
test-40595,0.38430157697721756
test-40596,0.08003083037374147
test-40597,0.033751205532245324
test-40598,0.32164370948302
test-40599,0.2009222223175807
test-406,0.020574801710993098
test-4060,0.013879614093078998
test-40600,0.010224381445564312
test-40601,0.018636043863927587
test-40602,0.02685134778098905
test-40603,0.0066934879734468836
test-40604,0.04394447522150651
test-40605,0.188832497490162
test-40606,0.12022475162836992
test-40607,0.02672795020772171
test-40608,0.007804537930251559
test-40609,0.10135147787955867
test-4061,0.018017755583305383
test-40610,0.29034691041371474
test-40611,0.025259716288442032
test-40612,0.28532949131581
test-40613,0.18987437592302608
test-40614,0.008880046142926156
test-40615,0.08517108738431098
test-40616,0.3193119921963394
test-40617,0.027153915800426788
test-40618,0.07729352220882418
test-40619,0.029083953643522575
test-4062,0.017570641069852216
test-40620,0.009443580164092307
test-40621,0.01711479655339049
test-40622,0.07628805640640449
test-40623,0.024026921435710308
test-40624,0.02411470990791052
test-40625,0.13231209663486318
test-40626,0.1454354955980532
test-40627,0.010823358649941982
test-40628,0.010697829987255183
test-40629,0.13325231037806867
test-4063,0.06727017728141393
test-40630,0.03492494814696013
test-40631,0.0853951524169083
test-40632,0.2631892593953579
test-40633,0.02352056767332938
test-40634,0.19554661596532474
test-40635,0.042352883813296695
test-40636,0.21951868428204915
test-40637,0.07486266658969896
test-40638,0.31433523055423845
test-40639,0.14599628635738068
test-4064,0.028661765178312443
test-40640,0.1268682408685501
test-40641,0.09155690367178135
test-40642,0.0094606616504549
test-40643,0.12599426555765858
test-40644,0.14883164815055203
test-40645,0.06769227346933265
test-40646,0.14887569696636802
test-40647,0.11678305758367226
test-40648,0.016367581207179342
test-40649,0.02649808838918749
test-4065,0.11706472122443454
test-40650,0.017240460742694773
test-40651,0.034567835042407236
test-40652,0.036420311274797806
test-40653,0.24206607580180978
test-40654,0.01804811351721556
test-40655,0.1910324596128437
test-40656,0.0542267254330554
test-40657,0.25053895917596547
test-40658,0.012893956748893418
test-40659,0.017806216101382086
test-4066,0.02324196355557863
test-40660,0.017272659798922715
test-40661,0.008573758194328727
test-40662,0.034488531638438534
test-40663,0.044200675822435566
test-40664,0.1740915952999668
test-40665,0.013118805545082548
test-40666,0.010565998284237878
test-40667,0.1416292580799192
test-40668,0.04764208920656892
test-40669,0.00855328728980168
test-4067,0.14537488559412517
test-40670,0.09787796055403811
test-40671,0.13404834594226
test-40672,0.14576130222417877
test-40673,0.2462722665547047
test-40674,0.041607102165891044
test-40675,0.007208134908078759
test-40676,0.020436984620475496
test-40677,0.02742795428103626
test-40678,0.11997036437499006
test-40679,0.04822125322638935
test-4068,0.3063945026487164
test-40680,0.021882713482676616
test-40681,0.06674216070479491
test-40682,0.16034050839776864
test-40683,0.039298830976156704
test-40684,0.217145684311671
test-40685,0.040389187653695244
test-40686,0.2717096315695548
test-40687,0.016689137530504414
test-40688,0.04956221459955939
test-40689,0.12000630163554322
test-4069,0.012786583315506868
test-40690,0.015026550838115951
test-40691,0.17708597112540347
test-40692,0.25541852355787653
test-40693,0.04180036522730802
test-40694,0.18703219665321794
test-40695,0.12211425055080982
test-40696,0.01220417273923821
test-40697,0.08437108458785111
test-40698,0.05339307069340168
test-40699,0.010546053950884246
test-407,0.029532127451758438
test-4070,0.10793299685221448
test-40700,0.11295048779432251
test-40701,0.26467280229431395
test-40702,0.018459833278327373
test-40703,0.04578471363632015
test-40704,0.040518265864096605
test-40705,0.024429911743483707
test-40706,0.1732155447192417
test-40707,0.019156646955389788
test-40708,0.1547252234722628
test-40709,0.022258279317505066
test-4071,0.030733226701722065
test-40710,0.005693122418821766
test-40711,0.021819508379241258
test-40712,0.06107244868006746
test-40713,0.20418473994107822
test-40714,0.01497030504655433
test-40715,0.0229905270070961
test-40716,0.027471521470755177
test-40717,0.03504207782327202
test-40718,0.05462756194591165
test-40719,0.03192801653187965
test-4072,0.009513523015146557
test-40720,0.04401121620647341
test-40721,0.005366737689646961
test-40722,0.0707119985986715
test-40723,0.12750083480216265
test-40724,0.09478410778176251
test-40725,0.07664238234392443
test-40726,0.01437242451885258
test-40727,0.05368058579374111
test-40728,0.07896917855603469
test-40729,0.010823358649941982
test-4073,0.08046310382999218
test-40730,0.1657337556591684
test-40731,0.08196973207204497
test-40732,0.2337576892747646
test-40733,0.04264954218373444
test-40734,0.02165774962593733
test-40735,0.05407563812531695
test-40736,0.06588101439873899
test-40737,0.025628917178424703
test-40738,0.0215428521047229
test-40739,0.28983356173263497
test-4074,0.03544080451276304
test-40740,0.283557453752917
test-40741,0.04988899824615252
test-40742,0.37522019054389033
test-40743,0.06886437669466977
test-40744,0.023394195876091296
test-40745,0.09787796055403811
test-40746,0.016420101547123873
test-40747,0.04232545512718548
test-40748,0.1322706706224694
test-40749,0.046231382063488626
test-4075,0.144705697319048
test-40750,0.050634925512219243
test-40751,0.033373273949076576
test-40752,0.009202160455362677
test-40753,0.4016507412109098
test-40754,0.014450625659864066
test-40755,0.28658852668192814
test-40756,0.04355792493641926
test-40757,0.08682943043018958
test-40758,0.1835518712678432
test-40759,0.2414717506502752
test-4076,0.15209825938752886
test-40760,0.02527889988951412
test-40761,0.08227449316788707
test-40762,0.021257425862224275
test-40763,0.11106703225256284
test-40764,0.03231425484253889
test-40765,0.13295798532462222
test-40766,0.01055424249758687
test-40767,0.011201630439494577
test-40768,0.0707119985986715
test-40769,0.009984776730042668
test-4077,0.1861308483049471
test-40770,0.007368081544388647
test-40771,0.023296743297396755
test-40772,0.0342457138265257
test-40773,0.023710278002710573
test-40774,0.010915319991269908
test-40775,0.029774835027712547
test-40776,0.042481423804887404
test-40777,0.20463069887861174
test-40778,0.06259100480523434
test-40779,0.0801953694129738
test-4078,0.07993200893326106
test-40780,0.37559175077801793
test-40781,0.010355893015066375
test-40782,0.03688892664497909
test-40783,0.011965583784747871
test-40784,0.12907563606616154
test-40785,0.009400115051050205
test-40786,0.11226720959507035
test-40787,0.03486415065020565
test-40788,0.017314812909069912
test-40789,0.1664836968147684
test-4079,0.06990640678605382
test-40790,0.1418605334079029
test-40791,0.14805398237349973
test-40792,0.03548528652502801
test-40793,0.018110488444305364
test-40794,0.19863852306277474
test-40795,0.10180102692704329
test-40796,0.01942546682389033
test-40797,0.014439299883781167
test-40798,0.07360344586336832
test-40799,0.0177649875843866
test-408,0.18986537087467417
test-4080,0.037548331903919444
test-40800,0.03331820949358169
test-40801,0.058443292279769334
test-40802,0.05527113041701808
test-40803,0.026049532570148966
test-40804,0.009450799823864719
test-40805,0.04920172373456056
test-40806,0.11627167505604964
test-40807,0.023954275952120102
test-40808,0.06518688175134404
test-40809,0.02036909639343253
test-4081,0.01946532043852654
test-40810,0.1910324596128437
test-40811,0.03382184468729431
test-40812,0.0846182167635542
test-40813,0.006385698688215299
test-40814,0.08003083037374147
test-40815,0.021865609432450285
test-40816,0.022393676732631082
test-40817,0.13781444947790267
test-40818,0.08092252515364681
test-40819,0.01057606918727208
test-4082,0.022633412011298978
test-40820,0.06369526173133343
test-40821,0.02376902772894958
test-40822,0.05339307069340168
test-40823,0.02056555982799177
test-40824,0.0914871347345507
test-40825,0.13971870336034153
test-40826,0.012682503191935911
test-40827,0.0751332706005262
test-40828,0.03808926221621729
test-40829,0.0568490369694713
test-4083,0.17655804934811622
test-40830,0.039380075543640834
test-40831,0.08092093297775947
test-40832,0.02449644764351692
test-40833,0.2975410963956418
test-40834,0.1532456473275676
test-40835,0.011249017373407385
test-40836,0.04327615837828423
test-40837,0.021281797607932876
test-40838,0.08227449316788707
test-40839,0.0829486177089426
test-4084,0.019769992326914735
test-40840,0.16132429168529552
test-40841,0.018444379225240323
test-40842,0.009798825310861138
test-40843,0.015584096551882042
test-40844,0.08342357428036805
test-40845,0.009378351637216068
test-40846,0.2044799643817732
test-40847,0.012367525003989717
test-40848,0.03355403077527231
test-40849,0.01909098000130147
test-4085,0.011879989203129944
test-40850,0.09063307414776647
test-40851,0.30498660218790236
test-40852,0.1412392513966518
test-40853,0.13423470427289372
test-40854,0.11823591611010131
test-40855,0.2789039654831257
test-40856,0.10891174903670928
test-40857,0.007549705814715038
test-40858,0.01473276693902073
test-40859,0.0669392073111586
test-4086,0.04315587774234556
test-40860,0.00600969757846664
test-40861,0.07586625442212216
test-40862,0.020528909172473502
test-40863,0.06015817300968586
test-40864,0.3735338895078914
test-40865,0.016291294800008363
test-40866,0.28022959243939516
test-40867,0.027349030729601927
test-40868,0.15159582453598835
test-40869,0.06855538111828655
test-4087,0.23313255838177574
test-40870,0.02185449202394779
test-40871,0.02527972028957676
test-40872,0.045058646368917196
test-40873,0.013414864622922547
test-40874,0.01782475795498122
test-40875,0.009644095471519582
test-40876,0.08495326345048423
test-40877,0.012692084851514475
test-40878,0.02935652621695361
test-40879,0.02304651775910367
test-4088,0.2561629565814478
test-40880,0.07240425457499185
test-40881,0.06687419110934252
test-40882,0.010789882427026247
test-40883,0.035272357322830315
test-40884,0.40974046193218844
test-40885,0.053303595340111025
test-40886,0.013845968863763618
test-40887,0.013927433928967586
test-40888,0.05451705502500719
test-40889,0.041203341958896314
test-4089,0.012711762604373237
test-40890,0.08661473135242126
test-40891,0.03225725208546367
test-40892,0.07263636332424546
test-40893,0.016111994701668065
test-40894,0.07109185628896596
test-40895,0.03758132345373125
test-40896,0.2613774649893246
test-40897,0.025469187659212567
test-40898,0.1001728034970038
test-40899,0.028562364401948495
test-409,0.032147435043153
test-4090,0.04900034001727561
test-40900,0.08804032750587576
test-40901,0.37969556376182384
test-40902,0.06769227346933265
test-40903,0.01838786561917709
test-40904,0.08110413393213176
test-40905,0.007241640284820464
test-40906,0.017608609227574606
test-40907,0.1322017575394229
test-40908,0.042809857798528896
test-40909,0.3854016561147462
test-4091,0.034123831985368204
test-40910,0.021271758381081012
test-40911,0.024427269322105438
test-40912,0.038675145745108865
test-40913,0.020410790270914084
test-40914,0.045613267664453165
test-40915,0.03136440490365089
test-40916,0.033429029043917396
test-40917,0.056953442342653385
test-40918,0.01171094323294098
test-40919,0.01161266221382221
test-4092,0.33502620395834587
test-40920,0.01992935365376259
test-40921,0.037538304102753425
test-40922,0.057998168092636304
test-40923,0.07870577274007806
test-40924,0.013317270346262454
test-40925,0.035205053891926706
test-40926,0.03957797408190487
test-40927,0.1517594997420943
test-40928,0.02283683502582973
test-40929,0.14895277642188332
test-4093,0.011005398602143788
test-40930,0.029751888064372112
test-40931,0.012541614742933116
test-40932,0.010603827649681027
test-40933,0.01095200505910648
test-40934,0.04785481157573346
test-40935,0.01685314112848397
test-40936,0.04247211975088265
test-40937,0.09787796055403811
test-40938,0.0685769913690541
test-40939,0.039579147011189184
test-4094,0.1715376562315082
test-40940,0.08388182661019795
test-40941,0.0085428617234745
test-40942,0.013275889611065269
test-40943,0.01355813526875852
test-40944,0.021740891784233957
test-40945,0.08962782951307559
test-40946,0.04854487351375475
test-40947,0.06107244868006746
test-40948,0.010110357820776425
test-40949,0.13844485831116107
test-4095,0.00579725626227052
test-40950,0.013535785384697824
test-40951,0.022421438368370312
test-40952,0.01008071878192671
test-40953,0.01959079137459661
test-40954,0.14606788560544928
test-40955,0.010768317936476533
test-40956,0.18552764272821398
test-40957,0.14928289879624207
test-40958,0.03919009169097585
test-40959,0.1897239679097444
test-4096,0.07706400364475845
test-40960,0.12680602381389805
test-40961,0.0707119985986715
test-40962,0.18925649701149452
test-40963,0.013632594220862338
test-40964,0.12663596937894922
test-40965,0.12987408629020752
test-40966,0.04336061570907069
test-40967,0.019045614843017113
test-40968,0.013131820067274274
test-40969,0.011819971761130666
test-4097,0.040982320934822014
test-40970,0.09383885798733116
test-40971,0.13632316857259644
test-40972,0.11320782129883787
test-40973,0.029793220793745995
test-40974,0.015037621777732007
test-40975,0.017905498446497508
test-40976,0.015514309943200636
test-40977,0.28270357979783584
test-40978,0.3895446077198878
test-40979,0.009970833194960133
test-4098,0.00825331714439797
test-40980,0.060342487973820344
test-40981,0.015627419669831208
test-40982,0.022919235420054165
test-40983,0.16744386928085667
test-40984,0.03420273674371125
test-40985,0.14260344371586833
test-40986,0.2754241825800075
test-40987,0.1312457979454207
test-40988,0.38322268198722426
test-40989,0.03957797408190487
test-4099,0.03106669750087048
test-40990,0.011459529652898414
test-40991,0.15773331256034565
test-40992,0.008904972055918234
test-40993,0.010798156657526458
test-40994,0.3252685176818493
test-40995,0.08110413393213176
test-40996,0.03423904405309102
test-40997,0.05542098738766061
test-40998,0.03428316841415857
test-40999,0.3543914204276216
test-41,0.014012751616640076
test-410,0.019098298936567327
test-4100,0.01261594669808209
test-41000,0.02333058018475714
test-41001,0.03148681486548738
test-41002,0.03217148106861156
test-41003,0.04721856924189929
test-41004,0.009723999521648125
test-41005,0.17391759971508555
test-41006,0.018314338146147184
test-41007,0.017275050907294223
test-41008,0.021638666402304756
test-41009,0.017905498446497508
test-4101,0.17150213591478589
test-41010,0.028832642300572225
test-41011,0.22634041040555336
test-41012,0.07507774928302423
test-41013,0.11923583629443969
test-41014,0.010325175883333215
test-41015,0.04638432168150684
test-41016,0.038642494065107766
test-41017,0.04085689545259551
test-41018,0.22301446828966792
test-41019,0.18125678817948226
test-4102,0.014170408017249473
test-41020,0.004207304829531839
test-41021,0.18050599655129393
test-41022,0.009679276378607592
test-41023,0.03664382764195204
test-41024,0.07371413904915344
test-41025,0.28270357979783584
test-41026,0.04744836284985823
test-41027,0.10614470665648988
test-41028,0.26470587811782365
test-41029,0.009425945801421925
test-4103,0.013413849593222216
test-41030,0.026928911826369726
test-41031,0.07736971131561239
test-41032,0.03217148106861156
test-41033,0.020495231270172345
test-41034,0.0741313523368138
test-41035,0.12258397084340847
test-41036,0.08003083037374147
test-41037,0.0576727167099417
test-41038,0.012840349537416158
test-41039,0.19583677559839083
test-4104,0.09127524373432638
test-41040,0.01943569086068191
test-41041,0.20599960185973004
test-41042,0.2507604614235863
test-41043,0.2884651201171048
test-41044,0.09592331201401186
test-41045,0.15604427050365952
test-41046,0.11463046443498286
test-41047,0.01552662032187852
test-41048,0.14645737442001427
test-41049,0.2924725841358489
test-4105,0.03459195766964388
test-41050,0.1681011498357621
test-41051,0.315107226151039
test-41052,0.19298394700847743
test-41053,0.19067378617350836
test-41054,0.1530850992102234
test-41055,0.046471648982552474
test-41056,0.03358880460267008
test-41057,0.016162907457278945
test-41058,0.1579792971818948
test-41059,0.0322560369895652
test-4106,0.3974504042047745
test-41060,0.09442793442436977
test-41061,0.013923233432624854
test-41062,0.07154554671561687
test-41063,0.01902234136660325
test-41064,0.030058788957738027
test-41065,0.1377483993932013
test-41066,0.007554118323808483
test-41067,0.010215511794451694
test-41068,0.12669521753714805
test-41069,0.11544486494856536
test-4107,0.20298356922935926
test-41070,0.019282984525144174
test-41071,0.11328355704599412
test-41072,0.22147259109356918
test-41073,0.19779803539264423
test-41074,0.09442088964773863
test-41075,0.03328294998950389
test-41076,0.09456466912495104
test-41077,0.07958009128105223
test-41078,0.41247203995860604
test-41079,0.013190458556987748
test-4108,0.15154472671397362
test-41080,0.13767943670447405
test-41081,0.12301545112638299
test-41082,0.13805740946504422
test-41083,0.019407912045414245
test-41084,0.008752148507865445
test-41085,0.059780655540322275
test-41086,0.01334549203709419
test-41087,0.1405581776834276
test-41088,0.011911309718069798
test-41089,0.13844485831116107
test-4109,0.012188035328161002
test-41090,0.0669392073111586
test-41091,0.09204347970106215
test-41092,0.10481859758928998
test-41093,0.09748819498807125
test-41094,0.2081842776904659
test-41095,0.17839559737897584
test-41096,0.15413845630869277
test-41097,0.3032406349743543
test-41098,0.013715757523110493
test-41099,0.1843599708417251
test-411,0.01854314771025739
test-4110,0.3503380197404797
test-41100,0.021816510643896295
test-41101,0.07736971131561239
test-41102,0.02562826783735486
test-41103,0.22727253630277416
test-41104,0.26954507424562274
test-41105,0.06414911007912336
test-41106,0.16642731091000174
test-41107,0.019225014086091247
test-41108,0.02485864447152636
test-41109,0.22964504445474215
test-4111,0.017294648885651204
test-41110,0.07886389856148882
test-41111,0.19866754438274062
test-41112,0.033498372434584034
test-41113,0.26224411362922273
test-41114,0.037027962145788434
test-41115,0.31484137116195604
test-41116,0.06321396237772844
test-41117,0.02827639660142324
test-41118,0.04744836284985823
test-41119,0.06127429451742224
test-4112,0.08676426786931425
test-41120,0.1613952628471892
test-41121,0.011697868671197846
test-41122,0.0682210654707025
test-41123,0.0078136549416234
test-41124,0.24782615735307742
test-41125,0.04679125647025102
test-41126,0.03291202026571508
test-41127,0.005481822050088561
test-41128,0.06259100480523434
test-41129,0.013699465548876884
test-4113,0.026603872035614685
test-41130,0.23351716746345824
test-41131,0.023518655305115554
test-41132,0.014100997383893787
test-41133,0.039506269900991015
test-41134,0.02826870782278882
test-41135,0.03902516233390028
test-41136,0.01646869847620356
test-41137,0.0264251902153315
test-41138,0.029938427210117434
test-41139,0.010746940473996111
test-4114,0.015098976650957507
test-41140,0.029766619777573087
test-41141,0.16631020871831356
test-41142,0.09278365050712774
test-41143,0.1437378604134545
test-41144,0.013688633006449468
test-41145,0.017741861158638045
test-41146,0.023748010111485793
test-41147,0.2622163250474332
test-41148,0.15976896863871592
test-41149,0.01663182289740692
test-4115,0.04962240001601552
test-41150,0.018530758728264634
test-41151,0.03598064878506832
test-41152,0.008591948771476019
test-41153,0.019411254231069867
test-41154,0.06281347003155131
test-41155,0.10891174903670928
test-41156,0.015816231652155482
test-41157,0.07240425457499185
test-41158,0.029908283861302135
test-41159,0.013288056750360148
test-4116,0.12861588244291983
test-41160,0.08564839653022803
test-41161,0.31939396202793396
test-41162,0.15374529007601836
test-41163,0.01840991857217198
test-41164,0.02387982994035289
test-41165,0.014299307191582443
test-41166,0.10093982204175307
test-41167,0.02166662969123333
test-41168,0.10704736468204176
test-41169,0.008004296099305358
test-4117,0.05516320967458251
test-41170,0.00881490558630503
test-41171,0.08003083037374147
test-41172,0.022200229781094625
test-41173,0.41992869910961983
test-41174,0.21021478822864095
test-41175,0.020846516394319916
test-41176,0.009353164704530707
test-41177,0.011911170297357875
test-41178,0.03072825682486396
test-41179,0.02398206986845058
test-4118,0.06034131527341203
test-41180,0.33956499122991207
test-41181,0.019110710310681494
test-41182,0.13822369546566912
test-41183,0.023735778264739184
test-41184,0.026811252247951098
test-41185,0.06579002871488651
test-41186,0.070588026558873
test-41187,0.01607756258781002
test-41188,0.22581434605288792
test-41189,0.20952229771519562
test-4119,0.09268724936441676
test-41190,0.018216008436785877
test-41191,0.058651219929557935
test-41192,0.016689137530504414
test-41193,0.0167510808697005
test-41194,0.011838716221458085
test-41195,0.15960910013119103
test-41196,0.016522622661639202
test-41197,0.32580356895529605
test-41198,0.0687732139720173
test-41199,0.046180325156329236
test-412,0.09456466912495104
test-4120,0.1118180091395245
test-41200,0.03267964952678077
test-41201,0.20242396359643944
test-41202,0.24789658860129524
test-41203,0.017395283849665846
test-41204,0.17218792190722687
test-41205,0.0075610121660569084
test-41206,0.25279294403790026
test-41207,0.013176225049527554
test-41208,0.09526063506268198
test-41209,0.009929667889887235
test-4121,0.10893213999898937
test-41210,0.011477555889075486
test-41211,0.045286966116104374
test-41212,0.14998163230656947
test-41213,0.014586121909995687
test-41214,0.12819412947753134
test-41215,0.013383026999577774
test-41216,0.065929711779721
test-41217,0.13585380255420382
test-41218,0.1520642126707406
test-41219,0.05591491040930066
test-4122,0.03944621867331062
test-41220,0.04744836284985823
test-41221,0.10462637008954864
test-41222,0.011283468635316981
test-41223,0.03208025943874387
test-41224,0.024623333345765264
test-41225,0.4063727899228229
test-41226,0.01153570365024068
test-41227,0.08719755038109307
test-41228,0.01848837525512453
test-41229,0.019993698050231035
test-4123,0.030208059513755714
test-41230,0.01308335386508994
test-41231,0.08219192647824698
test-41232,0.07057214286884306
test-41233,0.020075631071077266
test-41234,0.03217966055557808
test-41235,0.047047885255093985
test-41236,0.011752362280644644
test-41237,0.20985336492607748
test-41238,0.03503305990615006
test-41239,0.015268220588564219
test-4124,0.1869395285173415
test-41240,0.03183638224286899
test-41241,0.07066391180041305
test-41242,0.029106247418910103
test-41243,0.011635607838672953
test-41244,0.03358767970690669
test-41245,0.1917216816588059
test-41246,0.1383692580304007
test-41247,0.3937301534634637
test-41248,0.07111272846563499
test-41249,0.006499400461673415
test-4125,0.28691863804485573
test-41250,0.04270787849171132
test-41251,0.01733523702482642
test-41252,0.020593712228761815
test-41253,0.266760378131411
test-41254,0.024909235730711486
test-41255,0.017384987965574222
test-41256,0.02513626170149482
test-41257,0.13844485831116107
test-41258,0.01485358629993815
test-41259,0.036433909370826786
test-4126,0.014331144642753682
test-41260,0.02310638443746645
test-41261,0.030755259014961907
test-41262,0.010413415592940841
test-41263,0.030996785529082714
test-41264,0.0846182167635542
test-41265,0.22367190971865986
test-41266,0.15300860937579738
test-41267,0.08661128354520885
test-41268,0.11194209884411697
test-41269,0.13444313501364855
test-4127,0.14204146009025956
test-41270,0.0166127187786207
test-41271,0.06553162546602764
test-41272,0.1704689652926061
test-41273,0.024868962794795772
test-41274,0.17819095542755786
test-41275,0.05143341550618335
test-41276,0.020206410805664064
test-41277,0.19992946850125828
test-41278,0.09860381645007209
test-41279,0.009604356201225977
test-4128,0.283334523763914
test-41280,0.31109044165130173
test-41281,0.017701393651391912
test-41282,0.31857905812667725
test-41283,0.0307611122875124
test-41284,0.08780291058179471
test-41285,0.030133840632179373
test-41286,0.01654180728128471
test-41287,0.10254492839950222
test-41288,0.009883207207340289
test-41289,0.2755737739693824
test-4129,0.07291132819368548
test-41290,0.01255676831104394
test-41291,0.0493931147911267
test-41292,0.21830389070169862
test-41293,0.09673533330374554
test-41294,0.1313395705021038
test-41295,0.15765861116990001
test-41296,0.03473425418876985
test-41297,0.008963332509482929
test-41298,0.13818036891300364
test-41299,0.08453398611399622
test-413,0.10135147787955867
test-4130,0.030010369055714733
test-41300,0.03405621913201244
test-41301,0.11836764057752272
test-41302,0.01672717353251635
test-41303,0.02068835392651792
test-41304,0.01508667798586866
test-41305,0.24052600417000267
test-41306,0.021435200983631587
test-41307,0.10812230317096443
test-41308,0.019282984525144174
test-41309,0.005638263736733503
test-4131,0.020192620459502774
test-41310,0.07440784221638512
test-41311,0.02759995246664544
test-41312,0.053754856039856025
test-41313,0.010823358649941982
test-41314,0.02523888458195131
test-41315,0.079085343038518
test-41316,0.1514445763408358
test-41317,0.014732335552571715
test-41318,0.17645226684991447
test-41319,0.13924623671144987
test-4132,0.037486638302877136
test-41320,0.05164978459351928
test-41321,0.013305549181691868
test-41322,0.0215428521047229
test-41323,0.014127126033660618
test-41324,0.028994501473925367
test-41325,0.04167562980021376
test-41326,0.11794603577740274
test-41327,0.022056466302850405
test-41328,0.05187873567297423
test-41329,0.007692118412331058
test-4133,0.27492881365556565
test-41330,0.0669392073111586
test-41331,0.03944621867331062
test-41332,0.17203951682458726
test-41333,0.006433142432983412
test-41334,0.024957643002636674
test-41335,0.03258001413086252
test-41336,0.04973803027372902
test-41337,0.2429712953115778
test-41338,0.15241633641152563
test-41339,0.028370967644374405
test-4134,0.24706073726860842
test-41340,0.03183798661852236
test-41341,0.29117967209307344
test-41342,0.04992602504619911
test-41343,0.07808885555503957
test-41344,0.0720821459433645
test-41345,0.009718892086027503
test-41346,0.05708960199807981
test-41347,0.05646641301664391
test-41348,0.07765548192385864
test-41349,0.04431976205102308
test-4135,0.057729762847215385
test-41350,0.20790840673921557
test-41351,0.015362159719439604
test-41352,0.017806476855204017
test-41353,0.12779290743421867
test-41354,0.1313395705021038
test-41355,0.035363476721896436
test-41356,0.04664662810661034
test-41357,0.014232753061899294
test-41358,0.013688484779037148
test-41359,0.25442283393946014
test-4136,0.011336923781277826
test-41360,0.18632048590751907
test-41361,0.010500596063436915
test-41362,0.1475302903172041
test-41363,0.3037606026341104
test-41364,0.31663762959490804
test-41365,0.20294504181054926
test-41366,0.1080143110871146
test-41367,0.02281740537612365
test-41368,0.010155138046899615
test-41369,0.07154554671561687
test-4137,0.03229667597395693
test-41370,0.014371662010114477
test-41371,0.03960448479979475
test-41372,0.0765176442062777
test-41373,0.08309052589759881
test-41374,0.05157656535148373
test-41375,0.04943802286703892
test-41376,0.0682210654707025
test-41377,0.14660621249274897
test-41378,0.016518651640595582
test-41379,0.12758664524518734
test-4138,0.029130968376789253
test-41380,0.014390435141183296
test-41381,0.03274589835203147
test-41382,0.019709258350595765
test-41383,0.1608227889021725
test-41384,0.1964809061295175
test-41385,0.02755011182156597
test-41386,0.13035538654100154
test-41387,0.26487458386896234
test-41388,0.19284297600218142
test-41389,0.07667405782000848
test-4139,0.1449201858236227
test-41390,0.25908665760865524
test-41391,0.013176459989190079
test-41392,0.030407609864008076
test-41393,0.024375368929576494
test-41394,0.08776149489288193
test-41395,0.013830854679286304
test-41396,0.19803059631253564
test-41397,0.017722161295126018
test-41398,0.030355347421153596
test-41399,0.0707119985986715
test-414,0.03355724863031385
test-4140,0.1869862259410365
test-41400,0.027081556979276857
test-41401,0.1394463013726253
test-41402,0.1954057287844395
test-41403,0.022022932627505716
test-41404,0.04676540831963225
test-41405,0.012711762604373237
test-41406,0.06153591464206393
test-41407,0.1100452171781606
test-41408,0.02845644211677869
test-41409,0.35538926173102126
test-4141,0.07298869734621856
test-41410,0.08676426786931425
test-41411,0.0975388544210038
test-41412,0.13427187521081005
test-41413,0.03676609393748185
test-41414,0.11367824241919201
test-41415,0.1395128544894089
test-41416,0.022683937384071578
test-41417,0.04816760026774147
test-41418,0.06855538111828655
test-41419,0.0380040688478608
test-4142,0.16718130913849558
test-41420,0.23081404834655106
test-41421,0.010094692488675285
test-41422,0.0639315275991074
test-41423,0.04654415330795881
test-41424,0.02666312110998093
test-41425,0.015809891377191725
test-41426,0.08080188377216856
test-41427,0.08837805056480814
test-41428,0.20278898223707745
test-41429,0.03617306902540958
test-4143,0.054499736426329444
test-41430,0.00888639433182654
test-41431,0.06465891029253545
test-41432,0.2442426079337519
test-41433,0.014306002372027522
test-41434,0.2415208982290593
test-41435,0.00690743921420447
test-41436,0.049744957843033503
test-41437,0.006075532466922251
test-41438,0.18946653860410034
test-41439,0.08211208195537954
test-4144,0.1524410745484917
test-41440,0.05504631458653404
test-41441,0.13164283846890149
test-41442,0.1936031030307629
test-41443,0.20820802953139125
test-41444,0.006541911650541502
test-41445,0.04478080690670525
test-41446,0.16696100891292529
test-41447,0.045235036055545984
test-41448,0.008642679250386117
test-41449,0.05036434181547101
test-4145,0.013259225004508093
test-41450,0.0846182167635542
test-41451,0.019799860741114898
test-41452,0.09658911880060582
test-41453,0.04027406813871284
test-41454,0.0687732139720173
test-41455,0.1809768038128188
test-41456,0.06533608946618752
test-41457,0.031048984849524962
test-41458,0.057738957094061565
test-41459,0.12128724716839899
test-4146,0.3093113758151918
test-41460,0.022866670692999476
test-41461,0.22406098396128918
test-41462,0.12694193763025183
test-41463,0.12580163915973033
test-41464,0.009497365198486823
test-41465,0.011082051018715226
test-41466,0.014400532943784928
test-41467,0.01247679791262505
test-41468,0.030264595649004456
test-41469,0.007730429659620492
test-4147,0.15486188442127288
test-41470,0.0197118288222095
test-41471,0.1666945221037595
test-41472,0.01706949004796284
test-41473,0.14065679573849285
test-41474,0.04869423385997624
test-41475,0.15002425363659685
test-41476,0.017675663106265466
test-41477,0.016652403729787484
test-41478,0.014631292536113123
test-41479,0.05503950122178352
test-4148,0.08544542663823791
test-41480,0.023495085376777535
test-41481,0.011489174593517204
test-41482,0.1069458303982956
test-41483,0.01884783290337287
test-41484,0.224096724088079
test-41485,0.029962301639045983
test-41486,0.02299636406136322
test-41487,0.016621256528210504
test-41488,0.009011467027819506
test-41489,0.2990330132548292
test-4149,0.13174327415661558
test-41490,0.10463358054030938
test-41491,0.012854251621491427
test-41492,0.040036434232552064
test-41493,0.0146535111460774
test-41494,0.019420200855062745
test-41495,0.06983136155849988
test-41496,0.027609046057916236
test-41497,0.09628070857692574
test-41498,0.1844552504459823
test-41499,0.02726719037483466
test-415,0.31324180846028116
test-4150,0.03587835060031515
test-41500,0.031068778261831843
test-41501,0.07736971131561239
test-41502,0.02850747460483943
test-41503,0.005784957698054079
test-41504,0.11218268997261759
test-41505,0.0669392073111586
test-41506,0.010783522248820761
test-41507,0.1400227533026136
test-41508,0.02021706143915149
test-41509,0.01787324844662315
test-4151,0.02902881635790882
test-41510,0.017844732985847486
test-41511,0.03266630975378401
test-41512,0.28975349199941075
test-41513,0.12129386236230819
test-41514,0.06107244868006746
test-41515,0.17645226684991447
test-41516,0.31550847351172256
test-41517,0.021706250473822547
test-41518,0.017118343949430473
test-41519,0.023635566365422692
test-4152,0.008130597150617282
test-41520,0.015845178083887666
test-41521,0.02102741019783831
test-41522,0.07761533077347753
test-41523,0.13268319110367593
test-41524,0.017898490386284115
test-41525,0.06721393631980155
test-41526,0.11089375343584064
test-41527,0.028774654736953113
test-41528,0.21678991858611896
test-41529,0.025676258588029573
test-4153,0.043653899513224625
test-41530,0.060715688739796145
test-41531,0.3799805551282675
test-41532,0.017710376571475377
test-41533,0.12783955954737944
test-41534,0.19869689109804084
test-41535,0.015841761047536332
test-41536,0.06986194723583708
test-41537,0.010917411568217045
test-41538,0.11412015650690727
test-41539,0.13400095998380476
test-4154,0.17866971403334111
test-41540,0.1614081155689679
test-41541,0.12819412947753134
test-41542,0.08104436183233167
test-41543,0.14059696898883434
test-41544,0.2651197345118816
test-41545,0.028867480237060657
test-41546,0.29865062235623424
test-41547,0.0669392073111586
test-41548,0.07025620681047116
test-41549,0.14200410697847526
test-4155,0.0861915504119661
test-41550,0.07260020379080155
test-41551,0.09240245396379726
test-41552,0.20499118720238596
test-41553,0.01137485373905894
test-41554,0.053811367512044614
test-41555,0.0669392073111586
test-41556,0.037141157929713564
test-41557,0.012092814629652103
test-41558,0.012750078353881809
test-41559,0.18811885821630933
test-4156,0.03618460483841479
test-41560,0.058476861579279435
test-41561,0.3959971665731768
test-41562,0.13938574877773244
test-41563,0.2556783350943121
test-41564,0.18343652567004148
test-41565,0.061309903037250466
test-41566,0.33932693179455037
test-41567,0.22778739739758228
test-41568,0.289374092624538
test-41569,0.030295015355215744
test-4157,0.13822705897562174
test-41570,0.013137755519235255
test-41571,0.010814373547251776
test-41572,0.0669392073111586
test-41573,0.01469617150515897
test-41574,0.028764526117268947
test-41575,0.031079647919758934
test-41576,0.011061727218160388
test-41577,0.16009351691706872
test-41578,0.27293604809008043
test-41579,0.03930950426334231
test-4158,0.21338169799400372
test-41580,0.010894618632715925
test-41581,0.060083999720491665
test-41582,0.0969362405368224
test-41583,0.03176508645275685
test-41584,0.04965299114978177
test-41585,0.019564460660558926
test-41586,0.030426001836929693
test-41587,0.040749367449237336
test-41588,0.017916804217872114
test-41589,0.1512064449303265
test-4159,0.10598981372122487
test-41590,0.26695216524588106
test-41591,0.36495460446170874
test-41592,0.026766562240063786
test-41593,0.11548251408340152
test-41594,0.028863774751954275
test-41595,0.02403168801781399
test-41596,0.10849311745818162
test-41597,0.16695447271917302
test-41598,0.021429125364641415
test-41599,0.17764014869651854
test-416,0.08045197082999651
test-4160,0.028916190444166285
test-41600,0.018499103423118612
test-41601,0.0669392073111586
test-41602,0.2868342432363889
test-41603,0.027471521470755177
test-41604,0.02491611892048358
test-41605,0.057784776742759524
test-41606,0.2139988978765875
test-41607,0.2044799643817732
test-41608,0.09738955457702814
test-41609,0.07096446565888062
test-4161,0.05529032289567519
test-41610,0.14003344992509073
test-41611,0.12464065141340588
test-41612,0.12638888383053967
test-41613,0.14170233987366157
test-41614,0.16503503580434714
test-41615,0.23783588222185229
test-41616,0.1625724200561564
test-41617,0.017828646046864606
test-41618,0.07962666612854107
test-41619,0.15701630716024761
test-4162,0.01569945267850606
test-41620,0.11169582920177056
test-41621,0.2121328172652778
test-41622,0.389606039667169
test-41623,0.13191292311070837
test-41624,0.013444946971638425
test-41625,0.08143932604474773
test-41626,0.11412015650690727
test-41627,0.23417267350220197
test-41628,0.02517167588629617
test-41629,0.1453884414604033
test-4163,0.01860073743455934
test-41630,0.25046641771365236
test-41631,0.025099659730748205
test-41632,0.022487211025233933
test-41633,0.06102478495097998
test-41634,0.022460614183830573
test-41635,0.014634389909309545
test-41636,0.24052600417000267
test-41637,0.04201587544696237
test-41638,0.12819412947753134
test-41639,0.1245626394645788
test-4164,0.011387005250605457
test-41640,0.03610784131277542
test-41641,0.21262008221367404
test-41642,0.026346351996358302
test-41643,0.15749745355469272
test-41644,0.011629676560138186
test-41645,0.047993435583829194
test-41646,0.26342351271291337
test-41647,0.01606017908587022
test-41648,0.01572150742998399
test-41649,0.013160390718781702
test-4165,0.015683792948378204
test-41650,0.008706288559388584
test-41651,0.020133536822865075
test-41652,0.00704626831042366
test-41653,0.2738354585056015
test-41654,0.008962999508079045
test-41655,0.007863580652676984
test-41656,0.015953022672617802
test-41657,0.07665008133647042
test-41658,0.09072734222619955
test-41659,0.02024681269764035
test-4166,0.03616078791487603
test-41660,0.014191248752523422
test-41661,0.15360792415160465
test-41662,0.29996707000939665
test-41663,0.01954836814299887
test-41664,0.15842677742730876
test-41665,0.011649461521885238
test-41666,0.17901354414669418
test-41667,0.026455225770129386
test-41668,0.07198406682555529
test-41669,0.2590734432144306
test-4167,0.1321028083888803
test-41670,0.08133316163420039
test-41671,0.28097426868046677
test-41672,0.2227445694849043
test-41673,0.024145625036572638
test-41674,0.35776714397829706
test-41675,0.15832096576289353
test-41676,0.31380257983712506
test-41677,0.01199848611600324
test-41678,0.013325677631487818
test-41679,0.06226178928578898
test-4168,0.10374829811955982
test-41680,0.03716735050833476
test-41681,0.11543498080582862
test-41682,0.2726649999606888
test-41683,0.3654293214303686
test-41684,0.1508126009690024
test-41685,0.23085528752769593
test-41686,0.08287687233596294
test-41687,0.023501658820906383
test-41688,0.050678187935530826
test-41689,0.006504560776197895
test-4169,0.04638788829223343
test-41690,0.010270794367973667
test-41691,0.23009412794169554
test-41692,0.3746766445775233
test-41693,0.026198037676750368
test-41694,0.01764599437161067
test-41695,0.04252105837468247
test-41696,0.10135147787955867
test-41697,0.0210783768133071
test-41698,0.05461538397441759
test-41699,0.1683767192582413
test-417,0.00659724246443451
test-4170,0.3885710522055325
test-41700,0.1763370768853966
test-41701,0.013496677057766854
test-41702,0.02532537489921239
test-41703,0.02173281976241227
test-41704,0.07746178371348611
test-41705,0.013207365529121622
test-41706,0.015493113806840415
test-41707,0.023449154016755736
test-41708,0.08474693944463584
test-41709,0.012518380240668722
test-4171,0.017518390056657663
test-41710,0.08641688372954527
test-41711,0.0075231111030754924
test-41712,0.11607553849948815
test-41713,0.17368789993803732
test-41714,0.16038940507542704
test-41715,0.2604785960558474
test-41716,0.05076516309563659
test-41717,0.07781457099818978
test-41718,0.1461234756608596
test-41719,0.2543626303125082
test-4172,0.07825494205883345
test-41720,0.0182710354945748
test-41721,0.15442672348743294
test-41722,0.09673533330374554
test-41723,0.015095226261824184
test-41724,0.06179959744142639
test-41725,0.19350796139511042
test-41726,0.006122149168099321
test-41727,0.01528704723259445
test-41728,0.04252105837468247
test-41729,0.04907682622104481
test-4173,0.01847960504535562
test-41730,0.013647571363972098
test-41731,0.022967973297170055
test-41732,0.018373756585598193
test-41733,0.044810705227951615
test-41734,0.008838664708276246
test-41735,0.06983136155849988
test-41736,0.013013832443110352
test-41737,0.33572615436878345
test-41738,0.2066664016818485
test-41739,0.029106821458700364
test-4174,0.07086895511108486
test-41740,0.18899032511689665
test-41741,0.13638109899728915
test-41742,0.01789535188041588
test-41743,0.1666025006369793
test-41744,0.12617093025526127
test-41745,0.01478742316297524
test-41746,0.02173227989977162
test-41747,0.010003654160695801
test-41748,0.06781380097307002
test-41749,0.09707144437488864
test-4175,0.042105493512795585
test-41750,0.0923623634407965
test-41751,0.08751643486224571
test-41752,0.12663596937894922
test-41753,0.15124236461021578
test-41754,0.06259100480523434
test-41755,0.021070433720714956
test-41756,0.3247105989631317
test-41757,0.006017399518256915
test-41758,0.32072693085634246
test-41759,0.03728856236576089
test-4176,0.07912674021394536
test-41760,0.015506265331224262
test-41761,0.05015468531813707
test-41762,0.006876938457232861
test-41763,0.046715372308366705
test-41764,0.2539050447320031
test-41765,0.17088244677021927
test-41766,0.012255174050204347
test-41767,0.04396738502316012
test-41768,0.12664058815468698
test-41769,0.027942429338140156
test-4177,0.012206739119069792
test-41770,0.1573684889121771
test-41771,0.04928865328355653
test-41772,0.11870075745869871
test-41773,0.39751571500852867
test-41774,0.08125056817806493
test-41775,0.08003083037374147
test-41776,0.1870604381637715
test-41777,0.014680587224061653
test-41778,0.07597020688499134
test-41779,0.014331144642753682
test-4178,0.042497420554333656
test-41780,0.020739379941251388
test-41781,0.03695706608081809
test-41782,0.197286025661373
test-41783,0.009970833194960133
test-41784,0.27875234877432126
test-41785,0.15090244974456674
test-41786,0.03406877682226695
test-41787,0.0846182167635542
test-41788,0.0380040688478608
test-41789,0.2215888391985209
test-4179,0.019594745409196316
test-41790,0.011712700157931915
test-41791,0.148840082485034
test-41792,0.04688163618239434
test-41793,0.012244450450738286
test-41794,0.04356322622725781
test-41795,0.06668690513306377
test-41796,0.02567918176028148
test-41797,0.005590948324902465
test-41798,0.10531260316740397
test-41799,0.04579580183560496
test-418,0.03926921226110594
test-4180,0.059591419763065555
test-41800,0.04252105837468247
test-41801,0.10143812076197072
test-41802,0.03589812939026781
test-41803,0.012399060418945528
test-41804,0.06613128233036399
test-41805,0.18233041260119667
test-41806,0.2613957967660266
test-41807,0.03885232088382852
test-41808,0.02576253633520363
test-41809,0.027089923735697397
test-4181,0.0372063949757952
test-41810,0.10179144465122647
test-41811,0.012031556948056493
test-41812,0.022571851583454622
test-41813,0.06955178176983638
test-41814,0.012422189123225855
test-41815,0.045333195227068274
test-41816,0.029589089253692424
test-41817,0.028379023249978114
test-41818,0.00514030887446044
test-41819,0.01275946373906352
test-4182,0.08646582555188921
test-41820,0.010352613314652325
test-41821,0.06794476528463178
test-41822,0.02071941127687697
test-41823,0.18595374328700767
test-41824,0.03298635089512391
test-41825,0.015473266737853469
test-41826,0.046738595703042556
test-41827,0.05172427443310064
test-41828,0.19294375121055288
test-41829,0.05950017199337657
test-4183,0.14939950256204093
test-41830,0.008164606270353371
test-41831,0.13669402864786487
test-41832,0.3232967196923395
test-41833,0.06874946918377253
test-41834,0.01807063403154032
test-41835,0.26129216182336673
test-41836,0.2870051542861202
test-41837,0.013168396276322976
test-41838,0.08130448258333177
test-41839,0.008394067847488612
test-4184,0.0734238194770512
test-41840,0.07107069662199642
test-41841,0.2656396694509039
test-41842,0.1400093425784191
test-41843,0.015975983231669048
test-41844,0.06453880992043533
test-41845,0.008659637153851802
test-41846,0.022712246630313574
test-41847,0.022775479189902696
test-41848,0.007675016767968677
test-41849,0.055431216384004445
test-4185,0.08423790248189054
test-41850,0.09840132833249529
test-41851,0.06845179840037012
test-41852,0.011496392604301091
test-41853,0.03208144975901567
test-41854,0.0766929969879643
test-41855,0.018129909838664107
test-41856,0.19368958520660529
test-41857,0.10967201998540403
test-41858,0.06965817936723019
test-41859,0.1877329533163558
test-4186,0.07516937056123614
test-41860,0.01787324844662315
test-41861,0.0577294976541168
test-41862,0.13865269327230986
test-41863,0.19920175058196082
test-41864,0.02713682064389846
test-41865,0.020944623666427728
test-41866,0.02906160950375989
test-41867,0.05015468531813707
test-41868,0.007166505656881142
test-41869,0.09860381645007209
test-4187,0.01195161887176534
test-41870,0.026445727604708123
test-41871,0.012614470914390004
test-41872,0.07896917855603469
test-41873,0.019972716601966405
test-41874,0.14299821162535611
test-41875,0.02637654246554918
test-41876,0.12891837093973849
test-41877,0.040749367449237336
test-41878,0.028376980115025992
test-41879,0.04055606499052137
test-4188,0.08440367075848065
test-41880,0.07137135176439352
test-41881,0.11232505919472734
test-41882,0.047903445604275556
test-41883,0.03902516233390028
test-41884,0.023082447354744035
test-41885,0.04398634944360114
test-41886,0.040589548757239094
test-41887,0.08124040518273115
test-41888,0.2731022870017334
test-41889,0.04260586210483965
test-4189,0.018141102389690588
test-41890,0.024426374191674472
test-41891,0.019983126226391833
test-41892,0.010575458596761149
test-41893,0.3467178351795515
test-41894,0.019134093432163997
test-41895,0.08181116950240602
test-41896,0.11085221417392527
test-41897,0.05143341550618335
test-41898,0.094910664856985
test-41899,0.00996965857483738
test-419,0.040532793689842556
test-4190,0.2587278916940484
test-41900,0.013011344042646172
test-41901,0.011759554855242882
test-41902,0.025731915926147028
test-41903,0.0155081688562706
test-41904,0.18418539639569032
test-41905,0.008448667916865832
test-41906,0.010288857239136225
test-41907,0.04051182369827448
test-41908,0.05325193425670879
test-41909,0.009330408649748113
test-4191,0.007864687884397694
test-41910,0.3985236840280423
test-41911,0.13705507095216699
test-41912,0.024655648878492083
test-41913,0.04541615790330583
test-41914,0.016646032686870885
test-41915,0.008785413096090634
test-41916,0.03394517755049771
test-41917,0.07771558515616006
test-41918,0.13775918575813118
test-41919,0.08687643150822559
test-4192,0.030090466134410472
test-41920,0.010874575515640921
test-41921,0.09598450543555212
test-41922,0.03276269285958092
test-41923,0.13520963756398394
test-41924,0.22387032673008955
test-41925,0.03089850300163805
test-41926,0.019898233888546963
test-41927,0.16168667451342147
test-41928,0.015511267105926764
test-41929,0.11670026073941968
test-4193,0.08827326953732778
test-41930,0.03271248164303256
test-41931,0.023502596379827434
test-41932,0.09114558368070591
test-41933,0.16465244641110913
test-41934,0.0081598220852769
test-41935,0.07779925044998214
test-41936,0.0086557171932339
test-41937,0.02867062431842925
test-41938,0.033612990576640765
test-41939,0.3609642290707718
test-4194,0.2933422986879072
test-41940,0.019669743624877205
test-41941,0.02615542335957339
test-41942,0.034462792400414846
test-41943,0.24048057354442035
test-41944,0.015976022672675602
test-41945,0.31380257983712506
test-41946,0.028094808743221105
test-41947,0.009446872536829147
test-41948,0.04115917379384021
test-41949,0.1508126009690024
test-4195,0.009735359846238334
test-41950,0.010892922003139698
test-41951,0.16695447271917302
test-41952,0.006223620810463278
test-41953,0.01337133849974227
test-41954,0.03240283995213259
test-41955,0.01803369555563183
test-41956,0.02530786781746349
test-41957,0.10841711439225292
test-41958,0.014836330235186792
test-41959,0.11087860838449479
test-4196,0.010855772688995572
test-41960,0.011043478585006922
test-41961,0.022026939303195818
test-41962,0.10823389218568599
test-41963,0.029109702874330633
test-41964,0.04714036960103035
test-41965,0.21154323241674428
test-41966,0.014390477085816452
test-41967,0.02649808838918749
test-41968,0.13327320387106362
test-41969,0.11897446752449774
test-4197,0.18226755456400928
test-41970,0.22377191927149712
test-41971,0.033102649152189224
test-41972,0.02002234307441939
test-41973,0.01130829912094422
test-41974,0.17229780792331906
test-41975,0.026826381249722087
test-41976,0.04201587544696237
test-41977,0.02129218913736681
test-41978,0.027471521470755177
test-41979,0.01729251584132057
test-4198,0.3088846073371973
test-41980,0.083179273703619
test-41981,0.018407204149605692
test-41982,0.12619418050506956
test-41983,0.11930970322934926
test-41984,0.1839382818481928
test-41985,0.034727044369751804
test-41986,0.044094985021091285
test-41987,0.09013760971878192
test-41988,0.011762480302304661
test-41989,0.058610515969211616
test-4199,0.03648173071962281
test-41990,0.08396915136018084
test-41991,0.1543693773528168
test-41992,0.014803468390678021
test-41993,0.2861105927733099
test-41994,0.12150024122395812
test-41995,0.040538147814358924
test-41996,0.03563965779772
test-41997,0.1245234296640492
test-41998,0.07660885112926005
test-41999,0.0733851634575578
test-42,0.03808844605830796
test-420,0.02850747460483943
test-4200,0.0846182167635542
test-42000,0.16945143029852916
test-42001,0.015501143928431476
test-42002,0.13811980195921786
test-42003,0.013715616071482
test-42004,0.232416133745816
test-42005,0.20762732894651464
test-42006,0.030859727091957598
test-42007,0.010667912039898267
test-42008,0.24392049193018883
test-42009,0.1424662667174827
test-4201,0.019726577534961123
test-42010,0.00899916137985698
test-42011,0.027015346138830585
test-42012,0.021528998302298402
test-42013,0.031434633053819876
test-42014,0.14584971832814003
test-42015,0.16695447271917302
test-42016,0.07522635598575249
test-42017,0.1790195098675764
test-42018,0.029464430150035102
test-42019,0.05487776745599645
test-4202,0.0860614767664326
test-42020,0.016624620432199585
test-42021,0.1488321704233929
test-42022,0.011043429187046679
test-42023,0.007007598165042402
test-42024,0.02330487072138532
test-42025,0.16751972283335279
test-42026,0.019149683836689007
test-42027,0.01806397258992406
test-42028,0.09787796055403811
test-42029,0.020959672721489644
test-4203,0.04744836284985823
test-42030,0.32532431879148976
test-42031,0.020687851181157867
test-42032,0.04332789566163858
test-42033,0.10654459372968364
test-42034,0.1117367357566272
test-42035,0.021323297275729333
test-42036,0.024999485931364526
test-42037,0.05958155242124759
test-42038,0.05211917218151602
test-42039,0.27416490326413484
test-4204,0.04572281422043427
test-42040,0.037882409284251996
test-42041,0.032170920730141224
test-42042,0.2586038504128228
test-42043,0.027359722491477834
test-42044,0.06420007752483632
test-42045,0.2251829819180346
test-42046,0.14453751086614683
test-42047,0.009055947807595133
test-42048,0.09239917256567508
test-42049,0.08104436183233167
test-4205,0.01945421785922473
test-42050,0.21277458172931707
test-42051,0.013220452002071668
test-42052,0.25631973422117427
test-42053,0.22147259109356918
test-42054,0.16277528725854978
test-42055,0.3612587555780802
test-42056,0.009104156549154366
test-42057,0.13674861736221242
test-42058,0.10634098973460665
test-42059,0.17815295821523633
test-4206,0.09751873698518972
test-42060,0.18025014569770023
test-42061,0.02139702294584386
test-42062,0.2617480780356112
test-42063,0.016175125312064345
test-42064,0.1986486508837157
test-42065,0.008682626888799047
test-42066,0.1922058650765384
test-42067,0.25525976544944223
test-42068,0.07739827303690335
test-42069,0.033002704390462496
test-4207,0.06866260127631668
test-42070,0.17849422082097788
test-42071,0.008983746185132039
test-42072,0.013089796519355877
test-42073,0.009578703891479834
test-42074,0.029466758793478664
test-42075,0.007968735005577087
test-42076,0.20717025595612493
test-42077,0.15744390638708367
test-42078,0.29827120591249473
test-42079,0.023829191567309005
test-4208,0.18523064761350552
test-42080,0.014144089009978073
test-42081,0.030162510632415707
test-42082,0.011467637309613483
test-42083,0.05462704556600807
test-42084,0.014796640251346511
test-42085,0.08218816357502078
test-42086,0.264649412592233
test-42087,0.18805298566402961
test-42088,0.027471521470755177
test-42089,0.009151650673356835
test-4209,0.02424455288895962
test-42090,0.055900794993641034
test-42091,0.011549476608020937
test-42092,0.07278892182117214
test-42093,0.20373315736736042
test-42094,0.06794476528463178
test-42095,0.1365015305892085
test-42096,0.024614024096678396
test-42097,0.06815154667133937
test-42098,0.023090163455052284
test-42099,0.006989784677616683
test-421,0.018812847670322118
test-4210,0.1034684707776198
test-42100,0.0786951884738208
test-42101,0.028404309898534003
test-42102,0.010795606426408748
test-42103,0.013735814186933397
test-42104,0.02585536470500714
test-42105,0.010753674281686417
test-42106,0.06989588257000236
test-42107,0.016326540547028905
test-42108,0.1867944876384842
test-42109,0.046009648738188004
test-4211,0.06749399171461147
test-42110,0.1749878887081383
test-42111,0.04471322499399085
test-42112,0.007941880632707052
test-42113,0.1543693773528168
test-42114,0.07097412885645901
test-42115,0.06213777884261275
test-42116,0.031937838445595175
test-42117,0.018121930563261095
test-42118,0.08722552421233411
test-42119,0.34564284678582513
test-4212,0.013620382156434737
test-42120,0.17645226684991447
test-42121,0.11803087843920418
test-42122,0.020176807633974274
test-42123,0.04674222260329151
test-42124,0.03611765593353293
test-42125,0.08132613615659831
test-42126,0.01610970419971199
test-42127,0.14653560068734536
test-42128,0.13775918575813118
test-42129,0.031141542681424886
test-4213,0.16546629200861182
test-42130,0.02364632233195905
test-42131,0.11652943847326329
test-42132,0.09967644328909026
test-42133,0.01992059990090833
test-42134,0.13843797415754588
test-42135,0.09459023001880597
test-42136,0.12756464018589395
test-42137,0.053338748715678286
test-42138,0.08003083037374147
test-42139,0.1728118362695037
test-4214,0.08750378573933279
test-42140,0.026850906612904943
test-42141,0.09817613252489897
test-42142,0.2543791248583513
test-42143,0.009680580796197678
test-42144,0.006971521069376922
test-42145,0.02731691582210952
test-42146,0.07677713478135632
test-42147,0.019749148956651492
test-42148,0.017152811657356277
test-42149,0.03792188982378308
test-4215,0.00733237105959182
test-42150,0.026237974442304437
test-42151,0.0179377691374208
test-42152,0.3051665760950381
test-42153,0.02288407830991441
test-42154,0.08818179960789913
test-42155,0.022010542896728744
test-42156,0.18061978545727278
test-42157,0.06942584530335687
test-42158,0.01672301671602694
test-42159,0.04688280212504926
test-4216,0.048436764183426864
test-42160,0.13186458340703566
test-42161,0.049736561547013676
test-42162,0.015581426551655678
test-42163,0.14331337772775427
test-42164,0.032748780791724934
test-42165,0.05775619647531435
test-42166,0.007584557525177105
test-42167,0.18021031629425432
test-42168,0.08368910446903587
test-42169,0.16415164472893737
test-4217,0.031817824597311736
test-42170,0.14425797466752224
test-42171,0.010987427774617437
test-42172,0.015092024658918804
test-42173,0.02491218040078824
test-42174,0.05992434004458892
test-42175,0.02896288020395512
test-42176,0.07799433853261355
test-42177,0.022208229653649696
test-42178,0.008370366177242758
test-42179,0.020788516404748502
test-4218,0.07111609496557471
test-42180,0.02233129751669676
test-42181,0.38616222129036887
test-42182,0.11372385370508452
test-42183,0.07862443794222287
test-42184,0.07283857716050303
test-42185,0.03211277025086865
test-42186,0.060473435045559736
test-42187,0.032555325681088695
test-42188,0.08814351260775531
test-42189,0.05339307069340168
test-4219,0.20578960986367437
test-42190,0.024598278785606068
test-42191,0.17625941609197188
test-42192,0.010918335201384076
test-42193,0.07699330591871859
test-42194,0.019780143595890632
test-42195,0.06244423727422016
test-42196,0.06268981483298582
test-42197,0.010770643099724319
test-42198,0.015047325506582861
test-42199,0.16780212609422623
test-422,0.04342217792467707
test-4220,0.046266888641729266
test-42200,0.029371158870377428
test-42201,0.03953653884236106
test-42202,0.2208697681820626
test-42203,0.13002773991496808
test-42204,0.010655311112860201
test-42205,0.1256960864118817
test-42206,0.01794299171302585
test-42207,0.03175846987886046
test-42208,0.033484191007763286
test-42209,0.005910368190521168
test-4221,0.1890782160884167
test-42210,0.017157351238545365
test-42211,0.018240871132775196
test-42212,0.03179101194861353
test-42213,0.12292229222144534
test-42214,0.020474085887984467
test-42215,0.031370032836112345
test-42216,0.0216905014236279
test-42217,0.04071674275541253
test-42218,0.025786385664886644
test-42219,0.009659882584252438
test-4222,0.16424790242787604
test-42220,0.12487265690087916
test-42221,0.026124280101220386
test-42222,0.12460507488050093
test-42223,0.04252105837468247
test-42224,0.025084031723789518
test-42225,0.023944153870737773
test-42226,0.027385960443090107
test-42227,0.0744759739511813
test-42228,0.023672202555735725
test-42229,0.026920870730655203
test-4223,0.011738905439579995
test-42230,0.00880067725196279
test-42231,0.036195680607663636
test-42232,0.008104744734248064
test-42233,0.008604001139259769
test-42234,0.03603325315017739
test-42235,0.05300577485512337
test-42236,0.010036992900061568
test-42237,0.06637767959385776
test-42238,0.04983539439546134
test-42239,0.016202928270492828
test-4224,0.01187522510878402
test-42240,0.07823028229324128
test-42241,0.05475509616003605
test-42242,0.04094224729594457
test-42243,0.05535976435846891
test-42244,0.30902669917001296
test-42245,0.07110311576355881
test-42246,0.14400082574935172
test-42247,0.10063181233373987
test-42248,0.16368367357544486
test-42249,0.07596212569959175
test-4225,0.045511612586647654
test-42250,0.0722996757632334
test-42251,0.0669392073111586
test-42252,0.040951807218826734
test-42253,0.017707638171320463
test-42254,0.06687591078501293
test-42255,0.18186286910475283
test-42256,0.012265483504539015
test-42257,0.21822704705823662
test-42258,0.011504582080289443
test-42259,0.031006711578291355
test-4226,0.1543693773528168
test-42260,0.1767421804291832
test-42261,0.17739370235942906
test-42262,0.04743449924445175
test-42263,0.011782915182311973
test-42264,0.10812230317096443
test-42265,0.21962385265766904
test-42266,0.09476051609484207
test-42267,0.07873314270132509
test-42268,0.011671827749387579
test-42269,0.028214078710427422
test-4227,0.016869527658790243
test-42270,0.20418473994107822
test-42271,0.04128819134589306
test-42272,0.032539669993046506
test-42273,0.034272075599575305
test-42274,0.29495933483817066
test-42275,0.3354123930470691
test-42276,0.007125317716362217
test-42277,0.028231343595340297
test-42278,0.02835154290478902
test-42279,0.03355403077527231
test-4228,0.15770571601967237
test-42280,0.015602907059892345
test-42281,0.02578493250225603
test-42282,0.008790293269130852
test-42283,0.007655189571093442
test-42284,0.022155925258162425
test-42285,0.12030075104131203
test-42286,0.025992353871990375
test-42287,0.03021599453632826
test-42288,0.03872081410429168
test-42289,0.1499953260608442
test-4229,0.2100166955414672
test-42290,0.07771558515616006
test-42291,0.01617315629107247
test-42292,0.023462041809312658
test-42293,0.16542338681059818
test-42294,0.2757074132295775
test-42295,0.03428316841415857
test-42296,0.08775732134166785
test-42297,0.19829554136274313
test-42298,0.12243265641665092
test-42299,0.027001740380391652
test-423,0.04890423476136701
test-4230,0.03111094644632742
test-42300,0.09787796055403811
test-42301,0.021213463850150945
test-42302,0.1581438719451131
test-42303,0.09787796055403811
test-42304,0.013470242822225078
test-42305,0.12663596937894922
test-42306,0.017025593006841297
test-42307,0.2539050447320031
test-42308,0.09579870369474495
test-42309,0.01615131904228157
test-4231,0.09787796055403811
test-42310,0.11640231571006414
test-42311,0.025127039260100844
test-42312,0.3440247429987323
test-42313,0.03806337848917301
test-42314,0.18715723354644165
test-42315,0.0754515866378603
test-42316,0.03612401078446409
test-42317,0.01434380218778728
test-42318,0.20072519326115296
test-42319,0.01725512844100615
test-4232,0.025147779124048423
test-42320,0.06891106305694443
test-42321,0.031018910102229992
test-42322,0.2097282955517113
test-42323,0.037658600636406254
test-42324,0.2932028740831564
test-42325,0.0307397548732869
test-42326,0.07085327634169736
test-42327,0.02753443060685314
test-42328,0.021426730651664935
test-42329,0.08769487693335294
test-4233,0.03917427253740981
test-42330,0.03711634600553463
test-42331,0.056719954711376405
test-42332,0.02232354796384563
test-42333,0.020381435966627663
test-42334,0.09128160369480959
test-42335,0.008551183781861892
test-42336,0.03870777978347103
test-42337,0.08003083037374147
test-42338,0.07240425457499185
test-42339,0.2466057213231883
test-4234,0.008494627293402982
test-42340,0.15241633641152563
test-42341,0.0223518638197439
test-42342,0.1508770276107732
test-42343,0.1904589378721481
test-42344,0.09649619707244343
test-42345,0.0765176442062777
test-42346,0.011107692048243379
test-42347,0.021023058242990427
test-42348,0.017802411397310328
test-42349,0.3037606026341104
test-4235,0.08819019065144726
test-42350,0.05996434070320182
test-42351,0.023528766011266827
test-42352,0.06565269857792176
test-42353,0.017742232184777728
test-42354,0.005723845809041729
test-42355,0.01025834304087593
test-42356,0.01019053955764769
test-42357,0.010534651422664888
test-42358,0.07321827643546425
test-42359,0.009933978825860388
test-4236,0.013503183609686558
test-42360,0.043435797303631285
test-42361,0.20059004650357926
test-42362,0.09369220249993357
test-42363,0.012647016282322454
test-42364,0.013630397530315778
test-42365,0.03849527007245053
test-42366,0.04332979440270218
test-42367,0.14274472872531643
test-42368,0.011181475105215508
test-42369,0.04218047546267398
test-4237,0.18823783936129934
test-42370,0.0729544300392863
test-42371,0.033231272925472406
test-42372,0.016185500168155963
test-42373,0.20265451615326727
test-42374,0.06990577425487011
test-42375,0.005365606185000609
test-42376,0.03737035965373647
test-42377,0.020132355026483004
test-42378,0.04763774346366034
test-42379,0.05339307069340168
test-4238,0.007865831373087264
test-42380,0.05600419669591898
test-42381,0.16695447271917302
test-42382,0.07765548192385864
test-42383,0.028081512092297124
test-42384,0.030315964897647898
test-42385,0.3462578878638472
test-42386,0.10179371365252413
test-42387,0.20821152472380347
test-42388,0.018403983537521432
test-42389,0.01927994984193154
test-4239,0.07399632201578137
test-42390,0.010718232999828683
test-42391,0.0949150044271378
test-42392,0.05188315796166296
test-42393,0.007273896506043557
test-42394,0.0707119985986715
test-42395,0.019550877401299748
test-42396,0.07533058874186634
test-42397,0.15866131731735095
test-42398,0.0416901993039772
test-42399,0.022317575053526884
test-424,0.048423310422874594
test-4240,0.013924200408382924
test-42400,0.13584648180255504
test-42401,0.08121945798402946
test-42402,0.014008075504383237
test-42403,0.04371739997126556
test-42404,0.11756299827079689
test-42405,0.12571719997453007
test-42406,0.06803412447426488
test-42407,0.1892230934872204
test-42408,0.017570641069852216
test-42409,0.06470706893112901
test-4241,0.36165400496355776
test-42410,0.0306874942978367
test-42411,0.04956252146147889
test-42412,0.01958522284531206
test-42413,0.1368321145500669
test-42414,0.017831919665180558
test-42415,0.0687732139720173
test-42416,0.011068253337298715
test-42417,0.01572325033643029
test-42418,0.11356803172408701
test-42419,0.049936451644249036
test-4242,0.1094194512167762
test-42420,0.030018899343782587
test-42421,0.02594109548562901
test-42422,0.022568029882829292
test-42423,0.037500744041794765
test-42424,0.07546319256754891
test-42425,0.15615398544356107
test-42426,0.02908880878420776
test-42427,0.19154660803338378
test-42428,0.14526994721829115
test-42429,0.2333852938505344
test-4243,0.017213351434704077
test-42430,0.11803087843920418
test-42431,0.02513645512284919
test-42432,0.19162638155264286
test-42433,0.030814784197076898
test-42434,0.03992353886533602
test-42435,0.2632266782540681
test-42436,0.014583265261287833
test-42437,0.03225725208546367
test-42438,0.028352820121618768
test-42439,0.1046638596354893
test-4244,0.11828309544053321
test-42440,0.09787796055403811
test-42441,0.2578689564885504
test-42442,0.06089786653893591
test-42443,0.0236441719650155
test-42444,0.025988970580424448
test-42445,0.016160909900064323
test-42446,0.03468397836216628
test-42447,0.02136469910886038
test-42448,0.009264747281550021
test-42449,0.026417249608117442
test-4245,0.02385840050548578
test-42450,0.020887799088619634
test-42451,0.02912335805474075
test-42452,0.011834789036326813
test-42453,0.03847365337067004
test-42454,0.026784257433298327
test-42455,0.023384101784263794
test-42456,0.21688786890385414
test-42457,0.0495469087695115
test-42458,0.011982389983258287
test-42459,0.0073508223063123174
test-4246,0.018272796227974432
test-42460,0.1606946031431542
test-42461,0.16010066562613012
test-42462,0.17554082354275097
test-42463,0.07298241025072028
test-42464,0.2146944748382324
test-42465,0.014422593640763252
test-42466,0.04049860151896432
test-42467,0.018690209706077092
test-42468,0.026573036685805806
test-42469,0.12617093025526127
test-4247,0.03773615254391768
test-42470,0.2011454835030215
test-42471,0.11025666896035011
test-42472,0.010106974170692553
test-42473,0.06845738441398352
test-42474,0.24343959134328716
test-42475,0.1671727036436989
test-42476,0.08469207989574525
test-42477,0.11697015234032929
test-42478,0.10812230317096443
test-42479,0.06769089613322582
test-4248,0.010056363433970284
test-42480,0.016637282200772784
test-42481,0.07410469328125098
test-42482,0.037455172098259014
test-42483,0.0307611122875124
test-42484,0.09006810470830955
test-42485,0.07552908268910224
test-42486,0.019076172438460656
test-42487,0.13887333748172553
test-42488,0.06841085415514837
test-42489,0.14256336920540752
test-4249,0.09598450543555212
test-42490,0.027309916380977413
test-42491,0.3279434221877674
test-42492,0.07251221169073102
test-42493,0.011734810230512925
test-42494,0.030783675335860086
test-42495,0.04787518562114357
test-42496,0.12663596937894922
test-42497,0.0846182167635542
test-42498,0.13787007929487777
test-42499,0.13630634437286251
test-425,0.30768299193025195
test-4250,0.280502956652714
test-42500,0.07220965811502379
test-42501,0.09860381645007209
test-42502,0.2960277965450305
test-42503,0.020831674597101373
test-42504,0.2618495947027172
test-42505,0.010937871033527008
test-42506,0.12033608949617267
test-42507,0.0065645625478370625
test-42508,0.015392380621828466
test-42509,0.14679254903443076
test-4251,0.011698960038448948
test-42510,0.1326002144136378
test-42511,0.21950019850346547
test-42512,0.05339307069340168
test-42513,0.31031435814079444
test-42514,0.02051616974197289
test-42515,0.2080599963541701
test-42516,0.1270604763000372
test-42517,0.03114839450244992
test-42518,0.0552668983602013
test-42519,0.30336003215595847
test-4252,0.01171698470890119
test-42520,0.012570341444362476
test-42521,0.016785103625597434
test-42522,0.12663596937894922
test-42523,0.010638758262636556
test-42524,0.35537980647503986
test-42525,0.015612751114363794
test-42526,0.024179479167026518
test-42527,0.011593975393954924
test-42528,0.054614983981282304
test-42529,0.10131017876088283
test-4253,0.14353899694688055
test-42530,0.02149801847998048
test-42531,0.03879721521826245
test-42532,0.049086911117510644
test-42533,0.04083100803555287
test-42534,0.08890115724917734
test-42535,0.03633972887958407
test-42536,0.02068752638683537
test-42537,0.29175482971687167
test-42538,0.13078252592043085
test-42539,0.10314261711643237
test-4254,0.009641536660070933
test-42540,0.022537511743612435
test-42541,0.09707713549172804
test-42542,0.028424698247433367
test-42543,0.3454815455157367
test-42544,0.034462792400414846
test-42545,0.04492260773708309
test-42546,0.08731072467087138
test-42547,0.10525271442683963
test-42548,0.0410820465035571
test-42549,0.023240534085881788
test-4255,0.13238520050601094
test-42550,0.05003697088968722
test-42551,0.30295456704301366
test-42552,0.01411867254699041
test-42553,0.010872206871221637
test-42554,0.08779936273519784
test-42555,0.29858089190395837
test-42556,0.028983431385534785
test-42557,0.06344717715285832
test-42558,0.01071522419983514
test-42559,0.01954292855711062
test-4256,0.028031488453427143
test-42560,0.2972474454548498
test-42561,0.07917492927036092
test-42562,0.018133942940447383
test-42563,0.015774652185970163
test-42564,0.031040846037729733
test-42565,0.012200017352555938
test-42566,0.022884926631584694
test-42567,0.01814510246410173
test-42568,0.024257215207119442
test-42569,0.025272101587499166
test-4257,0.010490627432083637
test-42570,0.2011454835030215
test-42571,0.06524030705537333
test-42572,0.062294561350321395
test-42573,0.010528611997588809
test-42574,0.2664014701097438
test-42575,0.1825733153686768
test-42576,0.09673533330374554
test-42577,0.15852322424860732
test-42578,0.0529017215990036
test-42579,0.03336752029539326
test-4258,0.11919077656277287
test-42580,0.019512443807004336
test-42581,0.33527117669315787
test-42582,0.13921990210230129
test-42583,0.03447077599784
test-42584,0.010086648938301279
test-42585,0.08216051843418938
test-42586,0.09925775644402968
test-42587,0.237804646721781
test-42588,0.07124161719051224
test-42589,0.24898402085434818
test-4259,0.19203162890721892
test-42590,0.007604782489210285
test-42591,0.01734324474857873
test-42592,0.25496839607771393
test-42593,0.12169705209369913
test-42594,0.0846182167635542
test-42595,0.11729115177891676
test-42596,0.10373811943857802
test-42597,0.1969033598485712
test-42598,0.07184638113219652
test-42599,0.030335608896396832
test-426,0.01914012173435503
test-4260,0.012273499821831315
test-42600,0.2651169658686288
test-42601,0.07896917855603469
test-42602,0.07622922736698107
test-42603,0.028074783218479962
test-42604,0.0329438489298708
test-42605,0.09252047973197079
test-42606,0.2584437996435791
test-42607,0.08290872674684348
test-42608,0.011986914789097407
test-42609,0.29991515572836003
test-4261,0.05410739181064715
test-42610,0.06458668426446097
test-42611,0.28634419721624765
test-42612,0.16429353043764877
test-42613,0.013506125910604488
test-42614,0.1562590802284494
test-42615,0.02787297855977432
test-42616,0.1753568721134438
test-42617,0.01247078745629919
test-42618,0.24223071208225683
test-42619,0.15479109186508844
test-4262,0.01987159966434879
test-42620,0.19632024349265403
test-42621,0.0687732139720173
test-42622,0.043088792403418834
test-42623,0.05915350299886357
test-42624,0.015953022672617802
test-42625,0.16104387389653388
test-42626,0.015491898876510058
test-42627,0.09787796055403811
test-42628,0.06706648243442441
test-42629,0.019585232359875394
test-4263,0.20550261594221314
test-42630,0.01157594191187762
test-42631,0.0937870258290184
test-42632,0.012501386521213152
test-42633,0.06934165944078462
test-42634,0.024039659086970963
test-42635,0.05514309598066629
test-42636,0.006795000187999491
test-42637,0.11749244952409066
test-42638,0.034462792400414846
test-42639,0.034462792400414846
test-4264,0.04446800059456901
test-42640,0.05608161125235809
test-42641,0.25693276291310174
test-42642,0.016808786840448897
test-42643,0.013349472784613311
test-42644,0.02807631959567446
test-42645,0.017848718308206956
test-42646,0.09059869639889627
test-42647,0.03809049517668704
test-42648,0.04049860151896432
test-42649,0.05027700394939071
test-4265,0.0707119985986715
test-42650,0.07290481314681936
test-42651,0.26441953763938447
test-42652,0.02509846657490899
test-42653,0.11431410359442387
test-42654,0.018993028046803563
test-42655,0.019255332334596555
test-42656,0.016807666646808748
test-42657,0.016497564638543162
test-42658,0.19881435290901484
test-42659,0.01434380218778728
test-4266,0.020192620459502774
test-42660,0.06680575911102908
test-42661,0.010920421758033793
test-42662,0.1414613327811813
test-42663,0.14744087275505188
test-42664,0.11440923460078803
test-42665,0.02467532436956052
test-42666,0.24238059850332513
test-42667,0.35826688966759845
test-42668,0.009915839647454561
test-42669,0.17623407359053814
test-4267,0.0699005267331536
test-42670,0.012780843409304833
test-42671,0.41571718611417474
test-42672,0.011869830500090042
test-42673,0.009356417081042316
test-42674,0.17136805251012346
test-42675,0.325024383508304
test-42676,0.025933464629957693
test-42677,0.07952844190402955
test-42678,0.18463020306580308
test-42679,0.018646499370377937
test-4268,0.021340410030459812
test-42680,0.08567136774311467
test-42681,0.1515696690009945
test-42682,0.028281421098299158
test-42683,0.06984325432093266
test-42684,0.0214244877920195
test-42685,0.2800668047816135
test-42686,0.18339661842871144
test-42687,0.016785103625597434
test-42688,0.03556784320631213
test-42689,0.022106026856108265
test-4269,0.03157185774996537
test-42690,0.11403284045070647
test-42691,0.26091946260026466
test-42692,0.05449202469646557
test-42693,0.1767421804291832
test-42694,0.0384319497869964
test-42695,0.012162290143860093
test-42696,0.0926610159048226
test-42697,0.0198223660034889
test-42698,0.013960040787056652
test-42699,0.026135827209131417
test-427,0.11493791268890327
test-4270,0.3334262387324716
test-42700,0.12058777209523423
test-42701,0.20010290914355472
test-42702,0.015547210406143352
test-42703,0.04906984181357477
test-42704,0.0178886086383052
test-42705,0.017576109142852472
test-42706,0.05091562908513352
test-42707,0.026384148502982447
test-42708,0.2642305413196673
test-42709,0.26996036960315095
test-4271,0.06794476528463178
test-42710,0.2750443926244314
test-42711,0.28658852668192814
test-42712,0.09787796055403811
test-42713,0.17932449734825553
test-42714,0.3279873329593428
test-42715,0.021747502481284136
test-42716,0.06854068642831915
test-42717,0.007589119939922455
test-42718,0.10448615954155105
test-42719,0.09130016932286912
test-4272,0.19429961832558948
test-42720,0.1948075126328042
test-42721,0.01962651591811899
test-42722,0.2088094760280607
test-42723,0.35229269605390023
test-42724,0.16695447271917302
test-42725,0.20609912319742726
test-42726,0.008532012175017928
test-42727,0.06216430044447712
test-42728,0.024520498293924414
test-42729,0.03954745334572717
test-4273,0.12974137509074563
test-42730,0.11592587899259717
test-42731,0.0097688183438444
test-42732,0.010358866802596458
test-42733,0.07499371956636791
test-42734,0.030503657013464528
test-42735,0.006472780508435388
test-42736,0.07036814070403247
test-42737,0.06975176350418281
test-42738,0.23410722285578106
test-42739,0.15369758427255995
test-4274,0.07423786937006908
test-42740,0.2840224553680905
test-42741,0.05444450125870035
test-42742,0.07519512993758395
test-42743,0.08176964778609037
test-42744,0.17645226684991447
test-42745,0.058481988779560116
test-42746,0.2265075598997241
test-42747,0.027432287782870744
test-42748,0.15683410776034584
test-42749,0.05779460032311412
test-4275,0.20269734832092962
test-42750,0.0118537142820848
test-42751,0.025530913700422004
test-42752,0.022233362121658055
test-42753,0.1107251159114856
test-42754,0.010083085105058637
test-42755,0.016440301527120803
test-42756,0.02102836935412256
test-42757,0.09520165838210835
test-42758,0.041366894962008315
test-42759,0.023666967452386025
test-4276,0.025509168347958883
test-42760,0.3173294302919748
test-42761,0.013510716224572304
test-42762,0.027297709800526163
test-42763,0.01715757924818455
test-42764,0.03948727000429106
test-42765,0.008845139118869553
test-42766,0.13633302584932458
test-42767,0.33084463112404705
test-42768,0.22693647186414292
test-42769,0.04935247011397838
test-4277,0.06881585289574745
test-42770,0.0232911499626386
test-42771,0.10769179491477508
test-42772,0.018347548734349642
test-42773,0.026721472188609516
test-42774,0.014561336222948175
test-42775,0.04116238880943571
test-42776,0.03957797408190487
test-42777,0.018327233818249453
test-42778,0.06533608946618752
test-42779,0.24269008061704164
test-4278,0.009646061371749075
test-42780,0.07357265692355214
test-42781,0.026873773750887082
test-42782,0.03286716334690705
test-42783,0.006027060516844068
test-42784,0.032210734184143434
test-42785,0.04371739997126556
test-42786,0.1522543437497443
test-42787,0.02734971937997514
test-42788,0.02870932152162782
test-42789,0.05301977881260423
test-4279,0.13306779022173457
test-42790,0.01478473762662687
test-42791,0.018230781069629592
test-42792,0.020507170137012535
test-42793,0.1234668435820215
test-42794,0.06769227346933265
test-42795,0.1425644987578173
test-42796,0.11052658430201254
test-42797,0.006235953122825234
test-42798,0.13838467064907242
test-42799,0.04000033410775569
test-428,0.011189873802564209
test-4280,0.006876720858333979
test-42800,0.12968021106145455
test-42801,0.018857705885819854
test-42802,0.07896917855603469
test-42803,0.060360095992599096
test-42804,0.07354426804676757
test-42805,0.010226049284248938
test-42806,0.25788273733967376
test-42807,0.01714793701667814
test-42808,0.015148212773163444
test-42809,0.03793313222961808
test-4281,0.19158948334280537
test-42810,0.07169711555088581
test-42811,0.033378191602834444
test-42812,0.23177100062850248
test-42813,0.1059535626556491
test-42814,0.025189387635696545
test-42815,0.032495146362451766
test-42816,0.1304270364781088
test-42817,0.02302745534439876
test-42818,0.05201671686814994
test-42819,0.07124476373718741
test-4282,0.1542886332601848
test-42820,0.021572821796995593
test-42821,0.04049860151896432
test-42822,0.0918902277726068
test-42823,0.04963257105655747
test-42824,0.00967033464658787
test-42825,0.006763697720883649
test-42826,0.048119489641160626
test-42827,0.17608330097311634
test-42828,0.05032778070085482
test-42829,0.16009629184955124
test-4283,0.015564492411770148
test-42830,0.07507551541987388
test-42831,0.017656869036942083
test-42832,0.009027825062867055
test-42833,0.22549210091885097
test-42834,0.06668671486324072
test-42835,0.1123036644765298
test-42836,0.30542668194311057
test-42837,0.02543413379811761
test-42838,0.01914941342437994
test-42839,0.3133317936735119
test-4284,0.03485826740114502
test-42840,0.020225279408882583
test-42841,0.01074635737178932
test-42842,0.10061140798356767
test-42843,0.045803114853671695
test-42844,0.14366983075478063
test-42845,0.03904198300936465
test-42846,0.14418708083363305
test-42847,0.02474550571972773
test-42848,0.005537993516759155
test-42849,0.022599730121464604
test-4285,0.01519524321004887
test-42850,0.1432968788557551
test-42851,0.13924586971430325
test-42852,0.045373853791190466
test-42853,0.15366254227189804
test-42854,0.02190063013267703
test-42855,0.0522866469823982
test-42856,0.08124040518273115
test-42857,0.0048292581609388095
test-42858,0.048567971280181234
test-42859,0.010512461671352969
test-4286,0.06769227346933265
test-42860,0.18152331564479582
test-42861,0.312030057963393
test-42862,0.08714097765207561
test-42863,0.04867541208637648
test-42864,0.03708709977087107
test-42865,0.035266153101852264
test-42866,0.022609580782286233
test-42867,0.010546411516718783
test-42868,0.2846667532235648
test-42869,0.044200675822435566
test-4287,0.008792742695143432
test-42870,0.03224701201119903
test-42871,0.15748526819673395
test-42872,0.059322199072331896
test-42873,0.17942591900817922
test-42874,0.024996056171585533
test-42875,0.02259532715039775
test-42876,0.11706472122443454
test-42877,0.006531409196164095
test-42878,0.33350609644957513
test-42879,0.05929743075386185
test-4288,0.007822139072362806
test-42880,0.059501922873155644
test-42881,0.08446298650961538
test-42882,0.009780212217057606
test-42883,0.04835104135528877
test-42884,0.24837225664019147
test-42885,0.031686640728170845
test-42886,0.03695488894846087
test-42887,0.028618599038053097
test-42888,0.15573689110101827
test-42889,0.15768934512842647
test-4289,0.1085978241811719
test-42890,0.053108351217172424
test-42891,0.026844922522164572
test-42892,0.01889675963071905
test-42893,0.03335791908041405
test-42894,0.14584971832814003
test-42895,0.05608161125235809
test-42896,0.03598784573739425
test-42897,0.10135147787955867
test-42898,0.1462886513565115
test-42899,0.0669392073111586
test-429,0.03564881084222421
test-4290,0.0168054555186444
test-42900,0.12750083480216265
test-42901,0.009613170143044766
test-42902,0.1128577369508803
test-42903,0.024007964667771723
test-42904,0.09289461632760171
test-42905,0.010518746155886568
test-42906,0.025676052128660823
test-42907,0.11011236041146537
test-42908,0.021428228337527635
test-42909,0.01964115724790115
test-4291,0.0898680864769262
test-42910,0.056035381250276003
test-42911,0.014437613580037235
test-42912,0.036198202697409525
test-42913,0.0707119985986715
test-42914,0.0394603123152994
test-42915,0.30379097317694354
test-42916,0.07958009128105223
test-42917,0.060330754297190835
test-42918,0.087259615971366
test-42919,0.029719722528341708
test-4292,0.06236112719363698
test-42920,0.011996300655044008
test-42921,0.05065064601958284
test-42922,0.010486657675093786
test-42923,0.23839160256582145
test-42924,0.03140364802854387
test-42925,0.04228854388995879
test-42926,0.07796934744318088
test-42927,0.06769227346933265
test-42928,0.1798082016557781
test-42929,0.02058610577404625
test-4293,0.014105283573254333
test-42930,0.04393917142901348
test-42931,0.009107815963265988
test-42932,0.05368058579374111
test-42933,0.017541681604442978
test-42934,0.15505988318238534
test-42935,0.038735691392969986
test-42936,0.02526040579060047
test-42937,0.10098069506471297
test-42938,0.04724900380825939
test-42939,0.09787796055403811
test-4294,0.03364977766316305
test-42940,0.13591739763098715
test-42941,0.15283043584945546
test-42942,0.023742773447364526
test-42943,0.06581077196683413
test-42944,0.01623480186486683
test-42945,0.022316058561461908
test-42946,0.3720641325968788
test-42947,0.012671234818319431
test-42948,0.031132364562340014
test-42949,0.09386892881052411
test-4295,0.025591405503783367
test-42950,0.02386740103790528
test-42951,0.03536896571694866
test-42952,0.017692374640794973
test-42953,0.09915402797745897
test-42954,0.011052531641681048
test-42955,0.009806868028136032
test-42956,0.06896414510247705
test-42957,0.13844485831116107
test-42958,0.022108764299838726
test-42959,0.3652201281511435
test-4296,0.06470155181505131
test-42960,0.009025971477032341
test-42961,0.14611456057734928
test-42962,0.12827362350892452
test-42963,0.3310237233897457
test-42964,0.041994584683696344
test-42965,0.06580286816833776
test-42966,0.027175831584228587
test-42967,0.13524845721616144
test-42968,0.11512351736983528
test-42969,0.011068253337298715
test-4297,0.1855747478741186
test-42970,0.13734469311397798
test-42971,0.019954405334847953
test-42972,0.017685394792332006
test-42973,0.036096194041378905
test-42974,0.012569853467416773
test-42975,0.07583726609648245
test-42976,0.01629573426816799
test-42977,0.06986194723583708
test-42978,0.023713497865870427
test-42979,0.16533858135002175
test-4298,0.011686847105553138
test-42980,0.028777179771696637
test-42981,0.07600200994150778
test-42982,0.08395183120844195
test-42983,0.009599699883050804
test-42984,0.1359981349554164
test-42985,0.15868882866142997
test-42986,0.03210205459968188
test-42987,0.17056737353958626
test-42988,0.010498485455922794
test-42989,0.018900944334793494
test-4299,0.13981050219924007
test-42990,0.05339307069340168
test-42991,0.2097282955517113
test-42992,0.027110859549443662
test-42993,0.039237093331938755
test-42994,0.02733857409320078
test-42995,0.013352348517482486
test-42996,0.006962852070722357
test-42997,0.13986232335516932
test-42998,0.26441953763938447
test-42999,0.09980802386584262
test-43,0.10231569824496638
test-430,0.23385060563222881
test-4300,0.07803388261071117
test-43000,0.008348857203799789
test-43001,0.21291054363705145
test-43002,0.0505691324635004
test-43003,0.2849146524251857
test-43004,0.2754241825800075
test-43005,0.10752235278874965
test-43006,0.08031407262879851
test-43007,0.018222552171275577
test-43008,0.2536243007210664
test-43009,0.02213080651263304
test-4301,0.01856179356954277
test-43010,0.05339307069340168
test-43011,0.07539840501611057
test-43012,0.2841424532080159
test-43013,0.04192138328377042
test-43014,0.04489464177869532
test-43015,0.012839121869208391
test-43016,0.14388670464788514
test-43017,0.01748681725708073
test-43018,0.12460507488050093
test-43019,0.24231712281727946
test-4302,0.16293645676157417
test-43020,0.015507904217305746
test-43021,0.007774940898690832
test-43022,0.016200912627211933
test-43023,0.08003083037374147
test-43024,0.0593867845934881
test-43025,0.16296962381663807
test-43026,0.02374526261665615
test-43027,0.035580080552417105
test-43028,0.03670189167955589
test-43029,0.009633747038405064
test-4303,0.1462759053710446
test-43030,0.2010822536653884
test-43031,0.03373387910400396
test-43032,0.02257518641969491
test-43033,0.17962758067341225
test-43034,0.027682922367689034
test-43035,0.019856704995377974
test-43036,0.2112049850469137
test-43037,0.20202969484857117
test-43038,0.015332351262243802
test-43039,0.06462716434972537
test-4304,0.09028555874857604
test-43040,0.04532651244855694
test-43041,0.025377890692986117
test-43042,0.015898817806944642
test-43043,0.07154554671561687
test-43044,0.017198997462388923
test-43045,0.23569586331122103
test-43046,0.17645226684991447
test-43047,0.016803921694648807
test-43048,0.14154741627591133
test-43049,0.07300415700059695
test-4305,0.018014991991872467
test-43050,0.04154351699599006
test-43051,0.16441986573508466
test-43052,0.12662271569069564
test-43053,0.015891060757364975
test-43054,0.007164653140379086
test-43055,0.18951631437423627
test-43056,0.04475351461529831
test-43057,0.03206261900405897
test-43058,0.013548233310112179
test-43059,0.07595943029407243
test-4306,0.07201574122462367
test-43060,0.016700529336588957
test-43061,0.06783258309696531
test-43062,0.17252727682003913
test-43063,0.033019913671914564
test-43064,0.2498709948199503
test-43065,0.01994694992344191
test-43066,0.14561981892539386
test-43067,0.021651511478663427
test-43068,0.07431966347507735
test-43069,0.05650469349069746
test-4307,0.0992648116134931
test-43070,0.01789535188041588
test-43071,0.009984776730042668
test-43072,0.10179371365252413
test-43073,0.027845500391396903
test-43074,0.04544203111761074
test-43075,0.32753504127809585
test-43076,0.02977295033909333
test-43077,0.027040911893618222
test-43078,0.0240611248211272
test-43079,0.016083108674522402
test-4308,0.006769519110253669
test-43080,0.11554691356435694
test-43081,0.03235545395299992
test-43082,0.18562436142536468
test-43083,0.010224481040624499
test-43084,0.12658894860206815
test-43085,0.014609125583817105
test-43086,0.2895259524666987
test-43087,0.123817286149575
test-43088,0.025032722141198456
test-43089,0.04935305993260888
test-4309,0.026951439438015444
test-43090,0.1380528195561547
test-43091,0.0344414653944888
test-43092,0.21719568106439105
test-43093,0.017371150297336553
test-43094,0.09119538886473173
test-43095,0.027993093212685696
test-43096,0.03465576281942496
test-43097,0.04682167531682276
test-43098,0.1667232268579407
test-43099,0.009538998399251233
test-431,0.019933032170278975
test-4310,0.0669392073111586
test-43100,0.05014976306466082
test-43101,0.020236035736877007
test-43102,0.389606039667169
test-43103,0.07812326647489475
test-43104,0.20240081376553773
test-43105,0.020184049019556536
test-43106,0.21689199533985878
test-43107,0.019100726900061562
test-43108,0.03217148106861156
test-43109,0.0073451808509564604
test-4311,0.014973401578261264
test-43110,0.30336003215595847
test-43111,0.014998950325453238
test-43112,0.0372063949757952
test-43113,0.025890084825613866
test-43114,0.017781517531680092
test-43115,0.014930405626182674
test-43116,0.36870393487957087
test-43117,0.041052419143228026
test-43118,0.19986393241712927
test-43119,0.026573036685805806
test-4312,0.03609219864497798
test-43120,0.20271514933554555
test-43121,0.25575805669643437
test-43122,0.1263868696462832
test-43123,0.010357337276661185
test-43124,0.026594597235708783
test-43125,0.01861695471456938
test-43126,0.009566856004172985
test-43127,0.15519774987502255
test-43128,0.008146107617829143
test-43129,0.06397731013297894
test-4313,0.007393250525000366
test-43130,0.12723950392559308
test-43131,0.04921387760323547
test-43132,0.03217148106861156
test-43133,0.021694856715270737
test-43134,0.05234240333115271
test-43135,0.02082467912061093
test-43136,0.0605504576244384
test-43137,0.04224035190112001
test-43138,0.06613128233036399
test-43139,0.19912209802983938
test-4314,0.00772771599981361
test-43140,0.21363926895711968
test-43141,0.14089190122621978
test-43142,0.10795280355886706
test-43143,0.0092119280546325
test-43144,0.12113297025573971
test-43145,0.025570696862981624
test-43146,0.00816069860790143
test-43147,0.01524998512983997
test-43148,0.08306808476376748
test-43149,0.023127028209597333
test-4315,0.013260569558943114
test-43150,0.0985353450283843
test-43151,0.021828337816688217
test-43152,0.02503482924746587
test-43153,0.042574574908369404
test-43154,0.03101192801826865
test-43155,0.12028539525595189
test-43156,0.34271494174168743
test-43157,0.0090943821680019
test-43158,0.14739607630046048
test-43159,0.009643941529102664
test-4316,0.06193027976340418
test-43160,0.027025746210864367
test-43161,0.01426797107634645
test-43162,0.016008100743313037
test-43163,0.061577899304617906
test-43164,0.01239262728837329
test-43165,0.4001140406804215
test-43166,0.026652178223416218
test-43167,0.005413621741000086
test-43168,0.0102109577068123
test-43169,0.32038613821796363
test-4317,0.018919593253776026
test-43170,0.09766276831187375
test-43171,0.04171107175255129
test-43172,0.020641982880728556
test-43173,0.05591491040930066
test-43174,0.009461553684584335
test-43175,0.01658829528924223
test-43176,0.016883579747464104
test-43177,0.022600968327527452
test-43178,0.033950226157190365
test-43179,0.13527777305668434
test-4318,0.12816411302534844
test-43180,0.015725012588429083
test-43181,0.3149133405919065
test-43182,0.10358190491739874
test-43183,0.08771939818482093
test-43184,0.024227991358950075
test-43185,0.046456199809048394
test-43186,0.013293195434395508
test-43187,0.009143517798907519
test-43188,0.04754881330481313
test-43189,0.049268159026785135
test-4319,0.021723918729828068
test-43190,0.016165703186942923
test-43191,0.0669392073111586
test-43192,0.018608004980886075
test-43193,0.03772930020037507
test-43194,0.17528709312933274
test-43195,0.14170285209896763
test-43196,0.023817614736667454
test-43197,0.04252105837468247
test-43198,0.13236113444142508
test-43199,0.03394517755049771
test-432,0.18207822428283685
test-4320,0.3958501596358093
test-43200,0.02148122216131579
test-43201,0.007551081752568878
test-43202,0.026205709705563955
test-43203,0.04574267691837973
test-43204,0.18991918621123496
test-43205,0.042652946660919344
test-43206,0.19311913400776493
test-43207,0.007003637704771394
test-43208,0.06769227346933265
test-43209,0.15334581223848576
test-4321,0.17645226684991447
test-43210,0.03515516291179224
test-43211,0.017807101613151372
test-43212,0.010626317938131149
test-43213,0.0669392073111586
test-43214,0.09894217917792562
test-43215,0.022215811459373756
test-43216,0.021502961532124484
test-43217,0.035216547899650695
test-43218,0.07393204126821076
test-43219,0.07399094548078602
test-4322,0.1747007303915493
test-43220,0.31106380804710043
test-43221,0.024937833124037346
test-43222,0.14890982847750664
test-43223,0.11620376548595909
test-43224,0.012187665315902348
test-43225,0.1990449751139568
test-43226,0.22987929520259612
test-43227,0.10013500888940312
test-43228,0.11620376548595909
test-43229,0.09787796055403811
test-4323,0.16317163344472116
test-43230,0.10522666471495905
test-43231,0.0185690874767532
test-43232,0.07892676366715001
test-43233,0.16948764875643343
test-43234,0.011099426323446541
test-43235,0.11582369187301204
test-43236,0.02173227989977162
test-43237,0.05015468531813707
test-43238,0.13314269273886611
test-43239,0.061563349367907284
test-4324,0.14940995769187718
test-43240,0.032366632103622825
test-43241,0.010495418056502864
test-43242,0.015125660251938698
test-43243,0.31380257983712506
test-43244,0.017603774940517646
test-43245,0.39069186884113816
test-43246,0.08292430890884828
test-43247,0.012153720224929318
test-43248,0.007898628946196137
test-43249,0.1730160144847917
test-4325,0.009993275530847954
test-43250,0.018851922109570297
test-43251,0.02932391819006848
test-43252,0.009235801253774717
test-43253,0.14040323817650532
test-43254,0.01319448506027144
test-43255,0.05118377301680786
test-43256,0.01425840439449094
test-43257,0.010450912949414505
test-43258,0.033247990529706034
test-43259,0.03828842061276967
test-4326,0.022862383236184777
test-43260,0.13844485831116107
test-43261,0.014478298993428198
test-43262,0.13664062557143147
test-43263,0.0712544213061401
test-43264,0.03707031737372156
test-43265,0.32636068099577664
test-43266,0.10274624769706397
test-43267,0.022256744088935486
test-43268,0.006791005912879536
test-43269,0.031168759115243548
test-4327,0.06866260127631668
test-43270,0.2190959467554933
test-43271,0.12911174412173537
test-43272,0.01351173456392666
test-43273,0.22251871157479605
test-43274,0.032555325681088695
test-43275,0.012089591290699631
test-43276,0.13051451437431982
test-43277,0.012006805702956147
test-43278,0.08839708018688078
test-43279,0.06809850072528988
test-4328,0.3147502131079928
test-43280,0.014078029534985282
test-43281,0.05670915147706483
test-43282,0.016740870732518703
test-43283,0.02154824243278049
test-43284,0.1144593136138608
test-43285,0.03190053159964443
test-43286,0.019176229777015316
test-43287,0.18869748643489204
test-43288,0.03125174394975723
test-43289,0.0669392073111586
test-4329,0.02200192611131224
test-43290,0.0083071700322327
test-43291,0.015075410161797248
test-43292,0.019921798755547098
test-43293,0.016310168469583892
test-43294,0.31939396202793396
test-43295,0.02245614956995763
test-43296,0.11448714633507123
test-43297,0.010114356257001491
test-43298,0.056025284313765425
test-43299,0.010016838302577092
test-433,0.013927274036864527
test-4330,0.16987941967935064
test-43300,0.02532648096429794
test-43301,0.007367407806630141
test-43302,0.06332583598609046
test-43303,0.010314530462022313
test-43304,0.025332279328148872
test-43305,0.3041944442163833
test-43306,0.15823756952667595
test-43307,0.04511658615569273
test-43308,0.021841517436007988
test-43309,0.024716726541841913
test-4331,0.015614678093696262
test-43310,0.0836160361599026
test-43311,0.16305606456354826
test-43312,0.033033190567207805
test-43313,0.13844485831116107
test-43314,0.01239262728837329
test-43315,0.14643178928298614
test-43316,0.09332873264947827
test-43317,0.030431448139541368
test-43318,0.010591068838213554
test-43319,0.31766657134995363
test-4332,0.06373656741249091
test-43320,0.08991415387293679
test-43321,0.04261018112272685
test-43322,0.16695447271917302
test-43323,0.010662682574406735
test-43324,0.03286716334690705
test-43325,0.10855413009173817
test-43326,0.0669392073111586
test-43327,0.03241625832426885
test-43328,0.014256264358520981
test-43329,0.19065787180700508
test-4333,0.077591390557218
test-43330,0.040604636067888694
test-43331,0.08826070006666069
test-43332,0.012942735812613413
test-43333,0.2637392311871735
test-43334,0.1027359903151999
test-43335,0.009812938118612391
test-43336,0.021374412154913126
test-43337,0.18472501428426394
test-43338,0.1701087033791924
test-43339,0.14277003523803697
test-4334,0.019534952120058978
test-43340,0.007404277999642133
test-43341,0.27803624103209124
test-43342,0.13043653271271616
test-43343,0.027528087361628022
test-43344,0.2050929208137876
test-43345,0.17050287560727692
test-43346,0.021042058785937758
test-43347,0.07912211436600963
test-43348,0.05273939999786985
test-43349,0.17986221036196764
test-4335,0.06345360304535314
test-43350,0.037450993759239215
test-43351,0.2776411579626662
test-43352,0.07825714499228684
test-43353,0.011426684811357163
test-43354,0.14765657314827385
test-43355,0.1508126009690024
test-43356,0.012012352382924344
test-43357,0.013754284031212363
test-43358,0.01796468348267165
test-43359,0.26905772254220034
test-4336,0.1221060258922019
test-43360,0.23923132918501636
test-43361,0.022919235420054165
test-43362,0.25438247457343305
test-43363,0.1395699152458243
test-43364,0.021286010505043994
test-43365,0.020846516394319916
test-43366,0.01764282108829815
test-43367,0.015595921965161663
test-43368,0.06159953963413637
test-43369,0.05487776745599645
test-4337,0.15345768315788177
test-43370,0.061577899304617906
test-43371,0.08884785835479893
test-43372,0.04315587774234556
test-43373,0.04362887833459848
test-43374,0.0271325875164635
test-43375,0.18599455144120466
test-43376,0.0980395501141127
test-43377,0.01932721061691731
test-43378,0.02403168801781399
test-43379,0.13631380546407343
test-4338,0.1912232682396851
test-43380,0.10084048132182166
test-43381,0.08207348032800042
test-43382,0.02099531731576139
test-43383,0.03944621867331062
test-43384,0.025052971952445546
test-43385,0.19071577311574714
test-43386,0.01729236981024
test-43387,0.006400641224777239
test-43388,0.05802177827593876
test-43389,0.011075035954201886
test-4339,0.01565468028876724
test-43390,0.013341016380945094
test-43391,0.04252105837468247
test-43392,0.15513540153521235
test-43393,0.009151650673356835
test-43394,0.014396763823689991
test-43395,0.00844444324288729
test-43396,0.06161764096930017
test-43397,0.06983136155849988
test-43398,0.049954675769884785
test-43399,0.12426513400358717
test-434,0.06447035932276897
test-4340,0.20350166767737782
test-43400,0.21978189982694504
test-43401,0.20303545172451895
test-43402,0.24659655410324882
test-43403,0.017424535963517177
test-43404,0.033861296087784
test-43405,0.08878017122493696
test-43406,0.047670512737856406
test-43407,0.05666675652980318
test-43408,0.10171477846432962
test-43409,0.0340057249161883
test-4341,0.1959062982862889
test-43410,0.17083152441261573
test-43411,0.16389686144280036
test-43412,0.057534650687697766
test-43413,0.02820130125794717
test-43414,0.1737949399630737
test-43415,0.12093380507885983
test-43416,0.13473111397650483
test-43417,0.010663977101383707
test-43418,0.1466424662258811
test-43419,0.025277152564639832
test-4342,0.03495196123269082
test-43420,0.05713631363969526
test-43421,0.021042058785937758
test-43422,0.020758358382548164
test-43423,0.03143631021708672
test-43424,0.03189546348411408
test-43425,0.17929009275659857
test-43426,0.2789731546122456
test-43427,0.18877797228648707
test-43428,0.01624838069455607
test-43429,0.043986698317070146
test-4343,0.031897899275145816
test-43430,0.02645252420081829
test-43431,0.008444627753276732
test-43432,0.025346427730598434
test-43433,0.01674340214498572
test-43434,0.30117364128114793
test-43435,0.007864687884397694
test-43436,0.01763541904512058
test-43437,0.03420273674371125
test-43438,0.012161155157752268
test-43439,0.010137192087300467
test-4344,0.011735550111349987
test-43440,0.09787796055403811
test-43441,0.14888417414747807
test-43442,0.023518205870181684
test-43443,0.051269505279712704
test-43444,0.11542992765121311
test-43445,0.13917118428459713
test-43446,0.0836160361599026
test-43447,0.06561480819727626
test-43448,0.010185983524097325
test-43449,0.04953858611954152
test-4345,0.025307036012558605
test-43450,0.2841916820042579
test-43451,0.09787796055403811
test-43452,0.23296987259124832
test-43453,0.16817540121226682
test-43454,0.11173869950911541
test-43455,0.048549556725738095
test-43456,0.033327160119923066
test-43457,0.033793849059084204
test-43458,0.030168051542356446
test-43459,0.359704329431878
test-4346,0.012349225595170321
test-43460,0.08174556412457946
test-43461,0.07520349041136251
test-43462,0.09500618022904146
test-43463,0.0844264613273772
test-43464,0.011233480743772247
test-43465,0.015298111431351328
test-43466,0.09787796055403811
test-43467,0.061577899304617906
test-43468,0.016861206490338006
test-43469,0.041639533330315046
test-4347,0.012539765050672535
test-43470,0.03130797617114892
test-43471,0.06613128233036399
test-43472,0.17604390977012518
test-43473,0.32873376893815764
test-43474,0.01806030996884655
test-43475,0.12433160880205907
test-43476,0.12167328133404057
test-43477,0.02812212419626439
test-43478,0.1735938007093013
test-43479,0.03530289605101586
test-4348,0.2006349097984084
test-43480,0.1638225344601781
test-43481,0.01399217040247279
test-43482,0.15426205512377889
test-43483,0.032114507026087896
test-43484,0.2164503150176091
test-43485,0.02036845620967065
test-43486,0.017029082320440557
test-43487,0.33605751195913636
test-43488,0.4001140406804215
test-43489,0.36822212547352273
test-4349,0.22862492777119403
test-43490,0.15520659039651405
test-43491,0.02659920211335411
test-43492,0.21678875889430085
test-43493,0.062105092587673646
test-43494,0.16633939749337903
test-43495,0.07014673511928562
test-43496,0.3876285558316951
test-43497,0.042429461047773606
test-43498,0.015847142566271018
test-43499,0.021740891784233957
test-435,0.10135147787955867
test-4350,0.14096929511845327
test-43500,0.17083434824093235
test-43501,0.18461593108806632
test-43502,0.0293448149568877
test-43503,0.19823595088719523
test-43504,0.0708289779666321
test-43505,0.1253592423731789
test-43506,0.030985503066504144
test-43507,0.06870831094427444
test-43508,0.1020837088363765
test-43509,0.06558999282683191
test-4351,0.013519155082995109
test-43510,0.010532237071284924
test-43511,0.012972419790526475
test-43512,0.04998391256747444
test-43513,0.02302892789505374
test-43514,0.1523097465669448
test-43515,0.04962827836272659
test-43516,0.020091368148451545
test-43517,0.023050264000712715
test-43518,0.0211472632918846
test-43519,0.04973803027372902
test-4352,0.16131948142566027
test-43520,0.07300415700059695
test-43521,0.22063386689472944
test-43522,0.28395496788566144
test-43523,0.16695447271917302
test-43524,0.0846182167635542
test-43525,0.06393442986834763
test-43526,0.03271248164303256
test-43527,0.014390927080386888
test-43528,0.009512167102809528
test-43529,0.028680570675819108
test-4353,0.23069447594610243
test-43530,0.3126864797662382
test-43531,0.012041883760553141
test-43532,0.28658852668192814
test-43533,0.06924344223489615
test-43534,0.18225136749846724
test-43535,0.16559315296697924
test-43536,0.12594395487385
test-43537,0.03561743008193477
test-43538,0.01623716187630027
test-43539,0.017599316467170684
test-4354,0.009546053570412195
test-43540,0.011220529395307611
test-43541,0.0692648218670522
test-43542,0.01078919968754844
test-43543,0.08647709610257066
test-43544,0.14587659855316176
test-43545,0.039854648308460756
test-43546,0.007723177466187774
test-43547,0.015797728424122547
test-43548,0.22811174793674394
test-43549,0.025010918623308998
test-4355,0.00861047408899262
test-43550,0.15744167563919254
test-43551,0.03697906117163682
test-43552,0.05339307069340168
test-43553,0.028880597366886206
test-43554,0.16695447271917302
test-43555,0.016031690657097555
test-43556,0.06819473966114212
test-43557,0.04414204543323404
test-43558,0.007367407806630141
test-43559,0.050197463504911055
test-4356,0.02420703808272917
test-43560,0.006846412205490197
test-43561,0.05351903236258696
test-43562,0.2848947256861973
test-43563,0.1543693773528168
test-43564,0.06613128233036399
test-43565,0.06202921873355899
test-43566,0.018165953781475567
test-43567,0.18971467878378398
test-43568,0.14339612261291299
test-43569,0.02005953285470941
test-4357,0.055063563475017785
test-43570,0.12106262592179928
test-43571,0.08742981472721043
test-43572,0.22991292954724218
test-43573,0.12884049440012582
test-43574,0.02431781452395333
test-43575,0.11854026241982306
test-43576,0.032056505272061026
test-43577,0.008895591537698904
test-43578,0.25464837520993067
test-43579,0.11620376548595909
test-4358,0.07514907249427193
test-43580,0.05891107656697449
test-43581,0.046080903532490065
test-43582,0.016111401414854946
test-43583,0.01495413274612114
test-43584,0.1747963055689479
test-43585,0.23168432183836463
test-43586,0.1327939937368257
test-43587,0.16368367357544486
test-43588,0.031897762445384774
test-43589,0.013699551904657853
test-4359,0.02262851192043021
test-43590,0.023166836780113928
test-43591,0.08676426786931425
test-43592,0.21485933257793838
test-43593,0.06845179840037012
test-43594,0.2256844337129291
test-43595,0.08200255049210532
test-43596,0.13844485831116107
test-43597,0.18418539639569032
test-43598,0.009099927990008515
test-43599,0.15154390166504972
test-436,0.010388175361388426
test-4360,0.01105719626868785
test-43600,0.15420253252192598
test-43601,0.02031073733106273
test-43602,0.21427895737152886
test-43603,0.20064352767760688
test-43604,0.02819651764089565
test-43605,0.1101018807157138
test-43606,0.16432294628432365
test-43607,0.008842669862127185
test-43608,0.12663596937894922
test-43609,0.15902470614744457
test-4361,0.015035352172236947
test-43610,0.019965745469858322
test-43611,0.006879657008749034
test-43612,0.2052701479638097
test-43613,0.27337144509997996
test-43614,0.0309490191375103
test-43615,0.020071340382673813
test-43616,0.04305624282937662
test-43617,0.11803087843920418
test-43618,0.3205679663423559
test-43619,0.09698234270292147
test-4362,0.14046733287614308
test-43620,0.008164606270353371
test-43621,0.05198771041913564
test-43622,0.07396145442134144
test-43623,0.09894217917792562
test-43624,0.010737397211570849
test-43625,0.04201587544696237
test-43626,0.1481739198546055
test-43627,0.01898107342129204
test-43628,0.06910088215991513
test-43629,0.022194788349447377
test-4363,0.15198204989385974
test-43630,0.05376987671622529
test-43631,0.014934441235419168
test-43632,0.03706961131794036
test-43633,0.03504097963215988
test-43634,0.12415405148843875
test-43635,0.016515546354808678
test-43636,0.032901548822871135
test-43637,0.04406184675822558
test-43638,0.06759654491864732
test-43639,0.035549445840050035
test-4364,0.2398084460190248
test-43640,0.3041944442163833
test-43641,0.09562101632509604
test-43642,0.03254705391801379
test-43643,0.13922385810233223
test-43644,0.015234831657821407
test-43645,0.19240014249288165
test-43646,0.007821822937320986
test-43647,0.09985649801372733
test-43648,0.007678518372798553
test-43649,0.25453752245194944
test-4365,0.0656410949141972
test-43650,0.14123315048652285
test-43651,0.01975319372295596
test-43652,0.013428843715478823
test-43653,0.25543506311846015
test-43654,0.02605522437270911
test-43655,0.08669419995991855
test-43656,0.33060079285476085
test-43657,0.06873580157392407
test-43658,0.3673161885801378
test-43659,0.030410966082909895
test-4366,0.030800617522229214
test-43660,0.20549147581570035
test-43661,0.23494887017551716
test-43662,0.2750323078981557
test-43663,0.08003083037374147
test-43664,0.014891469973746093
test-43665,0.09860381645007209
test-43666,0.025173719956797347
test-43667,0.09787796055403811
test-43668,0.03603062294911097
test-43669,0.0669392073111586
test-4367,0.01766344612683336
test-43670,0.04498634419118113
test-43671,0.06910088215991513
test-43672,0.07956923105483538
test-43673,0.0294280128369624
test-43674,0.16158888251268422
test-43675,0.3463836784388683
test-43676,0.01166045046508351
test-43677,0.0247963094518123
test-43678,0.17823855729980156
test-43679,0.07505656153774426
test-4368,0.30902669917001296
test-43680,0.09340936993571208
test-43681,0.027914810919922355
test-43682,0.03810491018561321
test-43683,0.054368240876228664
test-43684,0.04863946825752977
test-43685,0.03931195918961839
test-43686,0.0198393089607291
test-43687,0.04536434587989639
test-43688,0.18042742109987542
test-43689,0.026009198682443217
test-4369,0.09577148861252165
test-43690,0.3191692573603318
test-43691,0.012284687473794636
test-43692,0.008717291156187263
test-43693,0.018677650152917967
test-43694,0.013386672245668977
test-43695,0.12106476099168867
test-43696,0.02241041857219878
test-43697,0.28166253558187815
test-43698,0.03141428290253412
test-43699,0.044064712720487766
test-437,0.08881592433873475
test-4370,0.014109058836170349
test-43700,0.044954901912943955
test-43701,0.06224210117783727
test-43702,0.021877930406709975
test-43703,0.012612848415387165
test-43704,0.06613128233036399
test-43705,0.09526063506268198
test-43706,0.14965904107427827
test-43707,0.12183976685672207
test-43708,0.07952477422786855
test-43709,0.0229718216754833
test-4371,0.029601527005024456
test-43710,0.2815433892420855
test-43711,0.09219236325278243
test-43712,0.04973803027372902
test-43713,0.036242497691780964
test-43714,0.08676426786931425
test-43715,0.16725868331536936
test-43716,0.019501018538946712
test-43717,0.03058881671460467
test-43718,0.05741292997343667
test-43719,0.011437702755942457
test-4372,0.00950082175018607
test-43720,0.12913253738235023
test-43721,0.078527144818741
test-43722,0.02619537209506966
test-43723,0.012436045165365197
test-43724,0.023775999731206823
test-43725,0.059501922873155644
test-43726,0.2022543551564965
test-43727,0.17485079653102348
test-43728,0.39734879023310465
test-43729,0.022713802007437587
test-4373,0.024996454589811493
test-43730,0.2576963550251108
test-43731,0.02701289246772211
test-43732,0.2568895047476053
test-43733,0.04796600642898135
test-43734,0.05339307069340168
test-43735,0.07779885134910614
test-43736,0.13584648180255504
test-43737,0.13497478651822228
test-43738,0.030525055807111148
test-43739,0.2354945028497255
test-4374,0.03957797408190487
test-43740,0.010732802540518999
test-43741,0.02711853332818604
test-43742,0.2553530248389491
test-43743,0.08822170486009348
test-43744,0.27006759579779677
test-43745,0.10423319868920224
test-43746,0.023431907250282075
test-43747,0.05250506942987752
test-43748,0.14765971253797922
test-43749,0.06142488525316237
test-4375,0.01676065656516974
test-43750,0.23206192657171032
test-43751,0.028774654736953113
test-43752,0.0649659861634157
test-43753,0.024039659086970963
test-43754,0.11613826457242103
test-43755,0.019895355370822262
test-43756,0.40359185883614807
test-43757,0.07799433853261355
test-43758,0.09435854111353265
test-43759,0.21069383708483053
test-4376,0.012726192708000643
test-43760,0.04429636978331468
test-43761,0.02235788207374974
test-43762,0.042499531324098366
test-43763,0.02790061177206492
test-43764,0.006219090003841039
test-43765,0.024957344509404084
test-43766,0.022065701215559064
test-43767,0.14522295837489763
test-43768,0.1992984835455051
test-43769,0.008565649411829954
test-4377,0.18870825406483516
test-43770,0.02382498742385696
test-43771,0.01078665308784279
test-43772,0.018439348307318745
test-43773,0.12842816019357794
test-43774,0.01583719763872199
test-43775,0.09464936207002195
test-43776,0.13322765609400233
test-43777,0.2143780702444187
test-43778,0.04313444616975774
test-43779,0.05093417845013508
test-4378,0.034264220895201696
test-43780,0.017685300751267723
test-43781,0.40914661054400314
test-43782,0.021395292534227176
test-43783,0.023870313826512626
test-43784,0.1502610447788173
test-43785,0.01564617828032102
test-43786,0.01988350135532327
test-43787,0.041809945486834185
test-43788,0.1398388875173638
test-43789,0.06921833144662524
test-4379,0.008416308877064734
test-43790,0.01815608194510664
test-43791,0.3729856304701708
test-43792,0.10991319439002677
test-43793,0.08562353845143535
test-43794,0.0167258813124034
test-43795,0.010353191076950539
test-43796,0.03638424437685264
test-43797,0.1895372849884317
test-43798,0.007764180895029008
test-43799,0.19583504058740633
test-438,0.14920840812747646
test-4380,0.02683249939835203
test-43800,0.0687732139720173
test-43801,0.08003083037374147
test-43802,0.26038447492842764
test-43803,0.005628180319722079
test-43804,0.09681526173888853
test-43805,0.27006475654987955
test-43806,0.021327514401370377
test-43807,0.05188495961787795
test-43808,0.015819498197854064
test-43809,0.040695030576269844
test-4381,0.009060154038362236
test-43810,0.1167105168167679
test-43811,0.4201967663351794
test-43812,0.023986152379105754
test-43813,0.026727029677017556
test-43814,0.04450280877905716
test-43815,0.041110550780939954
test-43816,0.023114161139128064
test-43817,0.08081978237746361
test-43818,0.021392633426563258
test-43819,0.01973117147659239
test-4382,0.1338557859153354
test-43820,0.012508815964113929
test-43821,0.031174250232712794
test-43822,0.01195685241658379
test-43823,0.23665844696407057
test-43824,0.024039659086970963
test-43825,0.151136292358747
test-43826,0.09080886604981976
test-43827,0.4281924877944627
test-43828,0.018021880974988115
test-43829,0.15454812390860787
test-4383,0.0687732139720173
test-43830,0.02136613947082226
test-43831,0.014585344972034831
test-43832,0.07143351624702075
test-43833,0.012186455906919696
test-43834,0.020785413051632375
test-43835,0.15791575161261795
test-43836,0.02436935414536557
test-43837,0.05815979624515651
test-43838,0.01942222115154183
test-43839,0.20240081376553773
test-4384,0.15707234575706686
test-43840,0.023137491983219214
test-43841,0.02837870089092944
test-43842,0.0095374883513221
test-43843,0.022008021199186427
test-43844,0.3951689071688702
test-43845,0.09443836357339419
test-43846,0.12235226254223347
test-43847,0.08481954023786997
test-43848,0.17103155858047286
test-43849,0.14029174912574152
test-4385,0.027432110754632012
test-43850,0.16619469414734936
test-43851,0.06989588257000236
test-43852,0.019405149978487465
test-43853,0.054177068651580805
test-43854,0.08563143944380185
test-43855,0.010423532153542015
test-43856,0.07958009128105223
test-43857,0.11266714550532139
test-43858,0.02757799736869128
test-43859,0.13584648180255504
test-4386,0.04110870141843883
test-43860,0.02284156840513537
test-43861,0.03763846002177265
test-43862,0.1471114939012112
test-43863,0.043317459842940005
test-43864,0.13584648180255504
test-43865,0.1743498558770737
test-43866,0.027346612466711266
test-43867,0.244613883667253
test-43868,0.044693572919255665
test-43869,0.048705798983757556
test-4387,0.06651677902653007
test-43870,0.018178984825505378
test-43871,0.23022629871645223
test-43872,0.0436251729496189
test-43873,0.03180354503380203
test-43874,0.041618477973039136
test-43875,0.03438007063295505
test-43876,0.16701325834190228
test-43877,0.028267581109773687
test-43878,0.11493791268890327
test-43879,0.03183798661852236
test-4388,0.03611663395578433
test-43880,0.0215240233589195
test-43881,0.017079162525453353
test-43882,0.03056729269957085
test-43883,0.11286575569804716
test-43884,0.03276734081312739
test-43885,0.007172325410768151
test-43886,0.051925085636820155
test-43887,0.019213421229098925
test-43888,0.032960393672814545
test-43889,0.03598784573739425
test-4389,0.13409584152224432
test-43890,0.02086682057698239
test-43891,0.10485864888401285
test-43892,0.028958665104635906
test-43893,0.2257810307750615
test-43894,0.1694061379165921
test-43895,0.10935371262313698
test-43896,0.015250765021826228
test-43897,0.03562255488141477
test-43898,0.08277140003685082
test-43899,0.057738957094061565
test-439,0.0392565880398577
test-4390,0.0639980593504191
test-43900,0.27705565423591866
test-43901,0.03020006497639016
test-43902,0.021987839097014357
test-43903,0.015084199141107622
test-43904,0.06803412447426488
test-43905,0.12243048095082497
test-43906,0.031679115603311714
test-43907,0.12425581210655537
test-43908,0.01718751568261235
test-43909,0.0643866729807557
test-4391,0.026462822534072523
test-43910,0.013965579626737314
test-43911,0.014045154310359633
test-43912,0.17554306448711718
test-43913,0.007153714052518723
test-43914,0.22426515321204724
test-43915,0.02278778952827351
test-43916,0.017658083363345022
test-43917,0.03991427570930743
test-43918,0.10849311745818162
test-43919,0.07158559298879924
test-4392,0.15803272605515223
test-43920,0.10610611166906388
test-43921,0.3315092923479151
test-43922,0.018717039237290033
test-43923,0.21008088540025363
test-43924,0.04252105837468247
test-43925,0.014229438057802423
test-43926,0.026455109810932364
test-43927,0.16895120860994825
test-43928,0.03751522351173077
test-43929,0.02227106134382682
test-4393,0.13549560771598276
test-43930,0.026877588453694763
test-43931,0.052505888954324405
test-43932,0.07213108703238567
test-43933,0.2469533813993999
test-43934,0.006082761606607363
test-43935,0.15321232873445423
test-43936,0.1313687828469151
test-43937,0.04252105837468247
test-43938,0.3498612845481124
test-43939,0.19102831322048963
test-4394,0.0047972262518038745
test-43940,0.027263861264407604
test-43941,0.027297709800526163
test-43942,0.058078464878079626
test-43943,0.06613128233036399
test-43944,0.11997339973067722
test-43945,0.03620411711353017
test-43946,0.11451753415066433
test-43947,0.16840406538361585
test-43948,0.010009890889382504
test-43949,0.030572906260414888
test-4395,0.126313816805919
test-43950,0.021494996684068124
test-43951,0.01660205857497485
test-43952,0.04475351461529831
test-43953,0.11814047938427553
test-43954,0.09987131729732862
test-43955,0.006370205894054222
test-43956,0.06252204908644755
test-43957,0.28225216771047823
test-43958,0.025419054846309422
test-43959,0.05608723711257919
test-4396,0.01239262728837329
test-43960,0.3357856055717469
test-43961,0.207135946835412
test-43962,0.27147368995794025
test-43963,0.014661174885473733
test-43964,0.10209415604893447
test-43965,0.17679394800900827
test-43966,0.01747875896902232
test-43967,0.02093659694434653
test-43968,0.013959206244129012
test-43969,0.0202037049784195
test-4397,0.018959804524309266
test-43970,0.024096545365370942
test-43971,0.0143632518024536
test-43972,0.013313365633233877
test-43973,0.023483418505355468
test-43974,0.0687732139720173
test-43975,0.07013717606758778
test-43976,0.08711244977203436
test-43977,0.08746931586196766
test-43978,0.07321148603617267
test-43979,0.046009648738188004
test-4398,0.028830747634083973
test-43980,0.3312823413182434
test-43981,0.04894753662915502
test-43982,0.029275264446685805
test-43983,0.009541122215563769
test-43984,0.07998718850442248
test-43985,0.02673212915067041
test-43986,0.04011892843708404
test-43987,0.027094913122718285
test-43988,0.00899916137985698
test-43989,0.017576507669825457
test-4399,0.030241091721708826
test-43990,0.22064980496993902
test-43991,0.07392430597274932
test-43992,0.10661557976036053
test-43993,0.03161241722224853
test-43994,0.020134276965516753
test-43995,0.031232352265679886
test-43996,0.10252957625162215
test-43997,0.06765966958040628
test-43998,0.012798831361430044
test-43999,0.012457126943217796
test-44,0.017632627147782968
test-440,0.02963520115477721
test-4400,0.01147819579155948
test-44000,0.29352372368079516
test-44001,0.10233712621093266
test-44002,0.019885641114931102
test-44003,0.015572385491837966
test-44004,0.014416694227417362
test-44005,0.09407429308067201
test-44006,0.21042281567345103
test-44007,0.21191173118018844
test-44008,0.26833283845792927
test-44009,0.04054891976848408
test-4401,0.12736546268909707
test-44010,0.1285727876993293
test-44011,0.0786951884738208
test-44012,0.12037579753599208
test-44013,0.01748659960250881
test-44014,0.016273617993071792
test-44015,0.014018915541727177
test-44016,0.02182409621636476
test-44017,0.09119339770255026
test-44018,0.12778917682802568
test-44019,0.11517808961921891
test-4402,0.017615376371671397
test-44020,0.302148426806809
test-44021,0.022274429125279886
test-44022,0.012386265566637054
test-44023,0.14959252965654854
test-44024,0.10521797810135296
test-44025,0.09519796651736885
test-44026,0.018672924502969004
test-44027,0.02017654563322957
test-44028,0.011134161602945041
test-44029,0.06635547093062615
test-4403,0.07154554671561687
test-44030,0.0104253487643917
test-44031,0.04688163618239434
test-44032,0.14322534686649982
test-44033,0.15077136161288737
test-44034,0.04765253283692352
test-44035,0.21125465163591242
test-44036,0.061577899304617906
test-44037,0.06032382254412945
test-44038,0.07492182005287483
test-44039,0.32783391057047334
test-4404,0.03419662834405908
test-44040,0.2850896066582316
test-44041,0.24489190821869616
test-44042,0.20100076506819364
test-44043,0.03764267758882777
test-44044,0.168001352897301
test-44045,0.18291190581120803
test-44046,0.40786541024547146
test-44047,0.2814469028768276
test-44048,0.1900258626328395
test-44049,0.0385348273450687
test-4405,0.049608527668331126
test-44050,0.34441083662304095
test-44051,0.011252633348863568
test-44052,0.016521279337867564
test-44053,0.20131875979767727
test-44054,0.008562357470974514
test-44055,0.08719755038109307
test-44056,0.014080232656244744
test-44057,0.02728870214426809
test-44058,0.009913469425288472
test-44059,0.032039855717219984
test-4406,0.07612875397301892
test-44060,0.11709343371842393
test-44061,0.1269855466165695
test-44062,0.013559607737308715
test-44063,0.08003083037374147
test-44064,0.007864687884397694
test-44065,0.23345310600131247
test-44066,0.23983781960674508
test-44067,0.007624628117751953
test-44068,0.20639378835912528
test-44069,0.07115413837095834
test-4407,0.015020516209408466
test-44070,0.12122346511965877
test-44071,0.0504181768999684
test-44072,0.04249429570929282
test-44073,0.05474701505701139
test-44074,0.005652179331513238
test-44075,0.04893332109386459
test-44076,0.06148093363491958
test-44077,0.010493620471180415
test-44078,0.03185243136377257
test-44079,0.12231610687012379
test-4408,0.3021893522972768
test-44080,0.01292614904253335
test-44081,0.12445983104104867
test-44082,0.025937932202933372
test-44083,0.047819046665637216
test-44084,0.041236828495821255
test-44085,0.0669392073111586
test-44086,0.1174236379194529
test-44087,0.3002333965550544
test-44088,0.060625065907327205
test-44089,0.0765176442062777
test-4409,0.0577382545616543
test-44090,0.07229586596241067
test-44091,0.1551778109411527
test-44092,0.009436188421643113
test-44093,0.37649592573471036
test-44094,0.12033608949617267
test-44095,0.017953027065630095
test-44096,0.00928812140400781
test-44097,0.0669392073111586
test-44098,0.079767040519193
test-44099,0.014236250470800828
test-441,0.009989042179174698
test-4410,0.024039659086970963
test-44100,0.026480780872859048
test-44101,0.2148697308107794
test-44102,0.02063976602740363
test-44103,0.010438976729218518
test-44104,0.14302074109025212
test-44105,0.0067060147548541685
test-44106,0.013444946971638425
test-44107,0.013972229157099569
test-44108,0.18919218388162878
test-44109,0.012762358659518748
test-4411,0.04025040055988446
test-44110,0.08804032750587576
test-44111,0.11384910828799308
test-44112,0.19955545937433553
test-44113,0.013608381595075715
test-44114,0.08110574680769143
test-44115,0.25561895904408594
test-44116,0.06107244868006746
test-44117,0.21999416627882928
test-44118,0.24782168864499474
test-44119,0.17004898122001094
test-4412,0.040036434232552064
test-44120,0.10551142809209971
test-44121,0.3779104797181301
test-44122,0.047973129054635286
test-44123,0.030777537934812797
test-44124,0.17533371688109045
test-44125,0.2520944155446072
test-44126,0.02228541645780162
test-44127,0.009781861533288918
test-44128,0.02418656385006366
test-44129,0.012319928187023627
test-4413,0.04695277820894962
test-44130,0.026620271917915137
test-44131,0.02828560658105351
test-44132,0.11586359312041768
test-44133,0.23688267103506383
test-44134,0.1408487658022275
test-44135,0.1593470651437959
test-44136,0.1359695620903044
test-44137,0.01762237475783515
test-44138,0.16958222934433176
test-44139,0.020348804470114036
test-4414,0.007658067253350887
test-44140,0.026168076512427686
test-44141,0.017196009098997465
test-44142,0.16527292683090145
test-44143,0.11836029599616686
test-44144,0.09787796055403811
test-44145,0.012962765446716897
test-44146,0.22058657988506114
test-44147,0.0323351060479086
test-44148,0.01648120089601652
test-44149,0.1814098253250199
test-4415,0.0249635388412636
test-44150,0.10622528097225033
test-44151,0.16683301944417225
test-44152,0.11701126966791488
test-44153,0.11642752619218284
test-44154,0.011081113691221467
test-44155,0.0167699079804571
test-44156,0.024637955026289092
test-44157,0.09650011700513807
test-44158,0.13822908176125848
test-44159,0.21420257545284377
test-4416,0.12663596937894922
test-44160,0.010112793186231815
test-44161,0.33856557493326367
test-44162,0.09828073829103347
test-44163,0.02228365685687734
test-44164,0.11940501809502087
test-44165,0.018800689439148192
test-44166,0.08862894291339803
test-44167,0.17176189382128507
test-44168,0.030344182620396877
test-44169,0.07799433853261355
test-4417,0.11461242017588849
test-44170,0.03732395223251579
test-44171,0.029188912204367985
test-44172,0.012962765446716897
test-44173,0.03388826362508373
test-44174,0.173565471870398
test-44175,0.04788030523373802
test-44176,0.024153465663665198
test-44177,0.007412350936366664
test-44178,0.020705049486284342
test-44179,0.315107226151039
test-4418,0.0689911106684602
test-44180,0.2787890995394631
test-44181,0.19863852306277474
test-44182,0.06769227346933265
test-44183,0.09442088964773863
test-44184,0.06259100480523434
test-44185,0.23532388045065755
test-44186,0.2843307803505914
test-44187,0.03553083816826185
test-44188,0.14782108282621537
test-44189,0.028026209714291497
test-4419,0.010094692488675285
test-44190,0.019081030768449005
test-44191,0.2279181639604395
test-44192,0.03141241168350959
test-44193,0.0967068375571029
test-44194,0.02403168801781399
test-44195,0.07611762895677239
test-44196,0.016925905387990596
test-44197,0.05589787101660704
test-44198,0.02695036692577566
test-44199,0.19028871659688681
test-442,0.04806362705980692
test-4420,0.03612497698204587
test-44200,0.04469725935315853
test-44201,0.0347734433732808
test-44202,0.009883207207340289
test-44203,0.07287513663214307
test-44204,0.0394470376469508
test-44205,0.02998668057397714
test-44206,0.016152746678849285
test-44207,0.10481859758928998
test-44208,0.010853753285515997
test-44209,0.008419337591719575
test-4421,0.058902821520446555
test-44210,0.21607095856865194
test-44211,0.03857986991693547
test-44212,0.1398817640174991
test-44213,0.09200797974923196
test-44214,0.1330652076978669
test-44215,0.028209193161570584
test-44216,0.19178404372040928
test-44217,0.025380421702262623
test-44218,0.048119518171409574
test-44219,0.020809628776172765
test-4422,0.2191999185836003
test-44220,0.08534692533601139
test-44221,0.011693415507952797
test-44222,0.13244922815091625
test-44223,0.0846182167635542
test-44224,0.019338596174996617
test-44225,0.014080232656244744
test-44226,0.11246601556151103
test-44227,0.11747894731564777
test-44228,0.19726500433016217
test-44229,0.22366746590804193
test-4423,0.15986151145862512
test-44230,0.009175007209587258
test-44231,0.009906901961089055
test-44232,0.026478693392479307
test-44233,0.06769227346933265
test-44234,0.057965118797644696
test-44235,0.016874110572868216
test-44236,0.030125707188923368
test-44237,0.013058133623825408
test-44238,0.2814745165803821
test-44239,0.030289862312681687
test-4424,0.020506457942379173
test-44240,0.14141331355467035
test-44241,0.03966006853214493
test-44242,0.018999390175305074
test-44243,0.010302000964037206
test-44244,0.16926101307134842
test-44245,0.03208642786295217
test-44246,0.0340354194969478
test-44247,0.20651660219402135
test-44248,0.05608161125235809
test-44249,0.1721014983827393
test-4425,0.09911392794329697
test-44250,0.17533776105097756
test-44251,0.13873757691757796
test-44252,0.03390012657595553
test-44253,0.09625232664644406
test-44254,0.17997846468170617
test-44255,0.22274455334523754
test-44256,0.03966882441571814
test-44257,0.08003083037374147
test-44258,0.07521460183944736
test-44259,0.02068629139210938
test-4426,0.04352596964916318
test-44260,0.03598784573739425
test-44261,0.1826055119726844
test-44262,0.083553902622353
test-44263,0.160576350325198
test-44264,0.05328186236994205
test-44265,0.1348833720184543
test-44266,0.04581307469286145
test-44267,0.03295671041302379
test-44268,0.03083782591371698
test-44269,0.051544397233487645
test-4427,0.00815049939149277
test-44270,0.015720890309817565
test-44271,0.0164788670744973
test-44272,0.12734862477865527
test-44273,0.08882798678170253
test-44274,0.006498050626518729
test-44275,0.1392486240152906
test-44276,0.019465645332927713
test-44277,0.020908619998876977
test-44278,0.03895619095237962
test-44279,0.17315516718787624
test-4428,0.0692935195666986
test-44280,0.0347734433732808
test-44281,0.2504028559894054
test-44282,0.3301941954837216
test-44283,0.1760746086625714
test-44284,0.12747176305600041
test-44285,0.012554906436861728
test-44286,0.2692290989498591
test-44287,0.3118696175210852
test-44288,0.013506125910604488
test-44289,0.022436923695358876
test-4429,0.12188389398306844
test-44290,0.006591499392138439
test-44291,0.10478968706766283
test-44292,0.14141331355467035
test-44293,0.060197544497033344
test-44294,0.0846182167635542
test-44295,0.018987190051375304
test-44296,0.2931730606599195
test-44297,0.006584411205946947
test-44298,0.028172123477345247
test-44299,0.06390585972311909
test-443,0.11203633768702428
test-4430,0.021048017838965188
test-44300,0.06169485336337768
test-44301,0.04482762305119193
test-44302,0.12758786262445412
test-44303,0.015982975037589966
test-44304,0.13789967507468318
test-44305,0.09737459073976158
test-44306,0.01458850814505007
test-44307,0.1879862365049525
test-44308,0.03135398996832833
test-44309,0.013906029562469948
test-4431,0.20122513922876345
test-44310,0.22271523788369293
test-44311,0.021059527731341773
test-44312,0.04475351461529831
test-44313,0.1957238999564901
test-44314,0.17006861200714093
test-44315,0.015803264524468785
test-44316,0.055385715823628286
test-44317,0.0317376133103004
test-44318,0.19160424356043876
test-44319,0.006758521250879855
test-4432,0.09985649801372733
test-44320,0.028703508075175424
test-44321,0.010202299175626968
test-44322,0.008839432209271152
test-44323,0.04585028974622366
test-44324,0.012999564440928387
test-44325,0.0925004531086893
test-44326,0.037105041846329984
test-44327,0.015504427617043378
test-44328,0.008396628394137573
test-44329,0.02658200418808238
test-4433,0.014071279378373922
test-44330,0.04668833789651254
test-44331,0.021577746592835352
test-44332,0.01082604424973208
test-44333,0.017073671502567802
test-44334,0.02879318817783409
test-44335,0.021691155008224532
test-44336,0.026528002023509356
test-44337,0.020239498045538467
test-44338,0.040493342630070886
test-44339,0.017109275429153605
test-4434,0.043653899513224625
test-44340,0.016011533587128885
test-44341,0.21678991858611896
test-44342,0.014942591034453225
test-44343,0.009928130361462981
test-44344,0.009399875120792439
test-44345,0.162567307530442
test-44346,0.19166198244251073
test-44347,0.07922587963342911
test-44348,0.3235948282243323
test-44349,0.016861713454186564
test-4435,0.009066550057728514
test-44350,0.0669392073111586
test-44351,0.0308981276085366
test-44352,0.19381724698716649
test-44353,0.3083356732648446
test-44354,0.11512351736983528
test-44355,0.04576829114762112
test-44356,0.09838274561760495
test-44357,0.1331945219253506
test-44358,0.1354478357632283
test-44359,0.02320734686488583
test-4436,0.020952936797077513
test-44360,0.21850225797947892
test-44361,0.015104142453162779
test-44362,0.16402558750993673
test-44363,0.12347717015580931
test-44364,0.09062260443951208
test-44365,0.06769227346933265
test-44366,0.014809461809527516
test-44367,0.0999895520025232
test-44368,0.011981705913106445
test-44369,0.0048631732871038
test-4437,0.09292158010240373
test-44370,0.15059463267573042
test-44371,0.10470988926519785
test-44372,0.07379027300329317
test-44373,0.06007031728018209
test-44374,0.025333152621176587
test-44375,0.11543498080582862
test-44376,0.18252287635496003
test-44377,0.022920742430041604
test-44378,0.06992053388504323
test-44379,0.03082764698530515
test-4438,0.08442238665891803
test-44380,0.033350505002518814
test-44381,0.0669392073111586
test-44382,0.029693361270693563
test-44383,0.11655893027213471
test-44384,0.02086618421900358
test-44385,0.07616138668010171
test-44386,0.10078966190951746
test-44387,0.048175520564285944
test-44388,0.02941111481668772
test-44389,0.23492403425822228
test-4439,0.1328703891789485
test-44390,0.0682210654707025
test-44391,0.010576097592789394
test-44392,0.09660554351263509
test-44393,0.007045326625457414
test-44394,0.08888005429284973
test-44395,0.02082870817337627
test-44396,0.03957797408190487
test-44397,0.08723666399312696
test-44398,0.07344271144404275
test-44399,0.07802819961977205
test-444,0.02041550155449259
test-4440,0.07671953750486811
test-44400,0.04320227273209672
test-44401,0.016282590653056823
test-44402,0.04252105837468247
test-44403,0.24038040825725593
test-44404,0.010196356301552169
test-44405,0.017071569365741383
test-44406,0.16667677909067272
test-44407,0.057733271306122685
test-44408,0.05200052981109767
test-44409,0.2578200118475801
test-4441,0.09787796055403811
test-44410,0.09787796055403811
test-44411,0.12044383311365998
test-44412,0.0183193890166631
test-44413,0.12350278043317249
test-44414,0.015692672579196223
test-44415,0.015425930321479738
test-44416,0.057738957094061565
test-44417,0.02106094124181315
test-44418,0.09787796055403811
test-44419,0.20100101521210817
test-4442,0.17645226684991447
test-44420,0.2262887729828075
test-44421,0.011283161094676022
test-44422,0.07639707430358973
test-44423,0.24010181865305769
test-44424,0.018600188978317046
test-44425,0.0252990819851539
test-44426,0.03185668945975935
test-44427,0.24843384164733665
test-44428,0.10337292029872587
test-44429,0.30311173782463047
test-4443,0.07947411752721788
test-44430,0.01789535188041588
test-44431,0.0669392073111586
test-44432,0.04315587774234556
test-44433,0.011392937053266057
test-44434,0.19965045095955455
test-44435,0.03173186598753145
test-44436,0.10269914495864958
test-44437,0.0414953855924854
test-44438,0.09870796579632887
test-44439,0.034151457466298975
test-4444,0.013438423494792693
test-44440,0.0054877906189172215
test-44441,0.017047143110090514
test-44442,0.01263221411230989
test-44443,0.21279509571923858
test-44444,0.044200675822435566
test-44445,0.0069082750772456744
test-44446,0.03649558450251201
test-44447,0.18050097232401238
test-44448,0.20563897268094244
test-44449,0.3267316099443742
test-4445,0.26400641896477045
test-44450,0.053289613153079
test-44451,0.023335713468001902
test-44452,0.025130378423782174
test-44453,0.028666966374816076
test-44454,0.007893881776791784
test-44455,0.009920433152637886
test-44456,0.010711270615127326
test-44457,0.029898820979739373
test-44458,0.3450913125327126
test-44459,0.019600688926229338
test-4446,0.1243143389854933
test-44460,0.03436559277133596
test-44461,0.049851982966716314
test-44462,0.044021108512742685
test-44463,0.10812441104234922
test-44464,0.11709343371842393
test-44465,0.17903802988922818
test-44466,0.010837037343054244
test-44467,0.15215966244890658
test-44468,0.011155946196487078
test-44469,0.041760720624100627
test-4447,0.05062260346364698
test-44470,0.10360318044908155
test-44471,0.2032881262300473
test-44472,0.010554522161480315
test-44473,0.17892450483811334
test-44474,0.013157338482517959
test-44475,0.03217148106861156
test-44476,0.009265127709712937
test-44477,0.18734104165643198
test-44478,0.0240484777530404
test-44479,0.017526438487380815
test-4448,0.040185581687327034
test-44480,0.01787324844662315
test-44481,0.021176670602333646
test-44482,0.1006045703042685
test-44483,0.08116648620621518
test-44484,0.009968650845579134
test-44485,0.16026552155531107
test-44486,0.18495186810730008
test-44487,0.03611663395578433
test-44488,0.01167220863998642
test-44489,0.007670107894692098
test-4449,0.21028370448873054
test-44490,0.007873579298771395
test-44491,0.16919282277140563
test-44492,0.020184049019556536
test-44493,0.22823968721817597
test-44494,0.18863396752775943
test-44495,0.007208509020722285
test-44496,0.045541226408150025
test-44497,0.020384551413979716
test-44498,0.17645226684991447
test-44499,0.2908730366617032
test-445,0.11584693347288895
test-4450,0.05015468531813707
test-44500,0.15241633641152563
test-44501,0.01648120089601652
test-44502,0.0066976389114798114
test-44503,0.03957797408190487
test-44504,0.017759020963952623
test-44505,0.0882686930763315
test-44506,0.06998140091791508
test-44507,0.008164597324273966
test-44508,0.035481361317833304
test-44509,0.03913436200344884
test-4451,0.03394517755049771
test-44510,0.010492061733371947
test-44511,0.03967887939275278
test-44512,0.030860211436749246
test-44513,0.03562798081380685
test-44514,0.1247282384843349
test-44515,0.019269714576712487
test-44516,0.16406571975887602
test-44517,0.15800035899780884
test-44518,0.16344830039709268
test-44519,0.11070994166518344
test-4452,0.1490516569896876
test-44520,0.03440141956341232
test-44521,0.15562598968907979
test-44522,0.02364349125962653
test-44523,0.01873082556378133
test-44524,0.1744387507081044
test-44525,0.027470278374778674
test-44526,0.22472840070228406
test-44527,0.3398964533677887
test-44528,0.04612737666399176
test-44529,0.013524791859495525
test-4453,0.129637833223185
test-44530,0.16134165846087295
test-44531,0.21071533562156813
test-44532,0.17163222515686755
test-44533,0.13519210530909775
test-44534,0.36110551249947226
test-44535,0.01019928030492807
test-44536,0.016522430808150378
test-44537,0.1307297968757307
test-44538,0.034462792400414846
test-44539,0.2520944155446072
test-4454,0.03237834370079598
test-44540,0.10098069506471297
test-44541,0.021875831073785608
test-44542,0.01566750148407009
test-44543,0.019389072554936913
test-44544,0.47897353260895836
test-44545,0.036198202697409525
test-44546,0.016723314006739362
test-44547,0.25438247457343305
test-44548,0.01063047290001726
test-44549,0.021444615924330338
test-4455,0.11821782214394605
test-44550,0.03950915470502685
test-44551,0.1313395705021038
test-44552,0.029496715434016968
test-44553,0.07772160273798005
test-44554,0.05713561618892223
test-44555,0.09728028752283001
test-44556,0.09894217917792562
test-44557,0.06390585972311909
test-44558,0.018971447077566157
test-44559,0.012639538773832226
test-4456,0.037316672470484945
test-44560,0.1117208277781854
test-44561,0.2841424532080159
test-44562,0.06582703481695071
test-44563,0.026953089124268668
test-44564,0.02044915692526133
test-44565,0.3352816308003316
test-44566,0.15455295872876457
test-44567,0.03561633174927107
test-44568,0.04928739968080181
test-44569,0.013335389707916917
test-4457,0.012188911005729835
test-44570,0.05809952872785372
test-44571,0.03157680006439106
test-44572,0.010863307609399953
test-44573,0.04168364606165011
test-44574,0.13364633108020685
test-44575,0.0303201289599911
test-44576,0.02267963971706917
test-44577,0.0269519129843276
test-44578,0.023028109608347534
test-44579,0.016160909900064323
test-4458,0.04662047693235989
test-44580,0.2972280212954849
test-44581,0.1295286755564557
test-44582,0.014933232822082802
test-44583,0.10202275932713735
test-44584,0.03226637035715553
test-44585,0.03963966513170875
test-44586,0.22859088852173995
test-44587,0.10902351814552402
test-44588,0.022105492935266962
test-44589,0.07786976826513486
test-4459,0.01471863662557119
test-44590,0.07951283365372884
test-44591,0.017018657664349995
test-44592,0.015508528556404739
test-44593,0.17645226684991447
test-44594,0.030355347421153596
test-44595,0.06728041356884833
test-44596,0.2011454835030215
test-44597,0.09864772516378659
test-44598,0.054436248738495105
test-44599,0.15378664258965247
test-446,0.01190180828372277
test-4460,0.10072497265896366
test-44600,0.2060778555362289
test-44601,0.029222393962908582
test-44602,0.06586590550913479
test-44603,0.03472934187105434
test-44604,0.15645650730099434
test-44605,0.02206799553251007
test-44606,0.044179972783737705
test-44607,0.18680644675934602
test-44608,0.05139727987960333
test-44609,0.10442103692173234
test-4461,0.242134587296234
test-44610,0.05935653968315901
test-44611,0.04601341190648496
test-44612,0.09526063506268198
test-44613,0.02957132004626628
test-44614,0.015300660322270494
test-44615,0.13473111397650483
test-44616,0.024018580701254764
test-44617,0.04384162491836012
test-44618,0.21932071691327332
test-44619,0.03240283995213259
test-4462,0.04906984181357477
test-44620,0.04412763979956091
test-44621,0.01186533791402292
test-44622,0.08791714104698813
test-44623,0.013476452604998516
test-44624,0.015209371834710314
test-44625,0.03279996534532625
test-44626,0.025196930554011118
test-44627,0.06517859581782387
test-44628,0.024011944064801883
test-44629,0.013297670862006596
test-4463,0.32634839212986777
test-44630,0.019421218951954936
test-44631,0.007572649179081166
test-44632,0.09965463327911608
test-44633,0.33712876269394887
test-44634,0.04116964502066267
test-44635,0.012197227894139871
test-44636,0.0852340249060206
test-44637,0.07010211855807186
test-44638,0.32775942874219727
test-44639,0.21410549042271118
test-4464,0.0500189330165921
test-44640,0.05460983017752471
test-44641,0.019481710857787327
test-44642,0.03356706052092764
test-44643,0.04051182369827448
test-44644,0.02815431697521465
test-44645,0.06989588257000236
test-44646,0.11600512398760146
test-44647,0.21753487203461433
test-44648,0.04687990176877201
test-44649,0.08148817949288639
test-4465,0.022159727663263087
test-44650,0.05498965530279614
test-44651,0.08091840458510943
test-44652,0.03408290519867739
test-44653,0.10190161977749532
test-44654,0.06606203957216848
test-44655,0.03714988897915884
test-44656,0.04966022289456529
test-44657,0.03558517153698316
test-44658,0.15795217799616088
test-44659,0.030570872925358077
test-4466,0.021824089802987976
test-44660,0.0846182167635542
test-44661,0.17433733728562667
test-44662,0.11540849148144909
test-44663,0.10052074351410359
test-44664,0.10933126706823568
test-44665,0.011423792289343948
test-44666,0.04481569703040983
test-44667,0.04252105837468247
test-44668,0.03433631438997168
test-44669,0.14512775388963134
test-4467,0.019249356334985257
test-44670,0.010779603318825434
test-44671,0.06740278956034003
test-44672,0.24477710727778912
test-44673,0.2521970986182643
test-44674,0.34328957768527085
test-44675,0.006219090003841039
test-44676,0.07154554671561687
test-44677,0.16650216988427272
test-44678,0.010888164556628839
test-44679,0.0768670717816586
test-4468,0.11095897402453252
test-44680,0.01789172677561108
test-44681,0.02374526261665615
test-44682,0.00827803342254388
test-44683,0.2972280212954849
test-44684,0.05159215207976086
test-44685,0.024860981024108397
test-44686,0.07736971131561239
test-44687,0.07529032583716568
test-44688,0.013708290797548836
test-44689,0.018668596531700877
test-4469,0.13353568865045198
test-44690,0.04061525525870969
test-44691,0.013117979710711396
test-44692,0.012629533737434973
test-44693,0.27337144509997996
test-44694,0.3104866989527817
test-44695,0.013863757506694333
test-44696,0.03478299437459707
test-44697,0.010485734900480033
test-44698,0.11179539010656778
test-44699,0.2742754733940182
test-447,0.1022125510466614
test-4470,0.043713504906616345
test-44700,0.2572376208741277
test-44701,0.08890115724917734
test-44702,0.02719598437265783
test-44703,0.09617405376787827
test-44704,0.03949305557733654
test-44705,0.030147124461829544
test-44706,0.05850319094739505
test-44707,0.02783055100561016
test-44708,0.06901444808060653
test-44709,0.3504569714297448
test-4471,0.031752483146078286
test-44710,0.18224267611299555
test-44711,0.07955672582119087
test-44712,0.09159662474776194
test-44713,0.012880484808920602
test-44714,0.008625280746601455
test-44715,0.1700200967571383
test-44716,0.17370429366574813
test-44717,0.03151376062281193
test-44718,0.011011313132027663
test-44719,0.13162182790869603
test-4472,0.026478693392479307
test-44720,0.0669392073111586
test-44721,0.007366445240551258
test-44722,0.04281301655266833
test-44723,0.022866670692999476
test-44724,0.15795683293394025
test-44725,0.25509213669512276
test-44726,0.0161551323375548
test-44727,0.13848247949711948
test-44728,0.0480874289899147
test-44729,0.009442778913269473
test-4473,0.010545966988720887
test-44730,0.15841602935769097
test-44731,0.03729625603245543
test-44732,0.01964115724790115
test-44733,0.07114218470552074
test-44734,0.0205525795852904
test-44735,0.07318416718926721
test-44736,0.04475351461529831
test-44737,0.025237949257932116
test-44738,0.008074611240356742
test-44739,0.06663122696760175
test-4474,0.12966091339584554
test-44740,0.015195230038920711
test-44741,0.18062939841117717
test-44742,0.12669521753714805
test-44743,0.0958729851281751
test-44744,0.012777063692312747
test-44745,0.20586684501643684
test-44746,0.011431199275075531
test-44747,0.22704541316642277
test-44748,0.1368321145500669
test-44749,0.017570641069852216
test-4475,0.018454225608461577
test-44750,0.10093115560656381
test-44751,0.11620230864708272
test-44752,0.024865209308438902
test-44753,0.014953627596337712
test-44754,0.0669392073111586
test-44755,0.25377076234009954
test-44756,0.03367654965703028
test-44757,0.01589922091982881
test-44758,0.013414864622922547
test-44759,0.2542415335726463
test-4476,0.006433142432983412
test-44760,0.04429542680835915
test-44761,0.21768066281542814
test-44762,0.03921690265425631
test-44763,0.009493419309018324
test-44764,0.029101521791940928
test-44765,0.03751782035239224
test-44766,0.011324695611596814
test-44767,0.19499093961142458
test-44768,0.022839393659868985
test-44769,0.07093690268164553
test-4477,0.16462162447535955
test-44770,0.2521797129273758
test-44771,0.04262189393297906
test-44772,0.007549042960258118
test-44773,0.01565814274465902
test-44774,0.016057884618491575
test-44775,0.010976332147110976
test-44776,0.028361964353059554
test-44777,0.10893213999898937
test-44778,0.012521813993779314
test-44779,0.02712610431248483
test-4478,0.015978893724849605
test-44780,0.032608955817655466
test-44781,0.18858896600899172
test-44782,0.13916185832790504
test-44783,0.0840643731538848
test-44784,0.028439007528216514
test-44785,0.18399132918791136
test-44786,0.17545298748453472
test-44787,0.046888420473384124
test-44788,0.24285956108842668
test-44789,0.04252105837468247
test-4479,0.014639547795696923
test-44790,0.013033020701047176
test-44791,0.013707891253139436
test-44792,0.007881092245878128
test-44793,0.023323317873732697
test-44794,0.4034161808085848
test-44795,0.14063601512417984
test-44796,0.016891533769177507
test-44797,0.047457563689155415
test-44798,0.217145684311671
test-44799,0.25665264258111437
test-448,0.06301516095426891
test-4480,0.044117914702212685
test-44800,0.1346195596365483
test-44801,0.16749991203704834
test-44802,0.03887152562395575
test-44803,0.011462376062922813
test-44804,0.00879654692289289
test-44805,0.00965755949189502
test-44806,0.3196410122164021
test-44807,0.33796778476497996
test-44808,0.19394286479453288
test-44809,0.0846182167635542
test-4481,0.010051198542999759
test-44810,0.023644144689767232
test-44811,0.03527740107479457
test-44812,0.44089449098961925
test-44813,0.017814217588885194
test-44814,0.12572053881146245
test-44815,0.07090126110924141
test-44816,0.215315646182071
test-44817,0.032624407500736925
test-44818,0.1532456473275676
test-44819,0.017950199998758364
test-4482,0.20550261594221314
test-44820,0.07390631742990281
test-44821,0.020808324885373892
test-44822,0.0071238180942800305
test-44823,0.10470635326940836
test-44824,0.009482856086595772
test-44825,0.011359659525609973
test-44826,0.08774455281302136
test-44827,0.006526908753623806
test-44828,0.11796132408803053
test-44829,0.15954514607156867
test-4483,0.40786541024547146
test-44830,0.06705451823062872
test-44831,0.1869213515024209
test-44832,0.12892894738187646
test-44833,0.04060898023228498
test-44834,0.05234941329191405
test-44835,0.011902213415078456
test-44836,0.13877779146304223
test-44837,0.016020232182825667
test-44838,0.028646215219122126
test-44839,0.05487074141842787
test-4484,0.020911782575520784
test-44840,0.02837629269264201
test-44841,0.11543498080582862
test-44842,0.015775333449884844
test-44843,0.13951188892716312
test-44844,0.1523067493039368
test-44845,0.07587715039759023
test-44846,0.10229451353670332
test-44847,0.13091380359304408
test-44848,0.091657484912097
test-44849,0.011261796592777071
test-4485,0.029074600680547947
test-44850,0.08219192647824698
test-44851,0.027444396684843643
test-44852,0.008808459429007813
test-44853,0.04371992181409238
test-44854,0.06812180412430698
test-44855,0.0339101715611585
test-44856,0.14061713041581722
test-44857,0.05217808875250935
test-44858,0.0669392073111586
test-44859,0.05696161965524481
test-4486,0.0688376526721422
test-44860,0.40122400986845613
test-44861,0.11791614992978854
test-44862,0.01841799469116741
test-44863,0.0688376526721422
test-44864,0.01925127412944361
test-44865,0.011252213916433234
test-44866,0.017095334464636156
test-44867,0.026800803326339395
test-44868,0.0687732139720173
test-44869,0.039740063952228004
test-4487,0.018485528754536146
test-44870,0.12669521753714805
test-44871,0.09678353231740329
test-44872,0.07958009128105223
test-44873,0.03144743363949796
test-44874,0.03275819626975805
test-44875,0.1543693773528168
test-44876,0.010912407998373713
test-44877,0.013541010566906833
test-44878,0.03002269586675061
test-44879,0.05360232178659284
test-4488,0.13775918575813118
test-44880,0.1247282384843349
test-44881,0.02817983223396683
test-44882,0.007915852708647877
test-44883,0.3551966811186103
test-44884,0.03355403077527231
test-44885,0.19897024059462654
test-44886,0.022267051529601345
test-44887,0.1015990729615897
test-44888,0.16579412277618716
test-44889,0.1573072843795265
test-4489,0.01928847357097102
test-44890,0.014423842832422913
test-44891,0.015971437582018584
test-44892,0.1031446530285897
test-44893,0.14212798763130552
test-44894,0.019521698871116124
test-44895,0.005492382329025046
test-44896,0.15684860910073448
test-44897,0.015086210601080181
test-44898,0.0187562792567986
test-44899,0.134409895319157
test-449,0.028712603841137163
test-4490,0.007235025078507707
test-44900,0.01079564936009278
test-44901,0.044200675822435566
test-44902,0.12765352774369232
test-44903,0.0168484239551297
test-44904,0.009351547975542168
test-44905,0.14341590628354015
test-44906,0.01046061960682334
test-44907,0.012248502464349447
test-44908,0.019716708348280317
test-44909,0.21918413631800254
test-4491,0.02925324589791242
test-44910,0.030711470715875412
test-44911,0.1585963133700143
test-44912,0.07201609983401962
test-44913,0.004611383323184741
test-44914,0.17435031564360848
test-44915,0.11427831347304306
test-44916,0.1360099245293686
test-44917,0.015465447053017724
test-44918,0.1654583291284624
test-44919,0.01492761066681292
test-4492,0.24673439534131827
test-44920,0.16578567324239807
test-44921,0.007974318170168361
test-44922,0.03155358373482753
test-44923,0.03052715209114192
test-44924,0.1073181727684402
test-44925,0.021799405202588225
test-44926,0.01604619184114799
test-44927,0.053754856039856025
test-44928,0.006763158654203389
test-44929,0.007100136531745075
test-4493,0.027471521470755177
test-44930,0.23476288863477418
test-44931,0.07097412885645901
test-44932,0.34824367211800156
test-44933,0.01843352524826838
test-44934,0.1197416195614441
test-44935,0.025312697225267505
test-44936,0.013248074544593577
test-44937,0.021254463566945728
test-44938,0.11780727544784955
test-44939,0.010495418056502864
test-4494,0.023541170282212965
test-44940,0.04682283706242694
test-44941,0.0984768316356362
test-44942,0.07125925823086206
test-44943,0.0699313948723775
test-44944,0.02195079460353858
test-44945,0.09312714672381359
test-44946,0.021367708137619477
test-44947,0.05015468531813707
test-44948,0.037056248963493514
test-44949,0.07975703946119447
test-4495,0.24710556225225216
test-44950,0.1518186660957838
test-44951,0.19955545937433553
test-44952,0.03921518554013437
test-44953,0.07796934744318088
test-44954,0.1828758429853452
test-44955,0.028056965654183492
test-44956,0.05425373533802656
test-44957,0.26403329334324965
test-44958,0.09943800696189763
test-44959,0.011155002689389619
test-4496,0.042961737832615594
test-44960,0.13621475891625623
test-44961,0.3203868204994877
test-44962,0.03634372152601295
test-44963,0.04583814860363105
test-44964,0.1351960740745884
test-44965,0.03815906929611421
test-44966,0.025619913875922874
test-44967,0.02046071993453077
test-44968,0.03879125468618899
test-44969,0.19959032545488808
test-4497,0.19566415463878947
test-44970,0.09673533330374554
test-44971,0.008637489353218768
test-44972,0.08468577599273454
test-44973,0.07767811127649138
test-44974,0.017781517531680092
test-44975,0.02874157781611735
test-44976,0.0373728040767616
test-44977,0.05897355180256862
test-44978,0.02594109548562901
test-44979,0.01870667261775456
test-4498,0.00813142316502715
test-44980,0.018641191838509423
test-44981,0.06411813338560948
test-44982,0.17141570284105212
test-44983,0.021897757146381508
test-44984,0.05555824777597796
test-44985,0.02066113595260516
test-44986,0.17781585430295208
test-44987,0.009816043634626745
test-44988,0.10173244940272004
test-44989,0.2783733873914599
test-4499,0.027849286471815175
test-44990,0.014888445541976483
test-44991,0.1368321145500669
test-44992,0.061994690590416686
test-44993,0.023643675606030885
test-44994,0.17645226684991447
test-44995,0.1818666045525517
test-44996,0.04910221546606357
test-44997,0.007052735467743354
test-44998,0.018340374805704336
test-44999,0.027339169405425103
test-45,0.11271672996090124
test-450,0.1279919559874527
test-4500,0.006151111407350198
test-45000,0.08636709151128978
test-45001,0.045703321331712496
test-45002,0.07006147965220107
test-45003,0.00589476949612572
test-45004,0.1897554981660995
test-45005,0.016687635824472954
test-45006,0.13648886478100627
test-45007,0.10654459372968364
test-45008,0.06855538111828655
test-45009,0.008367114989584284
test-4501,0.023756849994691062
test-45010,0.011248066587623127
test-45011,0.08018443253520914
test-45012,0.07826299926016567
test-45013,0.09459023001880597
test-45014,0.23460509001460295
test-45015,0.038382651072094584
test-45016,0.037909695947162585
test-45017,0.30195902467602664
test-45018,0.020980048166440675
test-45019,0.0669392073111586
test-4502,0.025428104155807894
test-45020,0.12044599846460413
test-45021,0.008979517088662748
test-45022,0.027369744323743308
test-45023,0.011005398602143788
test-45024,0.02489281159372707
test-45025,0.12043716059180194
test-45026,0.11359047925082602
test-45027,0.0707119985986715
test-45028,0.36246401316252463
test-45029,0.054910417378512356
test-4503,0.2356772797558423
test-45030,0.079498415576037
test-45031,0.10100185174798935
test-45032,0.01715917355370324
test-45033,0.04601380891535226
test-45034,0.03418773412666368
test-45035,0.2841916820042579
test-45036,0.055405749326785554
test-45037,0.03259460205902098
test-45038,0.20201909310270205
test-45039,0.058247839665053716
test-4504,0.056399782717407705
test-45040,0.07089669798878646
test-45041,0.01858640439791339
test-45042,0.05167764713358559
test-45043,0.21623936444291536
test-45044,0.04231542316402567
test-45045,0.2500643134177126
test-45046,0.01515485963345386
test-45047,0.19412695954190434
test-45048,0.12664058815468698
test-45049,0.07186702383146625
test-4505,0.08673859852527527
test-45050,0.022469766282422778
test-45051,0.2885732476737947
test-45052,0.03538874518379618
test-45053,0.06445960285203159
test-45054,0.1721014983827393
test-45055,0.29993711275533225
test-45056,0.20999375659479141
test-45057,0.17645226684991447
test-45058,0.07283857716050303
test-45059,0.2524209915817509
test-4506,0.06715364230324969
test-45060,0.017356079071355092
test-45061,0.06440843189344232
test-45062,0.010995942412736359
test-45063,0.015592120920820698
test-45064,0.022238929891016602
test-45065,0.1625314000244012
test-45066,0.09084119571001979
test-45067,0.12520541649684416
test-45068,0.022262241375863304
test-45069,0.03130498223534951
test-4507,0.03381179649359079
test-45070,0.025285205473684274
test-45071,0.028868876751173462
test-45072,0.040243667539366944
test-45073,0.007780499090930261
test-45074,0.07947411752721788
test-45075,0.3230039901797999
test-45076,0.23414888344220974
test-45077,0.07958009128105223
test-45078,0.02570550927119227
test-45079,0.1601711687215893
test-4508,0.008554307792702375
test-45080,0.40674954881879777
test-45081,0.019303178651307006
test-45082,0.014592930941122585
test-45083,0.040036434232552064
test-45084,0.197286025661373
test-45085,0.012845721519042943
test-45086,0.00884148278352998
test-45087,0.010809953974646331
test-45088,0.08067015543202585
test-45089,0.2468491433337645
test-4509,0.04471897446224498
test-45090,0.07154554671561687
test-45091,0.11325018132853433
test-45092,0.04562964837071957
test-45093,0.008872716675209277
test-45094,0.017461337896028703
test-45095,0.1617101212362829
test-45096,0.01752568844675128
test-45097,0.26213356902457735
test-45098,0.04193794275941516
test-45099,0.00900885099445881
test-451,0.04181987190021923
test-4510,0.06543582361725209
test-45100,0.08626888026528272
test-45101,0.18616060221138148
test-45102,0.01596732311144311
test-45103,0.0934194266980052
test-45104,0.028493143804024786
test-45105,0.029216302360063482
test-45106,0.24248901743561949
test-45107,0.021445192016588514
test-45108,0.17261752591391524
test-45109,0.07344271144404275
test-4511,0.01675883721711488
test-45110,0.021594916303855148
test-45111,0.011874809652168245
test-45112,0.012553487723455577
test-45113,0.013124555223459074
test-45114,0.01682263135501468
test-45115,0.23157862222355452
test-45116,0.014187901230470538
test-45117,0.12139691326193384
test-45118,0.1999678262270987
test-45119,0.017766018137161284
test-4512,0.020338771251487545
test-45120,0.26905772254220034
test-45121,0.3088228395076833
test-45122,0.06621611150805162
test-45123,0.030860211436749246
test-45124,0.0322560369895652
test-45125,0.01723346902045897
test-45126,0.04421813480811264
test-45127,0.035335751295261966
test-45128,0.01195770150681215
test-45129,0.014069299810721065
test-4513,0.06837716154279296
test-45130,0.033103660986453884
test-45131,0.010865154306093174
test-45132,0.03621858363179017
test-45133,0.05273939999786985
test-45134,0.040036434232552064
test-45135,0.07274981500168005
test-45136,0.06524120315453369
test-45137,0.20662585596829103
test-45138,0.02628584579627978
test-45139,0.02302140039967723
test-4514,0.03868581526917479
test-45140,0.14609929671093055
test-45141,0.1841083373479121
test-45142,0.13679675410403952
test-45143,0.23306734893809344
test-45144,0.17181266333730386
test-45145,0.024840373135949417
test-45146,0.10654459372968364
test-45147,0.030849652992908812
test-45148,0.08501690476892536
test-45149,0.029908283861302135
test-4515,0.024134454892395348
test-45150,0.05863271844272284
test-45151,0.12437138760340247
test-45152,0.210649272390982
test-45153,0.2151985559007525
test-45154,0.01785844501376043
test-45155,0.07729968997467888
test-45156,0.04178108567324626
test-45157,0.05178752441666016
test-45158,0.02740253533281677
test-45159,0.11361940172354679
test-4516,0.07984600052248031
test-45160,0.0788954685496859
test-45161,0.06432715613302037
test-45162,0.06548349113038941
test-45163,0.030902937038813652
test-45164,0.09456466912495104
test-45165,0.22205931310068508
test-45166,0.03235545395299992
test-45167,0.018048073917696104
test-45168,0.006018079939192273
test-45169,0.04076239317063922
test-4517,0.06983136155849988
test-45170,0.07896917855603469
test-45171,0.03170070605664279
test-45172,0.04839261438406879
test-45173,0.08213087499160168
test-45174,0.18552362428563732
test-45175,0.018085021481306803
test-45176,0.016843751104028613
test-45177,0.017776602402926948
test-45178,0.13938574877773244
test-45179,0.12750272698604148
test-4518,0.18906672099320584
test-45180,0.010566925162837451
test-45181,0.010333967805358949
test-45182,0.05266261909476349
test-45183,0.09985649801372733
test-45184,0.13683771262305577
test-45185,0.1486211957756497
test-45186,0.1004287465521755
test-45187,0.06687591078501293
test-45188,0.061577899304617906
test-45189,0.2805287017184446
test-4519,0.34131826550087835
test-45190,0.20960209333475413
test-45191,0.30629013488642703
test-45192,0.10451896692684502
test-45193,0.07240770595540616
test-45194,0.011640444730598212
test-45195,0.010662908743409581
test-45196,0.03629549028077331
test-45197,0.14047623288969913
test-45198,0.02221830310179155
test-45199,0.042286065930582
test-452,0.061577899304617906
test-4520,0.39735559012389726
test-45200,0.29217306310379104
test-45201,0.35495980008363803
test-45202,0.09787796055403811
test-45203,0.16622213930645982
test-45204,0.1140873148537606
test-45205,0.09787796055403811
test-45206,0.07995118387683771
test-45207,0.03054599951650403
test-45208,0.18159575634106798
test-45209,0.16819892395595024
test-4521,0.14520106741419014
test-45210,0.018126234149429248
test-45211,0.02297797208918891
test-45212,0.030755259014961907
test-45213,0.026270816381263613
test-45214,0.17772371366720494
test-45215,0.0279928023704105
test-45216,0.07412945889798178
test-45217,0.009525852300538649
test-45218,0.020046699504640306
test-45219,0.0425176935945131
test-4522,0.18448385009149346
test-45220,0.019732249063491747
test-45221,0.09154432345828327
test-45222,0.007722658937765824
test-45223,0.12243265641665092
test-45224,0.02751436797595237
test-45225,0.046009648738188004
test-45226,0.016417056243268075
test-45227,0.12017818192306913
test-45228,0.09024851076230528
test-45229,0.008793498715769812
test-4523,0.03496652319832442
test-45230,0.04744836284985823
test-45231,0.13819767116859266
test-45232,0.19573823124838488
test-45233,0.025348665150883864
test-45234,0.11885242138524343
test-45235,0.02407953130342603
test-45236,0.014805741330805212
test-45237,0.013375420929342295
test-45238,0.01465977632923049
test-45239,0.006711153370069503
test-4524,0.11078191495563915
test-45240,0.031882017887317746
test-45241,0.3081466204779062
test-45242,0.2662609127023829
test-45243,0.1855747478741186
test-45244,0.12023264845166513
test-45245,0.020533235383096503
test-45246,0.024606779465532972
test-45247,0.32072693085634246
test-45248,0.008189995187028051
test-45249,0.05050957417514429
test-4525,0.011699930313654617
test-45250,0.24918142585387804
test-45251,0.20401072890974048
test-45252,0.024954811833448876
test-45253,0.04484683305943219
test-45254,0.052587175427313934
test-45255,0.029254601910633577
test-45256,0.02963520115477721
test-45257,0.25438247457343305
test-45258,0.011749036796980764
test-45259,0.12023477959989945
test-4526,0.02043289644719996
test-45260,0.2608977971781278
test-45261,0.07896917855603469
test-45262,0.23904927875148912
test-45263,0.028238947490268115
test-45264,0.10812230317096443
test-45265,0.023132799769829848
test-45266,0.0902422755812636
test-45267,0.13649654541982106
test-45268,0.04653900143906386
test-45269,0.25541852355787653
test-4527,0.03765858821453089
test-45270,0.16970200949344885
test-45271,0.015957382201128304
test-45272,0.08276791984806166
test-45273,0.05240955373292454
test-45274,0.13734469311397798
test-45275,0.021205873943865104
test-45276,0.10812230317096443
test-45277,0.06605566804470499
test-45278,0.060266738973878096
test-45279,0.017197722736985867
test-4528,0.011454542336213415
test-45280,0.0777554040456264
test-45281,0.019008948122951962
test-45282,0.03839309483779927
test-45283,0.06036648234435664
test-45284,0.29144215970211385
test-45285,0.057903688509187444
test-45286,0.23202847285223557
test-45287,0.06137044430842076
test-45288,0.021198016779593255
test-45289,0.09405099308643643
test-4529,0.06761811137690878
test-45290,0.03704194210149168
test-45291,0.08416853720130146
test-45292,0.013428843715478823
test-45293,0.011629676560138186
test-45294,0.09941472723176202
test-45295,0.013866686490395012
test-45296,0.01361074791983466
test-45297,0.009313172092592512
test-45298,0.09276523870356854
test-45299,0.2696620072996938
test-453,0.2146171019179258
test-4530,0.2087529067267929
test-45300,0.1912396500389968
test-45301,0.13654924892752562
test-45302,0.08427164714935509
test-45303,0.13544556070935093
test-45304,0.2344310242238901
test-45305,0.16695447271917302
test-45306,0.03794755068026124
test-45307,0.016755849877567935
test-45308,0.16059916306241
test-45309,0.03579016636834026
test-4531,0.011393141879408694
test-45310,0.12296538053189025
test-45311,0.07420175824613516
test-45312,0.01899708566372894
test-45313,0.014548045066686001
test-45314,0.017792260866821022
test-45315,0.018069772917941592
test-45316,0.00970962000463678
test-45317,0.09435854111353265
test-45318,0.12052678878396615
test-45319,0.05758588922320332
test-4532,0.13775918575813118
test-45320,0.2654757971941893
test-45321,0.11709343371842393
test-45322,0.010865154306093174
test-45323,0.07562454472554272
test-45324,0.04603501348521631
test-45325,0.12912967996372252
test-45326,0.12883831267387605
test-45327,0.03568987558849863
test-45328,0.19703201098159312
test-45329,0.023926548011529904
test-4533,0.07315627718927332
test-45330,0.043232342993954447
test-45331,0.10042960852276571
test-45332,0.007624628117751953
test-45333,0.014936050292359886
test-45334,0.21211017531739074
test-45335,0.05717117534499519
test-45336,0.12750083480216265
test-45337,0.012001065220196921
test-45338,0.011030138218203044
test-45339,0.03684727649515177
test-4534,0.2749492172245779
test-45340,0.15667094191113268
test-45341,0.05217039233872867
test-45342,0.00879824059805366
test-45343,0.012461673693197855
test-45344,0.028623654528161308
test-45345,0.10222761816670688
test-45346,0.024130099306020645
test-45347,0.11326386074059709
test-45348,0.021572821796995593
test-45349,0.04412836065445919
test-4535,0.013987217844320393
test-45350,0.054879855279670264
test-45351,0.23404143882127995
test-45352,0.11296748624218965
test-45353,0.23446998087146173
test-45354,0.019146047550300582
test-45355,0.058082190039343236
test-45356,0.0066008328348803845
test-45357,0.15257244592453686
test-45358,0.026153999122519853
test-45359,0.013847327478071818
test-4536,0.05150818517242593
test-45360,0.02411470990791052
test-45361,0.1347218431586488
test-45362,0.08840679816692686
test-45363,0.21126119709075075
test-45364,0.04933286130413127
test-45365,0.0846182167635542
test-45366,0.009835718885900025
test-45367,0.009501418558876843
test-45368,0.01987437049645314
test-45369,0.16442818833946135
test-4537,0.24862297677611253
test-45370,0.02126634195268447
test-45371,0.06791747957460799
test-45372,0.38368250115368974
test-45373,0.01384379210205812
test-45374,0.033820220661442656
test-45375,0.025380421702262623
test-45376,0.014371662010114477
test-45377,0.23307476149243225
test-45378,0.03600120447643955
test-45379,0.08676426786931425
test-4538,0.18951631437423627
test-45380,0.12331962377139898
test-45381,0.15412863963261159
test-45382,0.052996426568329875
test-45383,0.013505845658940679
test-45384,0.009049616218542049
test-45385,0.10865121898146794
test-45386,0.022826940420290327
test-45387,0.013486765636333416
test-45388,0.014647155428159366
test-45389,0.049218454531466144
test-4539,0.027063979861287595
test-45390,0.04907593208979252
test-45391,0.015437758511340915
test-45392,0.1976637213253196
test-45393,0.0182569670974275
test-45394,0.020643880839104244
test-45395,0.09461104821017342
test-45396,0.3086969097709658
test-45397,0.01485358629993815
test-45398,0.046856002225989415
test-45399,0.2745635407385139
test-454,0.32073195535788285
test-4540,0.021221072751035523
test-45400,0.08521604520528558
test-45401,0.14584971832814003
test-45402,0.025497563501958947
test-45403,0.09526063506268198
test-45404,0.3283845883872659
test-45405,0.10557376317270226
test-45406,0.04635083947784086
test-45407,0.008210153736074628
test-45408,0.01725512844100615
test-45409,0.24806566149267603
test-4541,0.09985649801372733
test-45410,0.026622911435860326
test-45411,0.014661174885473733
test-45412,0.016728623334537288
test-45413,0.02712610431248483
test-45414,0.01074635737178932
test-45415,0.40122400986845613
test-45416,0.014571181595019802
test-45417,0.21678991858611896
test-45418,0.09721431732165488
test-45419,0.012914362821466624
test-4542,0.02151422233694525
test-45420,0.007944141465526444
test-45421,0.026348217927208126
test-45422,0.15824497700625473
test-45423,0.14324737160806064
test-45424,0.03691929596736026
test-45425,0.020765529039110487
test-45426,0.11854767454311298
test-45427,0.00793111423365474
test-45428,0.32580356895529605
test-45429,0.00955209485994473
test-4543,0.08991140358202976
test-45430,0.040695030576269844
test-45431,0.03010552559951328
test-45432,0.15224744470882656
test-45433,0.06666587225148224
test-45434,0.05328410055705096
test-45435,0.00880067725196279
test-45436,0.14512775388963134
test-45437,0.01914797714714258
test-45438,0.01771217744981873
test-45439,0.023499596968502626
test-4544,0.14803251656940444
test-45440,0.04084683653781792
test-45441,0.018407148839743342
test-45442,0.1228577648009732
test-45443,0.019191693927010128
test-45444,0.016021624599376286
test-45445,0.014150333489001876
test-45446,0.01977895279396559
test-45447,0.31380257983712506
test-45448,0.3328253372369291
test-45449,0.09456466912495104
test-4545,0.13877363630372286
test-45450,0.1266365752482531
test-45451,0.17349233200217898
test-45452,0.04475351461529831
test-45453,0.011683219460966997
test-45454,0.010402571297764167
test-45455,0.048703413441142714
test-45456,0.10135147787955867
test-45457,0.039919759511748934
test-45458,0.023281659942283622
test-45459,0.026573845152717414
test-4546,0.315107226151039
test-45460,0.09277612508199004
test-45461,0.04141767082571029
test-45462,0.011829742555880911
test-45463,0.019428698087572617
test-45464,0.21259497656533566
test-45465,0.020733504206239733
test-45466,0.2551871832583175
test-45467,0.022058247915127022
test-45468,0.007614162066951621
test-45469,0.01072647671969109
test-4547,0.00832801864916774
test-45470,0.16695447271917302
test-45471,0.04252105837468247
test-45472,0.051343650811106444
test-45473,0.12008175510419897
test-45474,0.11803627518789851
test-45475,0.08196973207204497
test-45476,0.022232121844860033
test-45477,0.27467243796503527
test-45478,0.1948075126328042
test-45479,0.05224380017367867
test-4548,0.009485016781368092
test-45480,0.020495091741378105
test-45481,0.024645271233843195
test-45482,0.25012053762999886
test-45483,0.041097942154878914
test-45484,0.19639882012772178
test-45485,0.17226097972344545
test-45486,0.08819098012875183
test-45487,0.01295591698905579
test-45488,0.019327418893374533
test-45489,0.02398206986845058
test-4549,0.17625957217903704
test-45490,0.035519849850567324
test-45491,0.02614822885053044
test-45492,0.026080517304675255
test-45493,0.03605421018361057
test-45494,0.2533168473107885
test-45495,0.23823358317731985
test-45496,0.3276591442363419
test-45497,0.015562136416087587
test-45498,0.08216669068439543
test-45499,0.02098836926371268
test-455,0.3600465933710058
test-4550,0.12882869273164427
test-45500,0.011086022934985442
test-45501,0.02109592267888556
test-45502,0.15592783636667212
test-45503,0.016664616721797632
test-45504,0.052587175427313934
test-45505,0.03030414237524733
test-45506,0.015945017175532667
test-45507,0.12663596937894922
test-45508,0.0321074119720255
test-45509,0.08853495826465144
test-4551,0.013958004207458559
test-45510,0.014082317271279524
test-45511,0.22136061799402956
test-45512,0.014627564219940945
test-45513,0.0707119985986715
test-45514,0.025598446635289533
test-45515,0.3493360809063283
test-45516,0.14602214552023868
test-45517,0.10732336946401917
test-45518,0.18029665070733852
test-45519,0.03878870686819085
test-4552,0.367573235267702
test-45520,0.16976721733356054
test-45521,0.02644935277418681
test-45522,0.13309391684092395
test-45523,0.011261310686448714
test-45524,0.011712700157931915
test-45525,0.10923993278539942
test-45526,0.17645226684991447
test-45527,0.21599110062845128
test-45528,0.061161859750583
test-45529,0.07592844741293492
test-4553,0.0669392073111586
test-45530,0.012394680049204455
test-45531,0.01543713884000965
test-45532,0.13775918575813118
test-45533,0.01499867066274709
test-45534,0.24137620645166197
test-45535,0.12669521753714805
test-45536,0.0707119985986715
test-45537,0.056562715488217286
test-45538,0.15594982668497298
test-45539,0.0280163772918112
test-4554,0.010031748964849888
test-45540,0.03285481948264382
test-45541,0.13427187521081005
test-45542,0.03324611489283628
test-45543,0.07896917855603469
test-45544,0.07969712720890926
test-45545,0.1196610383043792
test-45546,0.12638566693395362
test-45547,0.035707269197665044
test-45548,0.06077883007993675
test-45549,0.022809378855099722
test-4555,0.01074635737178932
test-45550,0.17903802988922818
test-45551,0.0839715202211864
test-45552,0.014668493307214998
test-45553,0.010186216049356631
test-45554,0.032761734861764015
test-45555,0.09393194040401012
test-45556,0.022213787311503665
test-45557,0.014487520644774283
test-45558,0.0271541718826285
test-45559,0.18442902993380425
test-4556,0.09397544701282393
test-45560,0.14682442388694192
test-45561,0.06927594644863111
test-45562,0.2137415660374906
test-45563,0.3328839527699077
test-45564,0.1816292523115416
test-45565,0.03517554983071838
test-45566,0.07167592627905474
test-45567,0.12253774764937796
test-45568,0.34190749945647797
test-45569,0.020665047854502877
test-4557,0.020708223182053065
test-45570,0.12819412947753134
test-45571,0.026791815411069286
test-45572,0.010096669087076798
test-45573,0.018072917280569888
test-45574,0.06955794909067199
test-45575,0.195146797903598
test-45576,0.24734086464114224
test-45577,0.05015468531813707
test-45578,0.019246322272837388
test-45579,0.02372289305257482
test-4558,0.1860374278091558
test-45580,0.16695447271917302
test-45581,0.18262844240160467
test-45582,0.1804866136582914
test-45583,0.35320634083464936
test-45584,0.010229109559118536
test-45585,0.2419847965776297
test-45586,0.1725920245231618
test-45587,0.1313395705021038
test-45588,0.011170620856347664
test-45589,0.0339114122452019
test-4559,0.049952482123110535
test-45590,0.1387564677932596
test-45591,0.026468912841200842
test-45592,0.020863528309718084
test-45593,0.14521347825768172
test-45594,0.02537517459643332
test-45595,0.012795341230259098
test-45596,0.007665179250852933
test-45597,0.37984250797373026
test-45598,0.06479032071216449
test-45599,0.1168066745367843
test-456,0.08510717929405058
test-4560,0.07281805228065386
test-45600,0.07401514934027194
test-45601,0.07720041666244461
test-45602,0.007103459395646547
test-45603,0.018697560698748783
test-45604,0.04363145236447255
test-45605,0.011483470658690187
test-45606,0.14771385939723186
test-45607,0.08507025236971533
test-45608,0.19391584423366492
test-45609,0.022215811459373756
test-4561,0.011006993180125732
test-45610,0.17645226684991447
test-45611,0.04826354532750051
test-45612,0.013604254372431672
test-45613,0.31843215186277585
test-45614,0.01902841893234439
test-45615,0.08680671570506247
test-45616,0.1394463013726253
test-45617,0.010834259053421474
test-45618,0.010602832444514059
test-45619,0.24782168864499474
test-4562,0.007863580652676984
test-45620,0.3426116950781942
test-45621,0.04012368581423577
test-45622,0.11938269579771292
test-45623,0.02334989930618054
test-45624,0.16085246857252528
test-45625,0.12819412947753134
test-45626,0.012027184749387512
test-45627,0.045725367945421536
test-45628,0.0445615284820315
test-45629,0.04252105837468247
test-4563,0.0198831746110147
test-45630,0.10098069506471297
test-45631,0.2850843413464278
test-45632,0.009776444437483798
test-45633,0.01721220507845426
test-45634,0.05096278870446207
test-45635,0.03714988897915884
test-45636,0.018741970049113547
test-45637,0.009019432199058054
test-45638,0.03331385880602288
test-45639,0.016150995546186635
test-4564,0.11816064299101939
test-45640,0.01013905173056012
test-45641,0.1259250188579476
test-45642,0.1441478015641866
test-45643,0.007739388749457365
test-45644,0.07880651713886243
test-45645,0.013736562324009055
test-45646,0.04605636358356726
test-45647,0.17853076312049135
test-45648,0.12941573348595994
test-45649,0.016924277932212222
test-4565,0.009696608853124398
test-45650,0.02372289305257482
test-45651,0.2767415226993507
test-45652,0.020280224145106898
test-45653,0.06153136235072845
test-45654,0.01652681819952674
test-45655,0.07296029142404634
test-45656,0.009351547975542168
test-45657,0.02178617154917524
test-45658,0.03728873430749769
test-45659,0.09456466912495104
test-4566,0.04475351461529831
test-45660,0.0922008518913198
test-45661,0.06357107093372649
test-45662,0.17352527439735205
test-45663,0.052108586844734094
test-45664,0.24627869061047572
test-45665,0.12720404916474115
test-45666,0.01866526912461343
test-45667,0.012457238102228797
test-45668,0.2207506157810582
test-45669,0.032636456310524684
test-4567,0.108141747464637
test-45670,0.017063113188936038
test-45671,0.0210917679546785
test-45672,0.023882461086559087
test-45673,0.361427000683818
test-45674,0.08003083037374147
test-45675,0.01674340214498572
test-45676,0.011857842433996114
test-45677,0.08355489899279257
test-45678,0.016882157465747775
test-45679,0.019407451361909356
test-4568,0.019798278275586605
test-45680,0.019943842160652817
test-45681,0.039477482084524645
test-45682,0.020948467604480558
test-45683,0.12161193047031028
test-45684,0.020521399979532954
test-45685,0.059048990479547654
test-45686,0.010471865070772652
test-45687,0.009933978825860388
test-45688,0.12656293431632118
test-45689,0.018667860497081752
test-4569,0.030781103620546018
test-45690,0.026822817409935088
test-45691,0.04429542680835915
test-45692,0.012735384704847617
test-45693,0.2643195636648365
test-45694,0.03635815174734418
test-45695,0.22615898165444262
test-45696,0.15471172557485902
test-45697,0.36691982563763575
test-45698,0.32580356895529605
test-45699,0.019841053857505935
test-457,0.07724955622744106
test-4570,0.1394463013726253
test-45700,0.20276581986925826
test-45701,0.12663596937894922
test-45702,0.16082103781433227
test-45703,0.02906949880636654
test-45704,0.024218161131986903
test-45705,0.0601129969656585
test-45706,0.05011482065572828
test-45707,0.0320896081012541
test-45708,0.12584676849937834
test-45709,0.005116353462058868
test-4571,0.04797819634154384
test-45710,0.10016106950207247
test-45711,0.012405077711359302
test-45712,0.030755259014961907
test-45713,0.01427220803920339
test-45714,0.061529319527950994
test-45715,0.04812130055989875
test-45716,0.0708289779666321
test-45717,0.01024817858711763
test-45718,0.014480572420051926
test-45719,0.14600960042218777
test-4572,0.09618864567021175
test-45720,0.009265127709712937
test-45721,0.1727350595386549
test-45722,0.012869723776742994
test-45723,0.06980830189606753
test-45724,0.3436967925243646
test-45725,0.1140584644519353
test-45726,0.09972312971140354
test-45727,0.010150871234265734
test-45728,0.008406612525950345
test-45729,0.258375578788429
test-4573,0.05630613615821489
test-45730,0.09985649801372733
test-45731,0.09963145055380371
test-45732,0.17778063275817113
test-45733,0.028881791644453793
test-45734,0.09862356977996938
test-45735,0.0903356046238674
test-45736,0.07064647711389634
test-45737,0.007127731985381665
test-45738,0.028491521618556656
test-45739,0.03337562598414469
test-4574,0.08995704192313685
test-45740,0.039139047234912426
test-45741,0.020514201354115903
test-45742,0.0506231944386303
test-45743,0.017914119243374424
test-45744,0.12173994047682028
test-45745,0.17754539301197622
test-45746,0.007787525819338565
test-45747,0.14242900703339995
test-45748,0.1679546510010601
test-45749,0.021478792143442716
test-4575,0.027757024231299273
test-45750,0.010858536841975646
test-45751,0.012560807319116716
test-45752,0.052499391636985304
test-45753,0.0071097583670635305
test-45754,0.16848323955254768
test-45755,0.030806111658010407
test-45756,0.048758961588395364
test-45757,0.14251922420751162
test-45758,0.10732336946401917
test-45759,0.012107574243698098
test-4576,0.01802534391496091
test-45760,0.06173233131638875
test-45761,0.03544080451276304
test-45762,0.31900171764849344
test-45763,0.21797627844893108
test-45764,0.02986894747101035
test-45765,0.04017638226807037
test-45766,0.1408487658022275
test-45767,0.026603872035614685
test-45768,0.07469693058702193
test-45769,0.11781301254856459
test-4577,0.018365697645207478
test-45770,0.16688592897623952
test-45771,0.1485648195469496
test-45772,0.0687732139720173
test-45773,0.12913253738235023
test-45774,0.16834992477466826
test-45775,0.050575686530005645
test-45776,0.051624050961483085
test-45777,0.09985649801372733
test-45778,0.16631668406826616
test-45779,0.04429542680835915
test-4578,0.07896917855603469
test-45780,0.09815557378173037
test-45781,0.08841909221773918
test-45782,0.12663596937894922
test-45783,0.2003152036396213
test-45784,0.17622777810804044
test-45785,0.037276078246213665
test-45786,0.03172840984205271
test-45787,0.014844086542634735
test-45788,0.1908989516192746
test-45789,0.13207564119353027
test-4579,0.03729687340257648
test-45790,0.01126659180445598
test-45791,0.03347322108743938
test-45792,0.36756566200744073
test-45793,0.023504498620579767
test-45794,0.019832516403877183
test-45795,0.02403168801781399
test-45796,0.15732803942764528
test-45797,0.02432406295784637
test-45798,0.1285975441810295
test-45799,0.024322969213735838
test-458,0.02676708281797911
test-4580,0.024352474464824383
test-45800,0.07373115387357179
test-45801,0.17230768413768044
test-45802,0.024017826223649483
test-45803,0.08604227751175157
test-45804,0.009085967689203236
test-45805,0.08268620124974478
test-45806,0.034501835361050025
test-45807,0.019693205149451016
test-45808,0.015430030692201013
test-45809,0.17693793142342898
test-4581,0.10098069506471297
test-45810,0.051238880802685106
test-45811,0.008784569950262484
test-45812,0.0204731259695184
test-45813,0.007760196568471752
test-45814,0.011262576878387996
test-45815,0.04100222835692572
test-45816,0.022111231741804037
test-45817,0.2140239768231066
test-45818,0.14030909151982898
test-45819,0.026895596394338472
test-4582,0.14581677345412747
test-45820,0.05339307069340168
test-45821,0.3032406349743543
test-45822,0.011399553016309245
test-45823,0.09456466912495104
test-45824,0.16177299067803705
test-45825,0.01972470841336594
test-45826,0.03206024761980387
test-45827,0.0846182167635542
test-45828,0.012803290350664956
test-45829,0.09225512988375674
test-4583,0.09255276689068735
test-45830,0.1234485999517987
test-45831,0.016529178931662662
test-45832,0.011699930313654617
test-45833,0.03073001729042904
test-45834,0.06091321165893309
test-45835,0.24431045335919685
test-45836,0.015996278254509288
test-45837,0.07825714499228684
test-45838,0.16556127146231578
test-45839,0.12420616143855043
test-4584,0.061577899304617906
test-45840,0.044543828971914175
test-45841,0.09299334550036202
test-45842,0.2519907039033014
test-45843,0.06017494627589176
test-45844,0.009661799392939764
test-45845,0.15804836295675154
test-45846,0.015425930321479738
test-45847,0.2753707183817788
test-45848,0.016233884377165633
test-45849,0.025446929070073586
test-4585,0.028084177172351833
test-45850,0.05045877063473594
test-45851,0.055615743774005265
test-45852,0.04929492536182165
test-45853,0.03544080451276304
test-45854,0.02778057696972967
test-45855,0.13243439569035256
test-45856,0.025438045291636478
test-45857,0.06203633991208741
test-45858,0.0707268240481121
test-45859,0.12892293778892316
test-4586,0.016346092051036296
test-45860,0.025677363576311098
test-45861,0.010686886777852223
test-45862,0.02169022348272832
test-45863,0.013792875885441582
test-45864,0.10089444844358914
test-45865,0.022487548992525405
test-45866,0.01467489084437617
test-45867,0.14420451957699815
test-45868,0.030492768588868634
test-45869,0.015224312249784357
test-4587,0.011776228946318506
test-45870,0.008752277592698438
test-45871,0.0669392073111586
test-45872,0.02766095251544029
test-45873,0.06768731651051074
test-45874,0.0888687870523802
test-45875,0.06390585972311909
test-45876,0.1939957438521222
test-45877,0.012518380240668722
test-45878,0.031784994709560976
test-45879,0.06514738319074857
test-4588,0.006378882298232897
test-45880,0.061577899304617906
test-45881,0.24176857380502972
test-45882,0.029934747017146462
test-45883,0.036216149670636265
test-45884,0.1793975168695204
test-45885,0.05311316807090395
test-45886,0.0252428343510936
test-45887,0.3409585166182975
test-45888,0.014675783144617061
test-45889,0.03263256366981311
test-4589,0.2019355489093962
test-45890,0.04709240156684359
test-45891,0.01554461275545833
test-45892,0.061577899304617906
test-45893,0.07096446565888062
test-45894,0.013746685305781867
test-45895,0.019188030168640582
test-45896,0.008983922223899156
test-45897,0.09924258424827391
test-45898,0.018435440176880983
test-45899,0.01323067546362762
test-459,0.028200104494488044
test-4590,0.05706712361268973
test-45900,0.2636289652700054
test-45901,0.06771595770642952
test-45902,0.09604795435796985
test-45903,0.06107244868006746
test-45904,0.05042270293985159
test-45905,0.16948764875643343
test-45906,0.1393045229744848
test-45907,0.009751669001685734
test-45908,0.009388501234398352
test-45909,0.08789518192383029
test-4591,0.008077743068698653
test-45910,0.012565655141139678
test-45911,0.015405717514977737
test-45912,0.09336241422739823
test-45913,0.2538285487921329
test-45914,0.01927941331282377
test-45915,0.36764515064850967
test-45916,0.09063003304247597
test-45917,0.18715835344929663
test-45918,0.021450001203794204
test-45919,0.175123172844289
test-4592,0.01395855108331389
test-45920,0.007865591902573568
test-45921,0.06519058507828807
test-45922,0.07154554671561687
test-45923,0.018140204928467775
test-45924,0.07137319264758932
test-45925,0.1154086785145432
test-45926,0.024715153708174953
test-45927,0.010202299175626968
test-45928,0.22274455334523754
test-45929,0.010419846033237545
test-4593,0.020467437181786022
test-45930,0.07642094744034007
test-45931,0.22490374184839926
test-45932,0.009999406341273297
test-45933,0.09834130068589787
test-45934,0.04252105837468247
test-45935,0.2573912751627371
test-45936,0.03142740487904293
test-45937,0.040210668806251584
test-45938,0.17629164175334014
test-45939,0.06589102551152427
test-4594,0.05015468531813707
test-45940,0.03405871186883775
test-45941,0.15536056311538504
test-45942,0.023585804907167433
test-45943,0.27006759579779677
test-45944,0.05168682546971325
test-45945,0.06108085344638038
test-45946,0.043709762240463024
test-45947,0.12418991824074452
test-45948,0.23090696795977864
test-45949,0.009624977988636664
test-4595,0.08511252601497349
test-45950,0.06837716154279296
test-45951,0.19121402502207946
test-45952,0.059501922873155644
test-45953,0.018368208641024574
test-45954,0.035622190852144055
test-45955,0.03846199380011707
test-45956,0.09412369817143752
test-45957,0.010011132025203075
test-45958,0.25435795073809536
test-45959,0.02616950816136255
test-4596,0.11620376548595909
test-45960,0.026742947476890377
test-45961,0.02282407339015905
test-45962,0.22946286046171416
test-45963,0.01772316520396823
test-45964,0.04051182369827448
test-45965,0.24734086464114224
test-45966,0.044200675822435566
test-45967,0.0868884526264283
test-45968,0.0129542990818916
test-45969,0.018410936076810394
test-4597,0.24507191229995856
test-45970,0.029566882552363817
test-45971,0.34515701077864874
test-45972,0.14194681179804916
test-45973,0.08595788234645704
test-45974,0.030991963563970555
test-45975,0.12434532998161846
test-45976,0.17724130067930974
test-45977,0.008331173383405626
test-45978,0.1680292023238208
test-45979,0.01741909976449224
test-4598,0.07154554671561687
test-45980,0.10593494633694282
test-45981,0.025934935396377114
test-45982,0.009663973923394
test-45983,0.3818738129907835
test-45984,0.014144089009978073
test-45985,0.0088495456958949
test-45986,0.13567610680175604
test-45987,0.007363738907971307
test-45988,0.1733374175382185
test-45989,0.017533523634030237
test-4599,0.007453728912868275
test-45990,0.17645226684991447
test-45991,0.007546998174911658
test-45992,0.06983136155849988
test-45993,0.1398817640174991
test-45994,0.06665106073326749
test-45995,0.0707119985986715
test-45996,0.010835054448400352
test-45997,0.013357289013472086
test-45998,0.01388156209336698
test-45999,0.15586589459706013
test-46,0.12349039417945043
test-460,0.35404393704042186
test-4600,0.14194652598907045
test-46000,0.3758901442349309
test-46001,0.06752657981762207
test-46002,0.0547020942196865
test-46003,0.4123612153931427
test-46004,0.0523638604553928
test-46005,0.045775569543515096
test-46006,0.2701556252625179
test-46007,0.0410822187152025
test-46008,0.018496111307707404
test-46009,0.13146007552625694
test-4601,0.13297782346212564
test-46010,0.028168893876788295
test-46011,0.028533585443836076
test-46012,0.2509590842420266
test-46013,0.17253928154369008
test-46014,0.18900457072202037
test-46015,0.08922760766839201
test-46016,0.08628866164793002
test-46017,0.012478942350740058
test-46018,0.009765541451136107
test-46019,0.07307232632919965
test-4602,0.007085530551361627
test-46020,0.015180297814891918
test-46021,0.15539429950802805
test-46022,0.15892630913023467
test-46023,0.014053262326845834
test-46024,0.09577148861252165
test-46025,0.060346340426934514
test-46026,0.07210126638955512
test-46027,0.123817286149575
test-46028,0.09993495310469125
test-46029,0.020708223182053065
test-4603,0.030851601749641883
test-46030,0.0074701378583425715
test-46031,0.06416248320414163
test-46032,0.04782812181748887
test-46033,0.024352474464824383
test-46034,0.02744683839119198
test-46035,0.03606552558977147
test-46036,0.04906308331202218
test-46037,0.039365778947731946
test-46038,0.01492761066681292
test-46039,0.16105960836833244
test-4604,0.05830685851749972
test-46040,0.08719755038109307
test-46041,0.3393318170712361
test-46042,0.13919012465966588
test-46043,0.09787796055403811
test-46044,0.020507400669527217
test-46045,0.025497804353442947
test-46046,0.045437083477467506
test-46047,0.09935030145420644
test-46048,0.031116269768256915
test-46049,0.04411156844681953
test-4605,0.011734928389631069
test-46050,0.09573785021368064
test-46051,0.011487748464820684
test-46052,0.09935030145420644
test-46053,0.14949214486082593
test-46054,0.01435002937285516
test-46055,0.06334114721603874
test-46056,0.12067617585018717
test-46057,0.1492156280226066
test-46058,0.14861433358274279
test-46059,0.02143546801446825
test-4606,0.2875825880505923
test-46060,0.06251657660394029
test-46061,0.21782763488261797
test-46062,0.017030165953800327
test-46063,0.026180181860477318
test-46064,0.36336236004260664
test-46065,0.020846516394319916
test-46066,0.2145514368064853
test-46067,0.016129602202534087
test-46068,0.01468065621855701
test-46069,0.1313395705021038
test-4607,0.18623281465475622
test-46070,0.1609578015473594
test-46071,0.02160678382988693
test-46072,0.12398469720239189
test-46073,0.011199185715430592
test-46074,0.010722247350078718
test-46075,0.021663952269098074
test-46076,0.028505274012039186
test-46077,0.021628217245547185
test-46078,0.019928384331973224
test-46079,0.20352469016547037
test-4608,0.07524665416498058
test-46080,0.02690368497673472
test-46081,0.10769179491477508
test-46082,0.16598266089947816
test-46083,0.013774877081409915
test-46084,0.1100812978405749
test-46085,0.050774765051666566
test-46086,0.03281653423827879
test-46087,0.0787718604191346
test-46088,0.04261728243678039
test-46089,0.013222587251498694
test-4609,0.011030392131936823
test-46090,0.015774423311629156
test-46091,0.019928384331973224
test-46092,0.026656386425945647
test-46093,0.02480304224237559
test-46094,0.020392973887659392
test-46095,0.03276557343946164
test-46096,0.0633858833060664
test-46097,0.10453732300399168
test-46098,0.11708085939064282
test-46099,0.013584306887996578
test-461,0.009309036998174775
test-4610,0.011265819169543655
test-46100,0.03285016888405428
test-46101,0.07109792574312591
test-46102,0.010746940473996111
test-46103,0.07322611112342625
test-46104,0.18886946424390705
test-46105,0.10790562188044854
test-46106,0.08234221291478383
test-46107,0.019691126138250643
test-46108,0.02787958363114843
test-46109,0.06516518326637946
test-4611,0.22802294521315597
test-46110,0.007801876307845878
test-46111,0.007060233741554023
test-46112,0.22150228901399546
test-46113,0.03930261356671758
test-46114,0.025630678607026773
test-46115,0.019282984525144174
test-46116,0.020502935011332716
test-46117,0.11499578303811298
test-46118,0.14082235140207222
test-46119,0.01711647231984293
test-4612,0.0846182167635542
test-46120,0.32076879650771395
test-46121,0.008483080280940107
test-46122,0.06571231251950548
test-46123,0.10715880572031566
test-46124,0.11084624888241132
test-46125,0.00805682697957147
test-46126,0.15609928226063696
test-46127,0.20322532679852642
test-46128,0.012449817745063546
test-46129,0.006546595700671653
test-4613,0.24093758639005075
test-46130,0.018167839733137372
test-46131,0.024974822334668398
test-46132,0.029898820979739373
test-46133,0.10061140798356767
test-46134,0.02945080092331309
test-46135,0.028757459146390774
test-46136,0.045894684240144853
test-46137,0.14187437150985474
test-46138,0.18829490497059048
test-46139,0.1893557526966775
test-4614,0.06926352498351025
test-46140,0.06769227346933265
test-46141,0.016099165604652188
test-46142,0.22566128912408315
test-46143,0.149268828930151
test-46144,0.017609679903886438
test-46145,0.15035033684319382
test-46146,0.01644443832879783
test-46147,0.06557141989604745
test-46148,0.02070889106173611
test-46149,0.01019023861742928
test-4615,0.05015468531813707
test-46150,0.020106952009396446
test-46151,0.021091302298538388
test-46152,0.017339051555944774
test-46153,0.15843701396957996
test-46154,0.0681125196682653
test-46155,0.012232669236255002
test-46156,0.1359401912174407
test-46157,0.019441474139231796
test-46158,0.011091774122330755
test-46159,0.0726503326287069
test-4616,0.04422619294651851
test-46160,0.08086937769084244
test-46161,0.09755731273300457
test-46162,0.011275820138168155
test-46163,0.1460243832441869
test-46164,0.01791630798630596
test-46165,0.08100480603570896
test-46166,0.11690782927104641
test-46167,0.015777423058972125
test-46168,0.1263794496218953
test-46169,0.031441986142293814
test-4617,0.19417948355671216
test-46170,0.008125762820924693
test-46171,0.0182569670974275
test-46172,0.1253471759278275
test-46173,0.14730802347789035
test-46174,0.024886759032378924
test-46175,0.0665248783642851
test-46176,0.04052220197201999
test-46177,0.019675567779038724
test-46178,0.2430696191828629
test-46179,0.06806931174093042
test-4618,0.38673223031365334
test-46180,0.016249380865411688
test-46181,0.0479002933265292
test-46182,0.10812230317096443
test-46183,0.010054149762060972
test-46184,0.2635197351916955
test-46185,0.021176670602333646
test-46186,0.0652155345722297
test-46187,0.0669392073111586
test-46188,0.00693294978302329
test-46189,0.11607553849948815
test-4619,0.16695447271917302
test-46190,0.006241841399736857
test-46191,0.060830464168921544
test-46192,0.13994723826091052
test-46193,0.02302489090605391
test-46194,0.26696510728785566
test-46195,0.03292579936139263
test-46196,0.11201081901008186
test-46197,0.013470359564366336
test-46198,0.06974968978998738
test-46199,0.0687732139720173
test-462,0.18811731458304776
test-4620,0.10962262499028566
test-46200,0.04568024330744096
test-46201,0.009114457636131076
test-46202,0.02668431256653481
test-46203,0.014601409240365324
test-46204,0.022602474968926253
test-46205,0.006533853896078757
test-46206,0.18418539639569032
test-46207,0.014671767129034913
test-46208,0.02517167588629617
test-46209,0.012896246793422097
test-4621,0.0238727409117851
test-46210,0.01199736133683938
test-46211,0.009737027601908308
test-46212,0.027108137929186683
test-46213,0.01576187278811852
test-46214,0.02526763044869486
test-46215,0.02184982988593804
test-46216,0.04337936045731193
test-46217,0.22695092985590556
test-46218,0.08019195804630591
test-46219,0.031951432590398676
test-4622,0.015692729499937646
test-46220,0.03957797408190487
test-46221,0.14117351108990736
test-46222,0.025344824733961654
test-46223,0.017321889336611718
test-46224,0.011114115844730123
test-46225,0.017905267515514318
test-46226,0.08063599635960221
test-46227,0.0148202088670645
test-46228,0.0609322182710957
test-46229,0.36956540926548864
test-4623,0.09787796055403811
test-46230,0.017230898497569126
test-46231,0.10833979379439783
test-46232,0.21782763488261797
test-46233,0.13220747405558333
test-46234,0.1342956497282538
test-46235,0.014457893661058095
test-46236,0.011773696176629458
test-46237,0.013541010566906833
test-46238,0.016528822593329336
test-46239,0.1543693773528168
test-4624,0.21381003550556313
test-46240,0.1900267312330666
test-46241,0.00874798107413319
test-46242,0.013965467226124744
test-46243,0.0962994335527908
test-46244,0.07348676852583431
test-46245,0.08635834380395914
test-46246,0.27799382861495586
test-46247,0.06769037692375876
test-46248,0.01066400697891108
test-46249,0.021495509215504048
test-4625,0.025582454555218407
test-46250,0.09756258859959459
test-46251,0.016621696523170946
test-46252,0.0865882307534041
test-46253,0.018900944334793494
test-46254,0.021591871366089987
test-46255,0.2979296755060856
test-46256,0.059501922873155644
test-46257,0.014492305905803754
test-46258,0.024492077319179045
test-46259,0.07368970802550642
test-4626,0.022292435307212182
test-46260,0.16573668134267022
test-46261,0.008409757654750681
test-46262,0.026895596394338472
test-46263,0.27655751962687036
test-46264,0.0127553785908678
test-46265,0.027096060149787292
test-46266,0.09630394762184434
test-46267,0.01642580514976436
test-46268,0.06000329763973846
test-46269,0.06304685685123702
test-4627,0.05339307069340168
test-46270,0.008556634643727896
test-46271,0.00823173777433159
test-46272,0.22447028656452497
test-46273,0.04002990845528347
test-46274,0.048705798983757556
test-46275,0.03457776099672498
test-46276,0.0391158074922734
test-46277,0.2964596354752263
test-46278,0.03741923735418615
test-46279,0.3179545063079946
test-4628,0.02254523918625851
test-46280,0.05950017199337657
test-46281,0.05273939999786985
test-46282,0.290613892122158
test-46283,0.024812990841548196
test-46284,0.06050413100631315
test-46285,0.10017764825938688
test-46286,0.08185185607166799
test-46287,0.02583330961104668
test-46288,0.01238337653170105
test-46289,0.014390761841485843
test-4629,0.3195674274302424
test-46290,0.09872455333713058
test-46291,0.13975124670733158
test-46292,0.020900916161280595
test-46293,0.21634599142539757
test-46294,0.036213345721419626
test-46295,0.16948764875643343
test-46296,0.051899630564227105
test-46297,0.2576042597900876
test-46298,0.009818900575629352
test-46299,0.043158981863193197
test-463,0.350121316732533
test-4630,0.012148053904424335
test-46300,0.12621933585906506
test-46301,0.12299479777451137
test-46302,0.1661273553175934
test-46303,0.015909380101086768
test-46304,0.15034905799445494
test-46305,0.14894190448940953
test-46306,0.25790134709925094
test-46307,0.022447994406733177
test-46308,0.04952403388029099
test-46309,0.05339307069340168
test-4631,0.12746828535232704
test-46310,0.10788603784775816
test-46311,0.04125385397884118
test-46312,0.3147502131079928
test-46313,0.011000809861228214
test-46314,0.03544080451276304
test-46315,0.017147159497633353
test-46316,0.013532290216934754
test-46317,0.05623733872345828
test-46318,0.20602627859960634
test-46319,0.0669392073111586
test-4632,0.021555161358868646
test-46320,0.09719167813243508
test-46321,0.29858413291288244
test-46322,0.19943201614441933
test-46323,0.07611041731804176
test-46324,0.10093982204175307
test-46325,0.019045614843017113
test-46326,0.0669392073111586
test-46327,0.08201192131710815
test-46328,0.008296844695301644
test-46329,0.0074648416360214714
test-4633,0.01485597803523912
test-46330,0.013229289925022245
test-46331,0.010494522582037098
test-46332,0.07066391180041305
test-46333,0.011385882340883504
test-46334,0.05458531204258838
test-46335,0.06837614886396573
test-46336,0.17645226684991447
test-46337,0.12215211821719088
test-46338,0.023138329335271074
test-46339,0.0669392073111586
test-4634,0.08421520720273715
test-46340,0.4010858186027465
test-46341,0.04019935806004712
test-46342,0.007623634931109619
test-46343,0.011967397509238415
test-46344,0.07504121318644069
test-46345,0.31031435814079444
test-46346,0.20860330846912634
test-46347,0.10036735478928334
test-46348,0.11428422912314978
test-46349,0.013941553920743895
test-4635,0.16695447271917302
test-46350,0.015228327352687272
test-46351,0.007592162098074849
test-46352,0.20470661532113674
test-46353,0.3341027874495234
test-46354,0.015883465235268426
test-46355,0.12961322319171792
test-46356,0.2868342432363889
test-46357,0.02869652639209735
test-46358,0.08557450257869022
test-46359,0.024039659086970963
test-4636,0.031021907284468717
test-46360,0.17382993792092108
test-46361,0.20501277059440148
test-46362,0.10654459372968364
test-46363,0.07406179485738844
test-46364,0.015674664116847238
test-46365,0.11551666551069942
test-46366,0.040695030576269844
test-46367,0.07901094562371648
test-46368,0.29368096987821596
test-46369,0.008669423564269025
test-4637,0.09526063506268198
test-46370,0.07799433853261355
test-46371,0.03355403077527231
test-46372,0.4001140406804215
test-46373,0.00996617015090964
test-46374,0.016525361388669852
test-46375,0.013958004207458559
test-46376,0.05839499808333771
test-46377,0.03553083816826185
test-46378,0.09151146059366
test-46379,0.03529265180657635
test-4638,0.02114740725879859
test-46380,0.053356750347771056
test-46381,0.035833057153515965
test-46382,0.10060741135526377
test-46383,0.14964898738942792
test-46384,0.01879409393149565
test-46385,0.188832497490162
test-46386,0.1613300103955441
test-46387,0.0590103173139004
test-46388,0.05976973654084738
test-46389,0.015693435085580475
test-4639,0.2651197345118816
test-46390,0.20259668081203522
test-46391,0.04252105837468247
test-46392,0.008455889864020833
test-46393,0.029928520028815214
test-46394,0.0621766861126852
test-46395,0.022645326312749996
test-46396,0.0943135063460279
test-46397,0.0091119697118891
test-46398,0.01991950343590744
test-46399,0.06709878207500149
test-464,0.24800406026066013
test-4640,0.030121063405102823
test-46400,0.029531045039924004
test-46401,0.13938574877773244
test-46402,0.019600688926229338
test-46403,0.00954648540162881
test-46404,0.02058495765831232
test-46405,0.09089773031037242
test-46406,0.04963167447462155
test-46407,0.019399076323548467
test-46408,0.14584971832814003
test-46409,0.018430480536614648
test-4641,0.008133777087950541
test-46410,0.03780778293516011
test-46411,0.011270661570570502
test-46412,0.24699940112656238
test-46413,0.034462792400414846
test-46414,0.1749278398004268
test-46415,0.006805944505263756
test-46416,0.01832934942910711
test-46417,0.14858764859403684
test-46418,0.05132738538076731
test-46419,0.027180134003553385
test-4642,0.23390550175866281
test-46420,0.020618263425066428
test-46421,0.019375172393558827
test-46422,0.055874069678319045
test-46423,0.01847825567128726
test-46424,0.10509029641039076
test-46425,0.021742697405953682
test-46426,0.013265679387419462
test-46427,0.014821657236682615
test-46428,0.0062332124497018505
test-46429,0.014457302649417747
test-4643,0.06839948734300423
test-46430,0.03571144076677699
test-46431,0.010597022721610675
test-46432,0.17645226684991447
test-46433,0.1867280326188178
test-46434,0.01650731857235388
test-46435,0.0482885518936515
test-46436,0.009062447809738552
test-46437,0.14765657314827385
test-46438,0.03448282831681724
test-46439,0.014851553769397898
test-4644,0.2697126476955032
test-46440,0.14029174912574152
test-46441,0.13878934191055908
test-46442,0.019221363417698412
test-46443,0.009508803899673606
test-46444,0.03368855619344649
test-46445,0.04414783831281124
test-46446,0.010768058684133839
test-46447,0.013024320492869574
test-46448,0.3138104204464445
test-46449,0.2007318447591492
test-4645,0.0551296584974743
test-46450,0.13626330311654053
test-46451,0.1900258626328395
test-46452,0.09745240525724189
test-46453,0.04268837732060238
test-46454,0.04618320522245996
test-46455,0.06308017733813813
test-46456,0.023138329335271074
test-46457,0.02741912181238777
test-46458,0.1144593136138608
test-46459,0.014886892559231002
test-4646,0.021982318755874326
test-46460,0.03264538682589569
test-46461,0.016899178032014416
test-46462,0.048717782406929144
test-46463,0.02090269077461626
test-46464,0.0342885735206591
test-46465,0.2377168356929849
test-46466,0.009854514126251514
test-46467,0.0417951602155024
test-46468,0.02712803758727728
test-46469,0.1490094415565178
test-4647,0.01485597803523912
test-46470,0.209771595641897
test-46471,0.09238432317454845
test-46472,0.0707119985986715
test-46473,0.22260263153733098
test-46474,0.27611707799428625
test-46475,0.03376808888379797
test-46476,0.237139761215323
test-46477,0.032771824703219106
test-46478,0.02161022109069046
test-46479,0.018271714341037516
test-4648,0.02263496314228863
test-46480,0.036175874212597686
test-46481,0.009479564501136658
test-46482,0.03625869832497871
test-46483,0.040047541897283656
test-46484,0.2826226424536455
test-46485,0.0309763003541214
test-46486,0.15552004352357343
test-46487,0.12384124943034994
test-46488,0.023719416224524482
test-46489,0.016270184024423318
test-4649,0.060802126039938
test-46490,0.019617259672226998
test-46491,0.13982333921855672
test-46492,0.02998336268843845
test-46493,0.10214756863178796
test-46494,0.24232155857740434
test-46495,0.3092300590747145
test-46496,0.025614072497502048
test-46497,0.05148951697156887
test-46498,0.01771972571564868
test-46499,0.11073525808331104
test-465,0.021754557914356116
test-4650,0.01122064920572215
test-46500,0.0105162124329857
test-46501,0.2858794858083118
test-46502,0.11822127471364005
test-46503,0.029319656049604556
test-46504,0.18490829688266436
test-46505,0.04617580533864311
test-46506,0.08003083037374147
test-46507,0.08674748695922836
test-46508,0.0875111130964117
test-46509,0.011405570489086931
test-4651,0.06542121885951736
test-46510,0.1938569023109008
test-46511,0.13928996648677963
test-46512,0.037802933463891165
test-46513,0.07148715496558743
test-46514,0.026990945643250042
test-46515,0.04074272892258347
test-46516,0.01485917980345782
test-46517,0.1689288097257411
test-46518,0.021430946061947027
test-46519,0.015355444218180357
test-4652,0.1174236379194529
test-46520,0.07079940096564968
test-46521,0.021920552993499574
test-46522,0.07305911273342602
test-46523,0.17478873584551843
test-46524,0.3937301534634637
test-46525,0.014306002372027522
test-46526,0.04475351461529831
test-46527,0.021428228337527635
test-46528,0.02393676082770594
test-46529,0.11715382729699081
test-4653,0.017412464826332057
test-46530,0.014615273962090709
test-46531,0.07197343983936771
test-46532,0.03776833636691175
test-46533,0.051183186368014943
test-46534,0.06730166737985714
test-46535,0.025151167289143853
test-46536,0.09204347970106215
test-46537,0.04036895594194661
test-46538,0.061577899304617906
test-46539,0.028974053244902803
test-4654,0.013166257550528436
test-46540,0.03376761943313304
test-46541,0.038320231681002265
test-46542,0.0658993386202859
test-46543,0.023005929169376323
test-46544,0.05487776745599645
test-46545,0.015658629138312452
test-46546,0.14265678155898334
test-46547,0.09117839465622624
test-46548,0.03648168449572942
test-46549,0.12422943980492858
test-4655,0.00861244464304051
test-46550,0.0687732139720173
test-46551,0.05181679800152083
test-46552,0.048178471948151155
test-46553,0.1563039002739999
test-46554,0.018507689863841194
test-46555,0.2433044081720097
test-46556,0.18953257093957304
test-46557,0.032964059365476084
test-46558,0.014566138695150617
test-46559,0.0472981471320806
test-4656,0.015133138434686376
test-46560,0.2262887729828075
test-46561,0.02234285671295252
test-46562,0.015125224783814116
test-46563,0.022199672273680367
test-46564,0.2552870352564195
test-46565,0.15644328139772729
test-46566,0.02662779236944409
test-46567,0.2752876129698503
test-46568,0.013503602986277613
test-46569,0.17645226684991447
test-4657,0.0342552716716996
test-46570,0.08003083037374147
test-46571,0.03273310188058774
test-46572,0.1663511860584751
test-46573,0.09290948589602134
test-46574,0.08254012539606598
test-46575,0.06581486015114717
test-46576,0.0669392073111586
test-46577,0.06166322302970948
test-46578,0.007193115510389262
test-46579,0.14037199513843154
test-4658,0.26518334541088323
test-46580,0.06774201688637115
test-46581,0.009783308100996592
test-46582,0.2032845607945445
test-46583,0.07964346024508775
test-46584,0.07755123447884066
test-46585,0.028528444703301344
test-46586,0.07896917855603469
test-46587,0.04634469732855812
test-46588,0.016710545249224575
test-46589,0.0070255302413999654
test-4659,0.1289074161412326
test-46590,0.2724695383866497
test-46591,0.32990889717293176
test-46592,0.05919720038112414
test-46593,0.02858179590900206
test-46594,0.018760285795795067
test-46595,0.007249583442338513
test-46596,0.03769948135441362
test-46597,0.1898833947720719
test-46598,0.015335452776096044
test-46599,0.032608955817655466
test-466,0.03391683196107344
test-4660,0.06286225177239424
test-46600,0.09846596856920584
test-46601,0.039477482084524645
test-46602,0.08062654945675594
test-46603,0.14358756960408287
test-46604,0.21520837606759777
test-46605,0.09321271430232174
test-46606,0.04412979785617755
test-46607,0.0501300220634433
test-46608,0.027148040969383867
test-46609,0.04788030523373802
test-4661,0.03667886671461944
test-46610,0.029005642632617786
test-46611,0.32753504127809585
test-46612,0.0072783877334957475
test-46613,0.031093445163793088
test-46614,0.026550934112656372
test-46615,0.08181116950240602
test-46616,0.0474751747048441
test-46617,0.010643624199713597
test-46618,0.27072356433816214
test-46619,0.014233135795178153
test-4662,0.014885074741875242
test-46620,0.03295456069703435
test-46621,0.207776674036707
test-46622,0.045655951357548165
test-46623,0.017249788226036514
test-46624,0.03493345792659162
test-46625,0.060580382112610645
test-46626,0.04146830404486567
test-46627,0.09068651049759499
test-46628,0.028852820270873377
test-46629,0.02013750617964362
test-4663,0.055075439334692285
test-46630,0.23265089656364366
test-46631,0.018574581057084715
test-46632,0.06634358790172522
test-46633,0.010029564270605872
test-46634,0.28402428190283313
test-46635,0.05273363533656634
test-46636,0.02882730631563048
test-46637,0.042156903675337115
test-46638,0.014316676966269074
test-46639,0.027140919051530966
test-4664,0.10812230317096443
test-46640,0.02114740725879859
test-46641,0.07589545420270172
test-46642,0.04960727636818611
test-46643,0.04844243994475715
test-46644,0.039086452581574595
test-46645,0.07088588071997164
test-46646,0.16091580805929934
test-46647,0.04051182369827448
test-46648,0.03737931832753076
test-46649,0.06769227346933265
test-4665,0.07318039133247843
test-46650,0.01967173783351862
test-46651,0.17088310493930675
test-46652,0.0067632857853302236
test-46653,0.026241862276106313
test-46654,0.03726475038830179
test-46655,0.053396078494704936
test-46656,0.020801859660062552
test-46657,0.1149170570850768
test-46658,0.01095297789524586
test-46659,0.16477346374307444
test-4666,0.02108314420140011
test-46660,0.20182357461877762
test-46661,0.03970470875507211
test-46662,0.017655092780830405
test-46663,0.07348346430713747
test-46664,0.06613128233036399
test-46665,0.01685333372845823
test-46666,0.05207419575787806
test-46667,0.012429820223318679
test-46668,0.022023665676775096
test-46669,0.025189387635696545
test-4667,0.21937090039857052
test-46670,0.00909149282627384
test-46671,0.33350609644957513
test-46672,0.035506406955203934
test-46673,0.028552391968523706
test-46674,0.31031435814079444
test-46675,0.04702162189279132
test-46676,0.04148511778890495
test-46677,0.01707433013351034
test-46678,0.09380351363245026
test-46679,0.07403405058130529
test-4668,0.047754212026980526
test-46680,0.1325638512706875
test-46681,0.010151389633337194
test-46682,0.17955765983655242
test-46683,0.03286716334690705
test-46684,0.03953863297788989
test-46685,0.06794476528463178
test-46686,0.01691302223511299
test-46687,0.19055521355546626
test-46688,0.010494522582037098
test-46689,0.030542268252676287
test-4669,0.1816125501574544
test-46690,0.015652499362423307
test-46691,0.015711453457509912
test-46692,0.034462792400414846
test-46693,0.024210080412807075
test-46694,0.02944188374693412
test-46695,0.012784001229000197
test-46696,0.051642530544525056
test-46697,0.013486367796070764
test-46698,0.06238168821607059
test-46699,0.11607553849948815
test-467,0.1368321145500669
test-4670,0.05069458861557902
test-46700,0.030429577972393655
test-46701,0.19949839836405872
test-46702,0.009459499842853146
test-46703,0.08260182777979576
test-46704,0.010656292589136845
test-46705,0.008390163953988783
test-46706,0.3609642290707718
test-46707,0.07287513663214307
test-46708,0.022303137876015434
test-46709,0.11399716334043017
test-4671,0.03714988897915884
test-46710,0.16560876143130748
test-46711,0.046575692610921954
test-46712,0.0323043343213461
test-46713,0.3136040974364507
test-46714,0.23194084316526611
test-46715,0.17558508681675442
test-46716,0.051248277163331454
test-46717,0.17973954054644367
test-46718,0.05820696558253625
test-46719,0.15071261327754834
test-4672,0.24193363441986024
test-46720,0.012244553036149278
test-46721,0.018485846023375108
test-46722,0.011465152755054046
test-46723,0.06432524051141394
test-46724,0.013591903143612569
test-46725,0.03957165042414865
test-46726,0.04067959470226726
test-46727,0.04033532614762677
test-46728,0.05368058579374111
test-46729,0.12869267478615168
test-4673,0.05717227466891522
test-46730,0.09985649801372733
test-46731,0.22957834753956996
test-46732,0.039056486816039286
test-46733,0.15443421327683932
test-46734,0.025314743228142037
test-46735,0.008747214749617597
test-46736,0.02161631009315525
test-46737,0.04806761642918853
test-46738,0.009627263840189849
test-46739,0.1876099330039599
test-4674,0.0370178999960362
test-46740,0.18032214060047638
test-46741,0.03886510580376667
test-46742,0.011803303083447266
test-46743,0.12527180560795606
test-46744,0.10272558525525304
test-46745,0.2388446206989339
test-46746,0.03370618115869601
test-46747,0.11077776920076544
test-46748,0.06904841788797926
test-46749,0.17587858132603157
test-4675,0.06777045371984815
test-46750,0.020184049019556536
test-46751,0.008199661811940451
test-46752,0.018245198098388902
test-46753,0.18706150624425438
test-46754,0.047776158056770164
test-46755,0.21258067717515183
test-46756,0.026565259933034213
test-46757,0.07997564641539083
test-46758,0.0154506261985639
test-46759,0.11709343371842393
test-4676,0.049343724663320876
test-46760,0.2185127519262388
test-46761,0.06803412447426488
test-46762,0.01138237851739732
test-46763,0.07804677970585389
test-46764,0.07484193451067664
test-46765,0.032039855717219984
test-46766,0.08752019470863416
test-46767,0.13638719644478345
test-46768,0.08463901422589887
test-46769,0.3562028609291261
test-4677,0.10135147787955867
test-46770,0.02325433526791978
test-46771,0.12301027230016054
test-46772,0.0279928023704105
test-46773,0.13963737030410275
test-46774,0.022030027059455403
test-46775,0.07743495612335953
test-46776,0.01247679791262505
test-46777,0.3937301534634637
test-46778,0.03160111082299294
test-46779,0.30282985159472103
test-4678,0.024158769944670533
test-46780,0.03804305988080211
test-46781,0.05734192740040402
test-46782,0.039254733793198014
test-46783,0.015356464858892433
test-46784,0.07442490934987268
test-46785,0.0898774960524088
test-46786,0.027965905731651152
test-46787,0.055353832410477095
test-46788,0.03094299297076578
test-46789,0.011906836109066923
test-4679,0.18222138991928724
test-46790,0.008833433729878996
test-46791,0.010205823459179456
test-46792,0.11430352231219558
test-46793,0.009181963504292175
test-46794,0.06803412447426488
test-46795,0.1297476514053803
test-46796,0.013273651965628238
test-46797,0.132714090823437
test-46798,0.12951355568067852
test-46799,0.018165609894637193
test-468,0.15296251770491337
test-4680,0.020413975615056007
test-46800,0.009473269963305676
test-46801,0.3162858047227981
test-46802,0.19920631482983664
test-46803,0.08271820361501633
test-46804,0.052587175427313934
test-46805,0.02156167221016833
test-46806,0.05273939999786985
test-46807,0.32595676830908676
test-46808,0.13220251182811196
test-46809,0.06368948000254546
test-4681,0.1508126009690024
test-46810,0.010790696514787819
test-46811,0.20166707516881385
test-46812,0.032210734184143434
test-46813,0.01967745161195277
test-46814,0.047467725380945826
test-46815,0.02250498232986426
test-46816,0.01601664506540398
test-46817,0.1486211957756497
test-46818,0.2519907039033014
test-46819,0.18347925577966442
test-4682,0.07564187602682827
test-46820,0.21074284719352368
test-46821,0.009760845939559075
test-46822,0.03656060318363208
test-46823,0.01549258023610569
test-46824,0.11496858925816396
test-46825,0.024472855413011845
test-46826,0.02048276946820329
test-46827,0.3741485781481088
test-46828,0.09240514896402356
test-46829,0.08104436183233167
test-4683,0.023178859694312846
test-46830,0.012968024952891488
test-46831,0.016844983729733604
test-46832,0.059642505963956614
test-46833,0.20580447855737793
test-46834,0.07386257778746604
test-46835,0.026422653364131677
test-46836,0.012691402046126697
test-46837,0.025736415073104802
test-46838,0.08370787794218489
test-46839,0.25621062697845853
test-4684,0.042158193713136546
test-46840,0.18979078291263468
test-46841,0.017292242654067445
test-46842,0.20571239093742497
test-46843,0.05564198075819908
test-46844,0.029391170849845424
test-46845,0.1313939655911403
test-46846,0.03694216992307607
test-46847,0.05595836759993671
test-46848,0.010631855110470522
test-46849,0.061577899304617906
test-4685,0.021841839942572005
test-46850,0.09740869555641339
test-46851,0.03804305988080211
test-46852,0.05647931084386999
test-46853,0.011208056652621264
test-46854,0.012780215866168286
test-46855,0.25171346847901105
test-46856,0.02455619352879846
test-46857,0.07913654776323852
test-46858,0.011815948802367193
test-46859,0.08751449591233272
test-4686,0.02253195837180957
test-46860,0.058784069594469995
test-46861,0.0482360284433184
test-46862,0.14013876779712633
test-46863,0.012987865733646353
test-46864,0.15951910066742916
test-46865,0.13167630665171776
test-46866,0.12806412512623086
test-46867,0.06807277471988875
test-46868,0.07896917855603469
test-46869,0.034875457747988434
test-4687,0.014036291755633697
test-46870,0.02429632423890841
test-46871,0.021081688117817448
test-46872,0.010109893250585446
test-46873,0.21676401361141925
test-46874,0.0846182167635542
test-46875,0.014946094131540301
test-46876,0.011529158977073187
test-46877,0.19995109592604443
test-46878,0.07771558515616006
test-46879,0.02251317550413272
test-4688,0.04369893058762631
test-46880,0.06517859581782387
test-46881,0.06851234288251976
test-46882,0.12496110723585986
test-46883,0.18922133480165249
test-46884,0.2966521057583961
test-46885,0.006819403906000855
test-46886,0.08549318337279413
test-46887,0.05015468531813707
test-46888,0.08192899637418471
test-46889,0.05208457129373567
test-4689,0.07096446565888062
test-46890,0.021254463566945728
test-46891,0.010093394281799102
test-46892,0.31550847351172256
test-46893,0.10850365759969889
test-46894,0.009176583265116034
test-46895,0.017325508272574473
test-46896,0.21006957417038338
test-46897,0.02142305463531038
test-46898,0.014204050129931539
test-46899,0.03612022969459142
test-469,0.02687448315546672
test-4690,0.023383614334761216
test-46900,0.17975066061842407
test-46901,0.017345465258335302
test-46902,0.07512180394517347
test-46903,0.29768633729161476
test-46904,0.02311339128706365
test-46905,0.018029739321258766
test-46906,0.05339307069340168
test-46907,0.09967505524039096
test-46908,0.022056466302850405
test-46909,0.11941722453599544
test-4691,0.09369220249993357
test-46910,0.03419404908124854
test-46911,0.020643273200199996
test-46912,0.04558784971674595
test-46913,0.013390310121331047
test-46914,0.006280557253307276
test-46915,0.0924240101042433
test-46916,0.022487548992525405
test-46917,0.15220591236272882
test-46918,0.1498790469677485
test-46919,0.04822925574196664
test-4692,0.1654100365312073
test-46920,0.05509112341363006
test-46921,0.026926729120707857
test-46922,0.020595929113816736
test-46923,0.30902669917001296
test-46924,0.03852596874279289
test-46925,0.010039712942920173
test-46926,0.013080221789174201
test-46927,0.018364256421671186
test-46928,0.012355122837011323
test-46929,0.0537063897112454
test-4693,0.04897482263781699
test-46930,0.0175779411633725
test-46931,0.030058201782670838
test-46932,0.014212462502933891
test-46933,0.29520856200594786
test-46934,0.08849126923692843
test-46935,0.13048094451772554
test-46936,0.20526299666178968
test-46937,0.17079582032427218
test-46938,0.04029538200605235
test-46939,0.05288166638788724
test-4694,0.012412024319092019
test-46940,0.0617533185067952
test-46941,0.035335751295261966
test-46942,0.009802026917652163
test-46943,0.021173014862018814
test-46944,0.07108492692254527
test-46945,0.03591670105010407
test-46946,0.012035416706140634
test-46947,0.19947960319887648
test-46948,0.2232235187189857
test-46949,0.016062036658890017
test-4695,0.015580449978159439
test-46950,0.06854068642831915
test-46951,0.04471019124834734
test-46952,0.025668395771522415
test-46953,0.29703222815738317
test-46954,0.05792825665759875
test-46955,0.1444793644108764
test-46956,0.009287804164158838
test-46957,0.022487961168269986
test-46958,0.05136229118922963
test-46959,0.1420659369061672
test-4696,0.04308095429846384
test-46960,0.014532624502754306
test-46961,0.2091149336314975
test-46962,0.04252105837468247
test-46963,0.025354156748446776
test-46964,0.020952936797077513
test-46965,0.009030439260227391
test-46966,0.2748005659688618
test-46967,0.011245324025381424
test-46968,0.11995613300315841
test-46969,0.027196825730237004
test-4697,0.24236056490445315
test-46970,0.022211469405128123
test-46971,0.0765176442062777
test-46972,0.028204806804155366
test-46973,0.16284665842441773
test-46974,0.17839559737897584
test-46975,0.187550291619094
test-46976,0.03876471054634277
test-46977,0.061577899304617906
test-46978,0.013568407173690093
test-46979,0.03246879862079033
test-4698,0.034672544860906186
test-46980,0.34617257874492113
test-46981,0.2575719185570495
test-46982,0.2097282955517113
test-46983,0.039402544094947756
test-46984,0.01852940306294187
test-46985,0.014006461213835556
test-46986,0.017327739451595558
test-46987,0.10037023619870919
test-46988,0.06526854910029607
test-46989,0.04612746803009074
test-4699,0.02327790222845561
test-46990,0.09456466912495104
test-46991,0.043063202820598154
test-46992,0.24978674222740976
test-46993,0.04128726840594567
test-46994,0.012203094755320913
test-46995,0.008316399818508007
test-46996,0.013892831984056305
test-46997,0.1099056338552604
test-46998,0.04381892517281248
test-46999,0.05697184519332147
test-47,0.030537759266754363
test-470,0.0669392073111586
test-4700,0.018919593253776026
test-47000,0.04017753930787239
test-47001,0.013023697263801008
test-47002,0.02980127913271256
test-47003,0.32338773478779737
test-47004,0.059725417806207326
test-47005,0.012283640124407809
test-47006,0.014916039941524564
test-47007,0.21528853756442476
test-47008,0.0346252948838928
test-47009,0.09494059449703392
test-4701,0.09622062521032904
test-47010,0.12605677974676874
test-47011,0.03769091270155578
test-47012,0.17699149346324147
test-47013,0.10088302988679923
test-47014,0.05410739181064715
test-47015,0.013665040028119803
test-47016,0.193114919899337
test-47017,0.03014304982178816
test-47018,0.008358354473493925
test-47019,0.11562398297804408
test-4702,0.016107086863449527
test-47020,0.031638866637643814
test-47021,0.017153099309986587
test-47022,0.23028796956869496
test-47023,0.005932683084527837
test-47024,0.052423949468836564
test-47025,0.012364869938628315
test-47026,0.2655456691512206
test-47027,0.17645226684991447
test-47028,0.01890998118917387
test-47029,0.01927100621902554
test-4703,0.11890503619160865
test-47030,0.02517167588629617
test-47031,0.02125126771368099
test-47032,0.012287098800573505
test-47033,0.009113720734571513
test-47034,0.009247488069507353
test-47035,0.1313395705021038
test-47036,0.010930366265938686
test-47037,0.16823650948685048
test-47038,0.23690168811688114
test-47039,0.030762682052362794
test-4704,0.1786093944385674
test-47040,0.039579147011189184
test-47041,0.020458019453417905
test-47042,0.009826448382316536
test-47043,0.07443684597065268
test-47044,0.02484166563003742
test-47045,0.00873290066078174
test-47046,0.03040705258841133
test-47047,0.13012027525882774
test-47048,0.0526892374520386
test-47049,0.18307818124958736
test-4705,0.07256089350475073
test-47050,0.07131357176604623
test-47051,0.03254656788055025
test-47052,0.030394216604344774
test-47053,0.027514194682996724
test-47054,0.21779186333706552
test-47055,0.03300356637227382
test-47056,0.024813096759171708
test-47057,0.02968668118175403
test-47058,0.02088803982557676
test-47059,0.00900353076799211
test-4706,0.07374695607532623
test-47060,0.3565036093678387
test-47061,0.06489139925687111
test-47062,0.1487244687230158
test-47063,0.07736971131561239
test-47064,0.14769973072579087
test-47065,0.0063323858756412
test-47066,0.010243656332323856
test-47067,0.21830492636180185
test-47068,0.024170520598447636
test-47069,0.035486052396469216
test-4707,0.11112218714321327
test-47070,0.04587667159803505
test-47071,0.02771477486542557
test-47072,0.09673533330374554
test-47073,0.01010203303808415
test-47074,0.009644095471519582
test-47075,0.09526063506268198
test-47076,0.0038731821046507813
test-47077,0.07097412885645901
test-47078,0.08912174897538586
test-47079,0.02049608940733564
test-4708,0.08196973207204497
test-47080,0.09860381645007209
test-47081,0.16885720415847386
test-47082,0.19479936919914745
test-47083,0.08486931191131464
test-47084,0.023336122040429737
test-47085,0.01264539116419997
test-47086,0.05015468531813707
test-47087,0.05686451759434869
test-47088,0.01143944872613681
test-47089,0.029188912204367985
test-4709,0.028081388890595735
test-47090,0.016562578577012217
test-47091,0.10678921263953166
test-47092,0.34611522617005247
test-47093,0.018358932110246265
test-47094,0.06164866705827396
test-47095,0.009633747038405064
test-47096,0.04201587544696237
test-47097,0.06592138168314142
test-47098,0.03339863551843859
test-47099,0.02465161441788497
test-471,0.031744971762648906
test-4710,0.1526583156425756
test-47100,0.03053532223417545
test-47101,0.08996063942374292
test-47102,0.021214031714764898
test-47103,0.03926151373815726
test-47104,0.019928384331973224
test-47105,0.07958009128105223
test-47106,0.04746568434559706
test-47107,0.013339808283355414
test-47108,0.0930597708540112
test-47109,0.019933032170278975
test-4711,0.17645226684991447
test-47110,0.03240283995213259
test-47111,0.03088099828379269
test-47112,0.10123949399593839
test-47113,0.07595943029407243
test-47114,0.08150393813886624
test-47115,0.01495476582371759
test-47116,0.03145007613971335
test-47117,0.08003083037374147
test-47118,0.034833290105529935
test-47119,0.02938579994843462
test-4712,0.01037228250059816
test-47120,0.026370799252285318
test-47121,0.06468699352381173
test-47122,0.03222054887984098
test-47123,0.21096139695635321
test-47124,0.011269350759626805
test-47125,0.04288918918990112
test-47126,0.026258477024550652
test-47127,0.12663596937894922
test-47128,0.06165732420068134
test-47129,0.1689219540380025
test-4713,0.03792901334906878
test-47130,0.1997903522570907
test-47131,0.006665455203361622
test-47132,0.0359752719210321
test-47133,0.0148203995430191
test-47134,0.0943974101116986
test-47135,0.06108085344638038
test-47136,0.07239958062251868
test-47137,0.17210092200208751
test-47138,0.09391732587516655
test-47139,0.013212406984186947
test-4714,0.02971756550232276
test-47140,0.02712544296643584
test-47141,0.024749238794340253
test-47142,0.08817397139697705
test-47143,0.05866504368622252
test-47144,0.03517554983071838
test-47145,0.009318221586792928
test-47146,0.061647414164758274
test-47147,0.24241294467830182
test-47148,0.05339307069340168
test-47149,0.09239254931627651
test-4715,0.008990553553424506
test-47150,0.20610735876829406
test-47151,0.12663596937894922
test-47152,0.25302036380668547
test-47153,0.0955965962598761
test-47154,0.01354393959515143
test-47155,0.05997031636792433
test-47156,0.08946959488061125
test-47157,0.02905462207742238
test-47158,0.010853623886987343
test-47159,0.015415086521830929
test-4716,0.17627352122449386
test-47160,0.08788120190007584
test-47161,0.16902309815972497
test-47162,0.050824917308069734
test-47163,0.3041944442163833
test-47164,0.17698304679795387
test-47165,0.015681184739320828
test-47166,0.15653796150981883
test-47167,0.338951880880182
test-47168,0.024692574852047306
test-47169,0.014176601824174212
test-4717,0.3015049642049047
test-47170,0.007893881776791784
test-47171,0.009631163540589998
test-47172,0.018931760892590972
test-47173,0.15888622817241596
test-47174,0.08725714365503714
test-47175,0.21014673988343693
test-47176,0.08708681818717194
test-47177,0.022405621596695128
test-47178,0.025054439894886586
test-47179,0.055718667057538085
test-4718,0.3562028609291261
test-47180,0.028909992298334103
test-47181,0.21071533562156813
test-47182,0.14731902231683403
test-47183,0.01721031379699807
test-47184,0.03532565895624545
test-47185,0.0436482568319115
test-47186,0.017502552707249867
test-47187,0.013659852681236598
test-47188,0.013953197892574671
test-47189,0.06007031728018209
test-4719,0.07799433853261355
test-47190,0.01774691224374164
test-47191,0.02847152062242932
test-47192,0.08318470054355681
test-47193,0.019001842787266562
test-47194,0.3230964926115124
test-47195,0.01946750010480089
test-47196,0.26772428196021797
test-47197,0.09479260863716893
test-47198,0.09507627697535487
test-47199,0.02912335805474075
test-472,0.09577148861252165
test-4720,0.017873901632086523
test-47200,0.15714751221612783
test-47201,0.01654249493641107
test-47202,0.022270874723740418
test-47203,0.03662208316224336
test-47204,0.025781019491216833
test-47205,0.009791718268818424
test-47206,0.0770298437454831
test-47207,0.017388010601174876
test-47208,0.022893953866534502
test-47209,0.10340746656845215
test-4721,0.18877797228648707
test-47210,0.0503015505880244
test-47211,0.004831661893218803
test-47212,0.008892240115813297
test-47213,0.015929762625664614
test-47214,0.06613128233036399
test-47215,0.08843856575961564
test-47216,0.17347808111190585
test-47217,0.07946349492236085
test-47218,0.17882645497418687
test-47219,0.01177455230246959
test-4722,0.022795223380139833
test-47220,0.2814602046652855
test-47221,0.02138992681030302
test-47222,0.02716057182116667
test-47223,0.05208457129373567
test-47224,0.06094098448230587
test-47225,0.018323566575321595
test-47226,0.12399326469784344
test-47227,0.038320231681002265
test-47228,0.005880380754369154
test-47229,0.019443255836925175
test-4723,0.08110413393213176
test-47230,0.18748102076294998
test-47231,0.06441303657587742
test-47232,0.02269873527653966
test-47233,0.0687732139720173
test-47234,0.10074081211772894
test-47235,0.21519251122359023
test-47236,0.06347845883090739
test-47237,0.031086772805835935
test-47238,0.2519907039033014
test-47239,0.07987753447674045
test-4724,0.04746840929897667
test-47240,0.19632024349265403
test-47241,0.014799907294376002
test-47242,0.08656138497525494
test-47243,0.018477567649154387
test-47244,0.023277165506419124
test-47245,0.033364776469284436
test-47246,0.009654225940053064
test-47247,0.04930554386737079
test-47248,0.13945060653581381
test-47249,0.041765120356140606
test-4725,0.017787811247452722
test-47250,0.2032845607945445
test-47251,0.11256831419828468
test-47252,0.09237273968570112
test-47253,0.008269729701089678
test-47254,0.09787796055403811
test-47255,0.021294086369693557
test-47256,0.08559035626129188
test-47257,0.03260202904135469
test-47258,0.10812230317096443
test-47259,0.08091840458510943
test-4726,0.01215142396691001
test-47260,0.01239988666598251
test-47261,0.10648689968278947
test-47262,0.01155190950451474
test-47263,0.012424314387981503
test-47264,0.1192852442111224
test-47265,0.06320293454194395
test-47266,0.03957797408190487
test-47267,0.0055516106701097466
test-47268,0.028552111709431515
test-47269,0.14631258007733608
test-4727,0.012922445535390159
test-47270,0.1399156786685301
test-47271,0.02703514886088837
test-47272,0.08700223772915229
test-47273,0.05380047948315927
test-47274,0.037654391908090744
test-47275,0.18588831042065349
test-47276,0.016987813638493048
test-47277,0.12058777209523423
test-47278,0.030673361614815448
test-47279,0.2688004757701905
test-4728,0.06527908092658005
test-47280,0.03237396038861394
test-47281,0.1782259839450399
test-47282,0.04005754259734248
test-47283,0.022917730330681348
test-47284,0.035343074178492584
test-47285,0.014912008451368636
test-47286,0.016129602202534087
test-47287,0.09435854111353265
test-47288,0.04082255326229457
test-47289,0.12910810347499574
test-4729,0.019761640395701868
test-47290,0.05554782879761724
test-47291,0.018023054026282744
test-47292,0.12269202155803684
test-47293,0.1936686435507226
test-47294,0.3695106347000598
test-47295,0.20474999980263747
test-47296,0.018086939284431194
test-47297,0.019155687063941912
test-47298,0.04415505867311452
test-47299,0.016136160813793703
test-473,0.15379729650994695
test-4730,0.1374493314180616
test-47300,0.017872991997230185
test-47301,0.046009648738188004
test-47302,0.025447622605070483
test-47303,0.021627947090130186
test-47304,0.0074285797901865284
test-47305,0.10882222494060478
test-47306,0.017641943303525972
test-47307,0.005892856496413869
test-47308,0.35914787195332754
test-47309,0.05366511931954272
test-4731,0.14909131072656798
test-47310,0.020521852790061176
test-47311,0.25330642477028076
test-47312,0.02036845620967065
test-47313,0.34999860103118996
test-47314,0.022979534464957787
test-47315,0.08227449316788707
test-47316,0.0687732139720173
test-47317,0.17103958913181022
test-47318,0.01975681464616098
test-47319,0.02318141820635286
test-4732,0.014924810480877657
test-47320,0.011618934325289048
test-47321,0.16695447271917302
test-47322,0.011117951487291597
test-47323,0.015371197140769077
test-47324,0.12819412947753134
test-47325,0.01950524851073518
test-47326,0.2435721589462524
test-47327,0.03895619095237962
test-47328,0.06687591078501293
test-47329,0.02708851184936078
test-4733,0.022088399876623817
test-47330,0.14311786213540156
test-47331,0.09442793442436977
test-47332,0.15986780317512933
test-47333,0.010699318803950158
test-47334,0.02844030954933775
test-47335,0.019818086540733474
test-47336,0.17220635777729376
test-47337,0.011358913874675034
test-47338,0.01502018554476196
test-47339,0.08605173758944847
test-4734,0.011187251021973528
test-47340,0.06564334507454683
test-47341,0.08763993309566608
test-47342,0.05339307069340168
test-47343,0.36844909675316484
test-47344,0.021865609432450285
test-47345,0.3216023851561319
test-47346,0.03328060297252402
test-47347,0.06866260127631668
test-47348,0.20470991988795806
test-47349,0.3779104797181301
test-4735,0.33321767202858726
test-47350,0.020429394227576628
test-47351,0.12240223723251864
test-47352,0.10369170280435873
test-47353,0.17371856466088964
test-47354,0.17866919218368274
test-47355,0.0669392073111586
test-47356,0.0185690874767532
test-47357,0.011779803041752274
test-47358,0.029357896381191333
test-47359,0.08127217096115637
test-4736,0.027297709800526163
test-47360,0.025793913632565585
test-47361,0.017189769513165046
test-47362,0.011250750078650406
test-47363,0.05339307069340168
test-47364,0.012798798524061102
test-47365,0.023166836780113928
test-47366,0.014306002372027522
test-47367,0.36112377675618623
test-47368,0.13133730017575915
test-47369,0.010294248107468896
test-4737,0.009492601885685875
test-47370,0.04646791098816878
test-47371,0.16197392707209135
test-47372,0.09982158320622143
test-47373,0.0815296460599852
test-47374,0.037658600636406254
test-47375,0.09919871159661162
test-47376,0.019812746599548167
test-47377,0.14312344857377512
test-47378,0.03856665641786955
test-47379,0.0640979588987927
test-4738,0.1869213515024209
test-47380,0.04580796904502707
test-47381,0.07863169367483024
test-47382,0.2891647895704211
test-47383,0.032396486137989185
test-47384,0.01133359352851174
test-47385,0.028907491136284547
test-47386,0.09064582708535712
test-47387,0.023796483991319905
test-47388,0.046009648738188004
test-47389,0.020958632757238256
test-4739,0.08601934633423036
test-47390,0.20112534528635206
test-47391,0.18685994628791452
test-47392,0.10468425951637808
test-47393,0.02766095251544029
test-47394,0.019485672435157034
test-47395,0.08224166701738943
test-47396,0.026342104070786614
test-47397,0.11412015650690727
test-47398,0.09787796055403811
test-47399,0.005275526070270267
test-474,0.019082507606515035
test-4740,0.0355960723717401
test-47400,0.07051189215887362
test-47401,0.02083636572700637
test-47402,0.17942591900817922
test-47403,0.061577899304617906
test-47404,0.029526749050089268
test-47405,0.021802279130241985
test-47406,0.03563965779772
test-47407,0.033234597366419226
test-47408,0.11412015650690727
test-47409,0.19514668110174146
test-4741,0.2344361143913975
test-47410,0.05456547186630861
test-47411,0.009895556696119138
test-47412,0.057619362644796765
test-47413,0.22778739739758228
test-47414,0.012721395548515826
test-47415,0.11070707678712931
test-47416,0.1229497226581949
test-47417,0.007360272174555646
test-47418,0.09238432317454845
test-47419,0.09787796055403811
test-4742,0.01749718752083516
test-47420,0.26770603088501627
test-47421,0.021987828679529194
test-47422,0.09503873836229888
test-47423,0.007093522366706016
test-47424,0.012185967847383598
test-47425,0.015192526347702002
test-47426,0.009325280574253811
test-47427,0.14959252965654854
test-47428,0.03891215874577033
test-47429,0.11406573607985475
test-4743,0.020645487761116924
test-47430,0.0707119985986715
test-47431,0.11426364144098501
test-47432,0.018634835928942016
test-47433,0.18233041260119667
test-47434,0.09772123709099605
test-47435,0.013805515162450505
test-47436,0.09787796055403811
test-47437,0.01413741577102315
test-47438,0.22668929070550747
test-47439,0.008585322466463437
test-4744,0.34903163916690877
test-47440,0.08469207989574525
test-47441,0.023524915786866978
test-47442,0.07345549014063163
test-47443,0.08693761815224105
test-47444,0.11412015650690727
test-47445,0.08209015768489733
test-47446,0.07300415700059695
test-47447,0.1745493153729722
test-47448,0.042085145956422716
test-47449,0.014745952229479733
test-4745,0.04921794723020564
test-47450,0.029893064961178245
test-47451,0.02372289305257482
test-47452,0.022418572615184946
test-47453,0.18491301243224867
test-47454,0.020944623666427728
test-47455,0.27739990847066803
test-47456,0.008640868638449598
test-47457,0.013160678807354307
test-47458,0.10703521091876123
test-47459,0.10000315538152091
test-4746,0.3242611331474619
test-47460,0.012039081731068548
test-47461,0.020588494608907455
test-47462,0.07985427253104706
test-47463,0.025610013564448843
test-47464,0.1127279061666934
test-47465,0.3387566198920991
test-47466,0.043795587752517504
test-47467,0.10334819584761594
test-47468,0.10222032007566029
test-47469,0.00956163138868844
test-4747,0.04108598022892526
test-47470,0.023499596968502626
test-47471,0.06613128233036399
test-47472,0.022627812528378248
test-47473,0.09778847494641088
test-47474,0.016305000300914765
test-47475,0.09787796055403811
test-47476,0.03348214229452225
test-47477,0.38163979416818433
test-47478,0.2404203741303968
test-47479,0.032953218970242164
test-4748,0.07784796331411044
test-47480,0.25400531053739484
test-47481,0.025806336457968024
test-47482,0.01186737610897006
test-47483,0.09435854111353265
test-47484,0.07958009128105223
test-47485,0.02364569819103662
test-47486,0.201297743099903
test-47487,0.01883525154132226
test-47488,0.017537276084792427
test-47489,0.028820255116878794
test-4749,0.010572756804754729
test-47490,0.045364834304137104
test-47491,0.02771359642349128
test-47492,0.046269120458463646
test-47493,0.018025304027273654
test-47494,0.07683686861917463
test-47495,0.02333058018475714
test-47496,0.0888687870523802
test-47497,0.09747502892102758
test-47498,0.21048756735531796
test-47499,0.06693173192851437
test-475,0.041247521559705756
test-4750,0.2186271648032219
test-47500,0.032585288011287725
test-47501,0.006404998680485308
test-47502,0.13807652879149426
test-47503,0.16695447271917302
test-47504,0.005719879621895602
test-47505,0.06980830189606753
test-47506,0.27621851739640135
test-47507,0.14759131028166111
test-47508,0.056958251262330964
test-47509,0.010976580467878663
test-4751,0.1468542357521679
test-47510,0.1145562784460311
test-47511,0.12878862255596368
test-47512,0.013444186992617254
test-47513,0.051929623796052156
test-47514,0.014117157677445362
test-47515,0.01669838235549554
test-47516,0.09112233503122522
test-47517,0.04645498704434394
test-47518,0.31639113532117935
test-47519,0.023779048014595683
test-4752,0.1554825670518279
test-47520,0.07608733984202766
test-47521,0.029495109690962862
test-47522,0.06577248898347157
test-47523,0.05273939999786985
test-47524,0.020287730625025268
test-47525,0.0947830155932804
test-47526,0.01745597347475086
test-47527,0.16813564620440494
test-47528,0.13632316857259644
test-47529,0.1619882036909741
test-4753,0.06401687696626099
test-47530,0.019572448869955666
test-47531,0.007260159747262002
test-47532,0.04697153687559437
test-47533,0.08076218784147113
test-47534,0.031715923577530704
test-47535,0.11607553849948815
test-47536,0.06617662848532498
test-47537,0.01381226308283413
test-47538,0.05081324172870553
test-47539,0.014170726472958165
test-4754,0.019126611866408925
test-47540,0.15438898606618587
test-47541,0.08835000787860159
test-47542,0.04217278068824604
test-47543,0.05400256287771402
test-47544,0.024799217419856613
test-47545,0.2519907039033014
test-47546,0.1518274671914278
test-47547,0.2904979928290906
test-47548,0.011333248531343019
test-47549,0.015974179194743657
test-4755,0.03701772830995713
test-47550,0.03667886671461944
test-47551,0.04583805582806672
test-47552,0.07310084579020641
test-47553,0.015673378212842228
test-47554,0.2805509560003974
test-47555,0.007518923096105368
test-47556,0.04782812181748887
test-47557,0.008926289210006023
test-47558,0.013548233310112179
test-47559,0.07896917855603469
test-4756,0.1862641919837284
test-47560,0.011818832719693981
test-47561,0.17337313395860596
test-47562,0.06983136155849988
test-47563,0.02358189861299736
test-47564,0.015589037805713291
test-47565,0.021576322386034543
test-47566,0.14169365638824388
test-47567,0.0761463288834153
test-47568,0.019297315490837227
test-47569,0.23223910555204383
test-4757,0.014486991259059489
test-47570,0.02234064035972737
test-47571,0.06721393631980155
test-47572,0.1252947889323858
test-47573,0.0258506938092788
test-47574,0.2528351114713763
test-47575,0.11550134907995768
test-47576,0.027346659415325544
test-47577,0.08227449316788707
test-47578,0.0225165788174221
test-47579,0.24866113942441997
test-4758,0.01789519939187395
test-47580,0.13988424692881987
test-47581,0.10481859758928998
test-47582,0.015665511279403535
test-47583,0.35497338270008966
test-47584,0.0315030267055067
test-47585,0.2876487954649451
test-47586,0.008233468899419356
test-47587,0.01610137913008839
test-47588,0.008875372074663334
test-47589,0.027511832068450044
test-4759,0.011276649474233614
test-47590,0.16724978543848468
test-47591,0.23196701852385193
test-47592,0.2847173212940611
test-47593,0.2762814501491187
test-47594,0.13919012465966588
test-47595,0.08556126817070811
test-47596,0.016831012841349403
test-47597,0.12210278089541797
test-47598,0.24137620645166197
test-47599,0.17909856925714268
test-476,0.048074462191686526
test-4760,0.17376527291143637
test-47600,0.3206234139546942
test-47601,0.006581797997811495
test-47602,0.018690132303500417
test-47603,0.03944032528564574
test-47604,0.009143517798907519
test-47605,0.23770849739776884
test-47606,0.014214221589278203
test-47607,0.04363145236447255
test-47608,0.011818832719693981
test-47609,0.2564544649852639
test-4761,0.031125483393725062
test-47610,0.07648482175050547
test-47611,0.03517610146721131
test-47612,0.0375120757789188
test-47613,0.036423949971104715
test-47614,0.034330544363689056
test-47615,0.16149696100300154
test-47616,0.042786101595217146
test-47617,0.010143257771975183
test-47618,0.0166372592761125
test-47619,0.02174776119916419
test-4762,0.00930708596425079
test-47620,0.13460470579645722
test-47621,0.24869630636498638
test-47622,0.011427348358220124
test-47623,0.007820546186221827
test-47624,0.1944346418129891
test-47625,0.08549318337279413
test-47626,0.13672505917018607
test-47627,0.023504699031333474
test-47628,0.018690209706077092
test-47629,0.1404314274132533
test-4763,0.04315587774234556
test-47630,0.10016106950207247
test-47631,0.018512656426895396
test-47632,0.08962782951307559
test-47633,0.3364988098688698
test-47634,0.04922631310685558
test-47635,0.01340673678525777
test-47636,0.06687591078501293
test-47637,0.015639410575160696
test-47638,0.04748375834682779
test-47639,0.1306321282504152
test-4764,0.028231343595340297
test-47640,0.09228381928298793
test-47641,0.1900258626328395
test-47642,0.2049681152135336
test-47643,0.2804108085641784
test-47644,0.07300415700059695
test-47645,0.15746911048145143
test-47646,0.03749096552006409
test-47647,0.00568591410602766
test-47648,0.3328253372369291
test-47649,0.30974961820757496
test-4765,0.3008254533804536
test-47650,0.038002359000439995
test-47651,0.11666778713877465
test-47652,0.0514702938818617
test-47653,0.008163275631005506
test-47654,0.015412176111937488
test-47655,0.19254799465506076
test-47656,0.014347297290587004
test-47657,0.00836476465318901
test-47658,0.029531807998326318
test-47659,0.013057216099519476
test-4766,0.020954407354754668
test-47660,0.08474693944463584
test-47661,0.01689614240721486
test-47662,0.07736971131561239
test-47663,0.02489281159372707
test-47664,0.01810291002881179
test-47665,0.011359659525609973
test-47666,0.07537065829912135
test-47667,0.1587245752613688
test-47668,0.2459118257929701
test-47669,0.1762914417967816
test-4767,0.00977655656640806
test-47670,0.0385900296270267
test-47671,0.008330643664849056
test-47672,0.020864755092258568
test-47673,0.10077607181779046
test-47674,0.3177209780356649
test-47675,0.022264859936125554
test-47676,0.17746356421440193
test-47677,0.3665305167469105
test-47678,0.027712090098632538
test-47679,0.024624817930932876
test-4768,0.2661692980010351
test-47680,0.06381944704460395
test-47681,0.005197505577089665
test-47682,0.013444946971638425
test-47683,0.029952567162603888
test-47684,0.09562249053953521
test-47685,0.012659355276622276
test-47686,0.06473934798336235
test-47687,0.24864683053212414
test-47688,0.045913266754325124
test-47689,0.017160454515026128
test-4769,0.07124476373718741
test-47690,0.11745520894262028
test-47691,0.02953824054441064
test-47692,0.11018693400574377
test-47693,0.039395759811016895
test-47694,0.17942591900817922
test-47695,0.2033739586104125
test-47696,0.23896730668297747
test-47697,0.1944346418129891
test-47698,0.06769227346933265
test-47699,0.09221850754942758
test-477,0.006557827985837056
test-4770,0.198475443188048
test-47700,0.09194310697337356
test-47701,0.1348365739968518
test-47702,0.2548098389856719
test-47703,0.053693403674565314
test-47704,0.06308017733813813
test-47705,0.1589022457498061
test-47706,0.19175467371102256
test-47707,0.24455625199955147
test-47708,0.015514309943200636
test-47709,0.00874941299171824
test-4771,0.2014911767264218
test-47710,0.020659547284784363
test-47711,0.11255280070639315
test-47712,0.09809773155177862
test-47713,0.03278697996641858
test-47714,0.02181694661423951
test-47715,0.04779569765806801
test-47716,0.02827151568201711
test-47717,0.015298111431351328
test-47718,0.03176928003160275
test-47719,0.09787796055403811
test-4772,0.040695030576269844
test-47720,0.012115979043114329
test-47721,0.031897115962789824
test-47722,0.038395029571103294
test-47723,0.005756264106236177
test-47724,0.03696021856769127
test-47725,0.04252105837468247
test-47726,0.04995786826039534
test-47727,0.037211025947255096
test-47728,0.019908780724174884
test-47729,0.023295469925100263
test-4773,0.04475351461529831
test-47730,0.011442210190463611
test-47731,0.028578924470912273
test-47732,0.039743780770215224
test-47733,0.02310414364743358
test-47734,0.16789493971333833
test-47735,0.01043421099602535
test-47736,0.17010232524908195
test-47737,0.04262189393297906
test-47738,0.09918054754625143
test-47739,0.20122708545639495
test-4774,0.05106947931602708
test-47740,0.031761804191914794
test-47741,0.06569061319944018
test-47742,0.019287028489970187
test-47743,0.009361442635985042
test-47744,0.12867499568868204
test-47745,0.00901421419535526
test-47746,0.031600819092087666
test-47747,0.2141302806146599
test-47748,0.11620376548595909
test-47749,0.08506414321644819
test-4775,0.02214566200770482
test-47750,0.032198947687850754
test-47751,0.007525274405414054
test-47752,0.08488515244361179
test-47753,0.2425226094284646
test-47754,0.27606605112977145
test-47755,0.01897712186851486
test-47756,0.06810881325248487
test-47757,0.1145562784460311
test-47758,0.08742981472721043
test-47759,0.21083272428490443
test-4776,0.061345410026469864
test-47760,0.07857390421398137
test-47761,0.10125179620531832
test-47762,0.09587912260584944
test-47763,0.009154360169283728
test-47764,0.12786692829431603
test-47765,0.013344344914949183
test-47766,0.019725487790410782
test-47767,0.010677119174306646
test-47768,0.08003083037374147
test-47769,0.3266832356674987
test-4777,0.04252105837468247
test-47770,0.009078082149980671
test-47771,0.32641958553279166
test-47772,0.023767022901033722
test-47773,0.11406573607985475
test-47774,0.05768993690014164
test-47775,0.011048626247993416
test-47776,0.21389710083865404
test-47777,0.019511129130500432
test-47778,0.038190087556791
test-47779,0.05339307069340168
test-4778,0.22233238087611545
test-47780,0.13988424692881987
test-47781,0.019311389509508548
test-47782,0.0734238194770512
test-47783,0.0669392073111586
test-47784,0.11628970482821825
test-47785,0.2603537233980901
test-47786,0.1638864993280561
test-47787,0.09174817772662937
test-47788,0.20368655124824386
test-47789,0.011446541080521795
test-4779,0.013800055936671015
test-47790,0.01982382170364079
test-47791,0.18258392655208988
test-47792,0.05696209395202092
test-47793,0.111382201726533
test-47794,0.2215808240564418
test-47795,0.01563368312666278
test-47796,0.039056486816039286
test-47797,0.04049860151896432
test-47798,0.30208258604237137
test-47799,0.016297387479281243
test-478,0.021897757146381508
test-4780,0.012542340406047764
test-47800,0.0148202088670645
test-47801,0.09598975994943688
test-47802,0.36246401316252463
test-47803,0.010164334331492077
test-47804,0.17216765175548296
test-47805,0.01033279339578136
test-47806,0.03384774597830599
test-47807,0.05876873443252419
test-47808,0.12601375924837346
test-47809,0.16552752040867494
test-4781,0.07495071728483188
test-47810,0.03372767145350586
test-47811,0.01824897822795376
test-47812,0.014441209137399352
test-47813,0.018202734461953335
test-47814,0.35625514695673927
test-47815,0.028241630538130162
test-47816,0.03025018648896287
test-47817,0.06859267946970272
test-47818,0.03688603511810019
test-47819,0.017833107063483983
test-4782,0.01617958873602918
test-47820,0.012518380240668722
test-47821,0.2653121811581955
test-47822,0.03803863208084566
test-47823,0.23403608173679985
test-47824,0.016046454473233725
test-47825,0.03206773502611107
test-47826,0.03497447670116617
test-47827,0.03559467143545637
test-47828,0.2551871832583175
test-47829,0.1518186660957838
test-4783,0.011187251021973528
test-47830,0.023928051475824986
test-47831,0.013414864622922547
test-47832,0.027589572812695886
test-47833,0.19389835865788435
test-47834,0.02647216088447889
test-47835,0.18397125778988735
test-47836,0.018374583506863953
test-47837,0.04353643766145564
test-47838,0.019423583336081924
test-47839,0.007425968071698916
test-4784,0.249587498749961
test-47840,0.1979176129352576
test-47841,0.19233408327250331
test-47842,0.03172104866419446
test-47843,0.039605361340705886
test-47844,0.027271142310860332
test-47845,0.13341891293094651
test-47846,0.016903447692237155
test-47847,0.012438678973499732
test-47848,0.251054818167635
test-47849,0.03290626585875758
test-4785,0.36047921176710646
test-47850,0.03850960451798584
test-47851,0.011037078419032158
test-47852,0.17422679725131615
test-47853,0.04649036416542469
test-47854,0.22901570549781797
test-47855,0.02860769843481213
test-47856,0.00971726996216168
test-47857,0.2487952392930327
test-47858,0.2488009888231058
test-47859,0.12161193047031028
test-4786,0.08149942072784412
test-47860,0.0341892790667787
test-47861,0.2541199975337907
test-47862,0.0183704394230241
test-47863,0.30454941075743724
test-47864,0.051772295418284965
test-47865,0.012870054564923268
test-47866,0.1117291147271096
test-47867,0.22996847128818868
test-47868,0.009732030983654175
test-47869,0.03394517755049771
test-4787,0.01074635737178932
test-47870,0.09665912747176103
test-47871,0.15011666421358139
test-47872,0.10340179827542993
test-47873,0.021308127802682028
test-47874,0.22016818992115222
test-47875,0.3328253372369291
test-47876,0.010078676230137269
test-47877,0.1652572321825254
test-47878,0.14141652199281468
test-47879,0.10201805802096124
test-4788,0.05739830815027538
test-47880,0.025497563501958947
test-47881,0.40674954881879777
test-47882,0.19689226716764074
test-47883,0.008837974183006842
test-47884,0.39476961412711326
test-47885,0.022264763766231155
test-47886,0.25472431658517297
test-47887,0.3725947360662864
test-47888,0.07886389856148882
test-47889,0.30468313758590787
test-4789,0.1317248830300696
test-47890,0.0815639379111389
test-47891,0.01184502372571469
test-47892,0.08091840458510943
test-47893,0.02863849011628136
test-47894,0.01856110042888188
test-47895,0.013311604544459909
test-47896,0.05015468531813707
test-47897,0.021019282685468387
test-47898,0.03957797408190487
test-47899,0.03309721077911543
test-479,0.15621519377851772
test-4790,0.06932888924597812
test-47900,0.2548098389856719
test-47901,0.047586637285465985
test-47902,0.03792074027923889
test-47903,0.004373005780421933
test-47904,0.19947960319887648
test-47905,0.05982867897953309
test-47906,0.06804425800119882
test-47907,0.01430260357410333
test-47908,0.019418326472113032
test-47909,0.22948025243674844
test-4791,0.253206555990193
test-47910,0.027471521470755177
test-47911,0.09985649801372733
test-47912,0.025901873096963658
test-47913,0.261816576873471
test-47914,0.010287687902882542
test-47915,0.049174487305325545
test-47916,0.2907196952847371
test-47917,0.02964062619821575
test-47918,0.038932506155736894
test-47919,0.2128209180089361
test-4792,0.06841000128730226
test-47920,0.06719191083297156
test-47921,0.06413971242058483
test-47922,0.008742792663244275
test-47923,0.01517552446226218
test-47924,0.019590987421352495
test-47925,0.0100567875342184
test-47926,0.1869213515024209
test-47927,0.05321403561357749
test-47928,0.3620862382692593
test-47929,0.03091067849874265
test-4793,0.05339307069340168
test-47930,0.022681961180384003
test-47931,0.06784487289111955
test-47932,0.1605678498565427
test-47933,0.03196270842114395
test-47934,0.29919795818398315
test-47935,0.11462848436932528
test-47936,0.014198172912025717
test-47937,0.011343925675067566
test-47938,0.11238910418384819
test-47939,0.00692171423376836
test-4794,0.1268123142777826
test-47940,0.031107207541076324
test-47941,0.009071822177896698
test-47942,0.06630664826039916
test-47943,0.13225392290467564
test-47944,0.09673533330374554
test-47945,0.03309415422303747
test-47946,0.3890583360627372
test-47947,0.03630892634762352
test-47948,0.01852791664489976
test-47949,0.05767478032903505
test-4795,0.13144745373259883
test-47950,0.015841886197094233
test-47951,0.013792248805360235
test-47952,0.021741667448257368
test-47953,0.019310299379056657
test-47954,0.2287089711933871
test-47955,0.03157115872373192
test-47956,0.01687874395759069
test-47957,0.06733435033697785
test-47958,0.022760114270935425
test-47959,0.046172938874084864
test-4796,0.031220970216712596
test-47960,0.013657809583514298
test-47961,0.09329400008714751
test-47962,0.05258356697467903
test-47963,0.02721954783799844
test-47964,0.05003697088968722
test-47965,0.057765324178330746
test-47966,0.06983136155849988
test-47967,0.009847148373772695
test-47968,0.012947171399488044
test-47969,0.032764042889741864
test-4797,0.10228841205031854
test-47970,0.055405749326785554
test-47971,0.042593387485516394
test-47972,0.01065039375598736
test-47973,0.01505893504148358
test-47974,0.07564187602682827
test-47975,0.04337287340317996
test-47976,0.01308781555771269
test-47977,0.022035870231711663
test-47978,0.026380511040777033
test-47979,0.06803412447426488
test-4798,0.3358337059382783
test-47980,0.2763691382497088
test-47981,0.04853815658034792
test-47982,0.059973209791097125
test-47983,0.018655189375258285
test-47984,0.013371380105382441
test-47985,0.011836477000202739
test-47986,0.007646871535927252
test-47987,0.03340795368787362
test-47988,0.27593903006742376
test-47989,0.15277091032285578
test-4799,0.2963390398812387
test-47990,0.02142305463531038
test-47991,0.006817128041196726
test-47992,0.01827836022752212
test-47993,0.0324703176436855
test-47994,0.03563965779772
test-47995,0.13337881371216817
test-47996,0.023925679653196967
test-47997,0.028901179453361795
test-47998,0.07605518755383721
test-47999,0.029105498023511173
test-48,0.25340853471392555
test-480,0.022739497688347113
test-4800,0.04334510485042218
test-48000,0.08013992888105673
test-48001,0.028251410813941877
test-48002,0.11109540874157045
test-48003,0.0924265041696531
test-48004,0.22281294056532736
test-48005,0.1276610875663055
test-48006,0.009143517798907519
test-48007,0.22464379517297392
test-48008,0.09703800839842587
test-48009,0.055962182948372505
test-4801,0.025056138080587445
test-48010,0.16617712198857676
test-48011,0.10373811943857802
test-48012,0.3296285505473596
test-48013,0.37824986749051426
test-48014,0.014795913423052916
test-48015,0.35805977046245735
test-48016,0.014447586676956992
test-48017,0.03051106165180623
test-48018,0.03902516233390028
test-48019,0.015065775204403897
test-4802,0.031141146765299707
test-48020,0.012202245064666495
test-48021,0.03355403077527231
test-48022,0.07871185426823762
test-48023,0.07013717606758778
test-48024,0.29107986077088605
test-48025,0.017156521947250643
test-48026,0.0442994534832656
test-48027,0.0687732139720173
test-48028,0.14959252965654854
test-48029,0.15164355656214898
test-4803,0.1317046333371014
test-48030,0.04373899199061918
test-48031,0.07154554671561687
test-48032,0.26525367140618067
test-48033,0.18043614825057416
test-48034,0.06669482083477284
test-48035,0.010076608134698073
test-48036,0.03072144584094851
test-48037,0.04103465291380004
test-48038,0.04970673726015362
test-48039,0.0562753355900519
test-4804,0.02111815295446423
test-48040,0.05208457129373567
test-48041,0.04402091606789308
test-48042,0.029849546551266964
test-48043,0.008441946345789693
test-48044,0.28596177804966927
test-48045,0.03325057863595383
test-48046,0.37425672766154533
test-48047,0.04572281422043427
test-48048,0.1215562967989675
test-48049,0.03922336801473882
test-4805,0.050878355072315515
test-48050,0.1878712792752655
test-48051,0.20887559715668824
test-48052,0.03053532223417545
test-48053,0.008904365000248587
test-48054,0.010994277668204546
test-48055,0.012439151608052357
test-48056,0.2262887729828075
test-48057,0.009954873188803382
test-48058,0.00651352053870117
test-48059,0.11909399908262175
test-4806,0.2830151841437519
test-48060,0.306897047248705
test-48061,0.2312398213630887
test-48062,0.013407811199018672
test-48063,0.25980242509967777
test-48064,0.019701315446670687
test-48065,0.05425209259681171
test-48066,0.016220525885190098
test-48067,0.029938870497412715
test-48068,0.011330103211524275
test-48069,0.16339774440292437
test-4807,0.21657192758259014
test-48070,0.0669807648279373
test-48071,0.12537632163681836
test-48072,0.061854239385942374
test-48073,0.0224652067914323
test-48074,0.09049133492196762
test-48075,0.01037228250059816
test-48076,0.02508021535110032
test-48077,0.010576097592789394
test-48078,0.10832951633761687
test-48079,0.012265483504539015
test-4808,0.17903802988922818
test-48080,0.3095209302818144
test-48081,0.11499578303811298
test-48082,0.16934934414496067
test-48083,0.05640393058578104
test-48084,0.02802713098980458
test-48085,0.02276443462751245
test-48086,0.24172214646065607
test-48087,0.09095363519959088
test-48088,0.029952567162603888
test-48089,0.10891174903670928
test-4809,0.059809181915952865
test-48090,0.023510350166356695
test-48091,0.015444764408383754
test-48092,0.09787796055403811
test-48093,0.01772206077542034
test-48094,0.04245333835896948
test-48095,0.07537877961267475
test-48096,0.02967228927539793
test-48097,0.23320306783528408
test-48098,0.016295546512597167
test-48099,0.010286699145811757
test-481,0.008507828805703672
test-4810,0.0386686851000968
test-48100,0.01013907597283038
test-48101,0.03325057863595383
test-48102,0.032316004014231695
test-48103,0.10331220747512569
test-48104,0.20415890138616308
test-48105,0.019227564150861076
test-48106,0.055639001808538584
test-48107,0.04675284750659086
test-48108,0.08110413393213176
test-48109,0.03966882441571814
test-4811,0.034462792400414846
test-48110,0.013483433417446735
test-48111,0.0711084477775077
test-48112,0.03486856507528326
test-48113,0.23485298289129464
test-48114,0.012962765446716897
test-48115,0.03568117679251168
test-48116,0.11777032305128156
test-48117,0.015948458059767072
test-48118,0.02333182065612924
test-48119,0.07568831153452267
test-4812,0.15765831685408357
test-48120,0.021421901279112025
test-48121,0.33662912332451084
test-48122,0.009435397668479166
test-48123,0.08676426786931425
test-48124,0.04247603025777917
test-48125,0.02905790424985408
test-48126,0.0761463288834153
test-48127,0.13764244242272722
test-48128,0.03893948349450069
test-48129,0.010185946395463816
test-4813,0.10801449061163329
test-48130,0.0322560369895652
test-48131,0.08921276078484296
test-48132,0.1185622272799234
test-48133,0.06076587192686928
test-48134,0.03657477139843513
test-48135,0.020021707361570492
test-48136,0.0314332496580013
test-48137,0.4130322048524721
test-48138,0.23813766333637051
test-48139,0.042577685244189
test-4814,0.27136641625061286
test-48140,0.0496981473874399
test-48141,0.12667358844991194
test-48142,0.14805398237349973
test-48143,0.028463128308466878
test-48144,0.02095369834373043
test-48145,0.010031276531528261
test-48146,0.0949134109118162
test-48147,0.02689115381483017
test-48148,0.02316314280629183
test-48149,0.044693572919255665
test-4815,0.04786492469245328
test-48150,0.264404559257958
test-48151,0.25078639255093405
test-48152,0.18029232805398354
test-48153,0.11411872247402716
test-48154,0.07354382405380984
test-48155,0.10603120284555807
test-48156,0.060101576969510045
test-48157,0.04378123250999113
test-48158,0.015424580036112138
test-48159,0.20893309673209842
test-4816,0.08676426786931425
test-48160,0.3279434221877674
test-48161,0.11506832657468591
test-48162,0.05915952581162556
test-48163,0.04455356445495195
test-48164,0.31939396202793396
test-48165,0.24866850593436077
test-48166,0.1637184619763321
test-48167,0.04147755024239926
test-48168,0.10290714432904152
test-48169,0.1958436847458198
test-4817,0.17352442283850508
test-48170,0.04472030307502464
test-48171,0.009725077613534491
test-48172,0.02974659745104685
test-48173,0.10661100445670761
test-48174,0.03757713369341067
test-48175,0.007450314901948148
test-48176,0.17645226684991447
test-48177,0.013774773563475973
test-48178,0.06986250819225298
test-48179,0.07706400364475845
test-4818,0.01613706204883818
test-48180,0.06414303522091094
test-48181,0.14757589508480817
test-48182,0.027035000209589127
test-48183,0.009778379081790725
test-48184,0.03817163217376432
test-48185,0.015224312249784357
test-48186,0.007714146150839554
test-48187,0.10942450131387445
test-48188,0.012347018368177013
test-48189,0.1894070602098791
test-4819,0.011091676564266628
test-48190,0.007877850017053633
test-48191,0.03991427570930743
test-48192,0.31397646530619067
test-48193,0.05339307069340168
test-48194,0.03957797408190487
test-48195,0.06476856453056741
test-48196,0.023398319723450706
test-48197,0.009751326481449038
test-48198,0.0669392073111586
test-48199,0.19438021982923462
test-482,0.023854758934844667
test-4820,0.04813322987511013
test-48200,0.03791601942087174
test-48201,0.356245991481278
test-48202,0.134592890596215
test-48203,0.012849526731562907
test-48204,0.007103459395646547
test-48205,0.01983273441530958
test-48206,0.03701727871989765
test-48207,0.12829313937069767
test-48208,0.011334403721850954
test-48209,0.1294233931473846
test-4821,0.07545556258580693
test-48210,0.015640102795615767
test-48211,0.11616099738508336
test-48212,0.03355403077527231
test-48213,0.03911203577006562
test-48214,0.31639113532117935
test-48215,0.25311500755112737
test-48216,0.034102812165071654
test-48217,0.01107545092955795
test-48218,0.09435854111353265
test-48219,0.06781993388330633
test-4822,0.15838563975117587
test-48220,0.024322686038981942
test-48221,0.013688744725907835
test-48222,0.3887387204036152
test-48223,0.17053026580054967
test-48224,0.27092664564127106
test-48225,0.19947960319887648
test-48226,0.1548791536619769
test-48227,0.013434900950470216
test-48228,0.0898774960524088
test-48229,0.014675783144617061
test-4823,0.315107226151039
test-48230,0.015367043809908477
test-48231,0.017954545646280497
test-48232,0.031020542836815792
test-48233,0.06769227346933265
test-48234,0.11400469356815353
test-48235,0.007956003499958078
test-48236,0.016872389002003316
test-48237,0.06098272493594158
test-48238,0.012116579836516905
test-48239,0.09555843054086274
test-4824,0.20214743745320338
test-48240,0.2158689429157998
test-48241,0.26450012704535386
test-48242,0.0725052915719921
test-48243,0.12650104670699225
test-48244,0.09526063506268198
test-48245,0.21435779295493432
test-48246,0.14194652598907045
test-48247,0.16434813879019133
test-48248,0.02059136474958212
test-48249,0.27813632355253015
test-4825,0.0289087584486354
test-48250,0.01944977067549947
test-48251,0.012116263335660205
test-48252,0.26856230597447484
test-48253,0.020710666470980372
test-48254,0.13799490775398016
test-48255,0.210649272390982
test-48256,0.024256664446598283
test-48257,0.025550815074318323
test-48258,0.09787796055403811
test-48259,0.01452654957269453
test-4826,0.0765176442062777
test-48260,0.12663596937894922
test-48261,0.18047212367866436
test-48262,0.3727431082688817
test-48263,0.01893521422027754
test-48264,0.02874157781611735
test-48265,0.1841083373479121
test-48266,0.011891071807783371
test-48267,0.026873773750887082
test-48268,0.027817344397999155
test-48269,0.01905548146953929
test-4827,0.019873654019361624
test-48270,0.12846456254910532
test-48271,0.3572356535299541
test-48272,0.03748451198164865
test-48273,0.007257585174266178
test-48274,0.016457841233312814
test-48275,0.09095363519959088
test-48276,0.1063545716567794
test-48277,0.10648771365364648
test-48278,0.03284845592703947
test-48279,0.35550599501089564
test-4828,0.12619628143909145
test-48280,0.08224283174347806
test-48281,0.09119538886473173
test-48282,0.040786211950102395
test-48283,0.013309678950263398
test-48284,0.035748678423386616
test-48285,0.12277518884284103
test-48286,0.013720077858921735
test-48287,0.12365765133600633
test-48288,0.01560982997780197
test-48289,0.09787796055403811
test-4829,0.1217771927693986
test-48290,0.1430393734442289
test-48291,0.04732842237782269
test-48292,0.022833856079074843
test-48293,0.014487520644774283
test-48294,0.031345905581696615
test-48295,0.006907442313308221
test-48296,0.1700471485477116
test-48297,0.014973401578261264
test-48298,0.018876841562673274
test-48299,0.022814609774907027
test-483,0.17433733728562667
test-4830,0.05850319094739505
test-48300,0.1998935165844813
test-48301,0.04542110277163889
test-48302,0.06253235383497048
test-48303,0.12456179376616706
test-48304,0.02238139443289965
test-48305,0.021861809340423907
test-48306,0.0707119985986715
test-48307,0.11626262228235205
test-48308,0.024880393929694614
test-48309,0.09435854111353265
test-4831,0.0923659274716993
test-48310,0.1543693773528168
test-48311,0.05083893951881438
test-48312,0.10928564310556324
test-48313,0.13916112670798256
test-48314,0.12954064052101308
test-48315,0.027148040969383867
test-48316,0.12170898189319154
test-48317,0.2890021584493911
test-48318,0.015838949305256908
test-48319,0.006846951487930207
test-4832,0.020108169110587784
test-48320,0.1570604132412755
test-48321,0.016483752816318382
test-48322,0.024072673917507698
test-48323,0.02474146598666657
test-48324,0.031785607263198054
test-48325,0.10911990455568041
test-48326,0.05339307069340168
test-48327,0.05563121180660111
test-48328,0.08709418818367567
test-48329,0.009778379081790725
test-4833,0.15920649437792514
test-48330,0.01734324474857873
test-48331,0.013661636577303285
test-48332,0.02057309690483379
test-48333,0.028074783218479962
test-48334,0.14341590628354015
test-48335,0.11427566269440198
test-48336,0.00805602422409162
test-48337,0.1260951666741019
test-48338,0.020175839025803565
test-48339,0.03751431532243674
test-4834,0.043814442239170116
test-48340,0.05929424045871371
test-48341,0.19613593288067221
test-48342,0.17645226684991447
test-48343,0.02522932996296569
test-48344,0.07892676366715001
test-48345,0.025582152404618367
test-48346,0.0885340608750168
test-48347,0.08219192647824698
test-48348,0.07984600052248031
test-48349,0.0669392073111586
test-4835,0.017603513815721127
test-48350,0.16203056802668728
test-48351,0.044136808409123075
test-48352,0.12442209930472396
test-48353,0.1302277111663216
test-48354,0.03843283884072566
test-48355,0.07098499702602404
test-48356,0.22996847128818868
test-48357,0.09526063506268198
test-48358,0.018085608580942835
test-48359,0.1639613499814954
test-4836,0.023818714937131252
test-48360,0.02930654101915257
test-48361,0.021526518646899275
test-48362,0.12119786298770599
test-48363,0.09724347687679236
test-48364,0.31181982240596545
test-48365,0.018872879175700227
test-48366,0.2657995474226572
test-48367,0.030855585479910946
test-48368,0.08781294946799593
test-48369,0.06235489635148338
test-4837,0.04252105837468247
test-48370,0.017029434769409817
test-48371,0.010518515789053254
test-48372,0.013853324839970349
test-48373,0.1697217369267013
test-48374,0.01027605510849379
test-48375,0.1291096322608161
test-48376,0.014023528936981774
test-48377,0.08003083037374147
test-48378,0.21174576849877533
test-48379,0.16695447271917302
test-4838,0.02002926024456184
test-48380,0.01466517378004707
test-48381,0.27147368995794025
test-48382,0.014355139269276255
test-48383,0.011841520233121856
test-48384,0.0259737431752938
test-48385,0.007881971431081837
test-48386,0.05546730996566201
test-48387,0.028029553368464136
test-48388,0.019102853505933243
test-48389,0.17273397656353778
test-4839,0.07069231088910312
test-48390,0.017198997462388923
test-48391,0.13952041636661455
test-48392,0.019978779166109326
test-48393,0.034142575938427504
test-48394,0.014651057051882207
test-48395,0.033452651326321435
test-48396,0.01713949050743394
test-48397,0.04131291092406245
test-48398,0.26414419207620177
test-48399,0.02185746309046306
test-484,0.022465556645714983
test-4840,0.05368058579374111
test-48400,0.00930708596425079
test-48401,0.01928847357097102
test-48402,0.07051908231071537
test-48403,0.02389507450531271
test-48404,0.0554175049924404
test-48405,0.02273048343815374
test-48406,0.005374518013808099
test-48407,0.029165603453085144
test-48408,0.08238627969040967
test-48409,0.01963140519380784
test-4841,0.04475351461529831
test-48410,0.0374809670409722
test-48411,0.017824482824822786
test-48412,0.02002931299865872
test-48413,0.02721934857904227
test-48414,0.3963406546422296
test-48415,0.07799433853261355
test-48416,0.1936031030307629
test-48417,0.05892240047887453
test-48418,0.03888727695841872
test-48419,0.015065775204403897
test-4842,0.046179126695658906
test-48420,0.08217659643819417
test-48421,0.048705798983757556
test-48422,0.08711211984762701
test-48423,0.39724408481147466
test-48424,0.04526910096224766
test-48425,0.08219192647824698
test-48426,0.13288863352994051
test-48427,0.049656049383043625
test-48428,0.0195179092510674
test-48429,0.22309208213574824
test-4843,0.018063223135158863
test-48430,0.02314185208477064
test-48431,0.30470154714966835
test-48432,0.1313395705021038
test-48433,0.016928629139334486
test-48434,0.0208785148401873
test-48435,0.02509731586115734
test-48436,0.009882753470975674
test-48437,0.020072393569837657
test-48438,0.027026813964718722
test-48439,0.016677460368999825
test-4844,0.07904354403841211
test-48440,0.01787324844662315
test-48441,0.07804432156151843
test-48442,0.020625671226531084
test-48443,0.10669999589401265
test-48444,0.018340315239062415
test-48445,0.006203471478887222
test-48446,0.03776800431818973
test-48447,0.01637697474636509
test-48448,0.2584481709057259
test-48449,0.01332256060510452
test-4845,0.2040809126707831
test-48450,0.012750424999513425
test-48451,0.012553029737503725
test-48452,0.030722010561005163
test-48453,0.015343086423913401
test-48454,0.11376880512745069
test-48455,0.009618828378985547
test-48456,0.02125773415940166
test-48457,0.2640016647755956
test-48458,0.02040412656144145
test-48459,0.035190025708947255
test-4846,0.05968898754648244
test-48460,0.012823476036340254
test-48461,0.025698701355695977
test-48462,0.03578205613895432
test-48463,0.1638196114347236
test-48464,0.015656801275005912
test-48465,0.14605127978805962
test-48466,0.38710219928721473
test-48467,0.17976198740147653
test-48468,0.11274433141490832
test-48469,0.03843872826034185
test-4847,0.06769089613322582
test-48470,0.0855104605493497
test-48471,0.035614090756620836
test-48472,0.14676837346815083
test-48473,0.08634447433895406
test-48474,0.13415680297201518
test-48475,0.2797016432239458
test-48476,0.013632594220862338
test-48477,0.010131323216936036
test-48478,0.008029326362355045
test-48479,0.1747577556369367
test-4848,0.0216854571001335
test-48480,0.07611762895677239
test-48481,0.35378898067520276
test-48482,0.015168520443696293
test-48483,0.17645226684991447
test-48484,0.026379019927696805
test-48485,0.014508317339230388
test-48486,0.0821267938877666
test-48487,0.03267246913016376
test-48488,0.02192173986654284
test-48489,0.022191947064981045
test-4849,0.06862856478907607
test-48490,0.2907206900654381
test-48491,0.17788630410183978
test-48492,0.0897340320206566
test-48493,0.1973983008655041
test-48494,0.16948764875643343
test-48495,0.04305665926784905
test-48496,0.011383722262169767
test-48497,0.19395323279980545
test-48498,0.007367407806630141
test-48499,0.030335608896396832
test-485,0.011911170297357875
test-4850,0.26941958054356946
test-48500,0.0455428864518742
test-48501,0.16752079650416188
test-48502,0.15948327683055866
test-48503,0.020280232344633206
test-48504,0.00930708596425079
test-48505,0.13919012465966588
test-48506,0.051984080615244094
test-48507,0.010918335201384076
test-48508,0.046575692610921954
test-48509,0.014499790724921168
test-4851,0.29169683066837926
test-48510,0.16065501279956979
test-48511,0.09738390136867633
test-48512,0.19571362280218507
test-48513,0.007542497827601702
test-48514,0.017513927083694484
test-48515,0.05453656345392463
test-48516,0.11282519792454448
test-48517,0.07509938645494245
test-48518,0.06057085380248846
test-48519,0.07124476373718741
test-4852,0.012932553937623709
test-48520,0.02523163227101397
test-48521,0.04475351461529831
test-48522,0.022078586753105426
test-48523,0.038804863110571505
test-48524,0.19575541775283442
test-48525,0.11214834523062377
test-48526,0.01466185668316739
test-48527,0.20424763183132233
test-48528,0.1594805122253669
test-48529,0.03875817608101503
test-4853,0.05281442096102137
test-48530,0.15757893745812465
test-48531,0.019944980481411394
test-48532,0.07357265692355214
test-48533,0.008330643664849056
test-48534,0.1482708539960729
test-48535,0.07794476943050421
test-48536,0.011765142057487004
test-48537,0.31551024847442466
test-48538,0.2196331218906408
test-48539,0.10269479010736084
test-4854,0.052998199796874805
test-48540,0.010170544209881281
test-48541,0.03772930020037507
test-48542,0.14967501279347456
test-48543,0.05618846159027504
test-48544,0.013444874116334094
test-48545,0.17274653374135768
test-48546,0.011712380913650459
test-48547,0.22764056298225496
test-48548,0.0669392073111586
test-48549,0.04312127946714539
test-4855,0.11177002277013334
test-48550,0.08076163768746368
test-48551,0.26527459555950966
test-48552,0.021388115598143607
test-48553,0.05307234149766878
test-48554,0.14871563683183164
test-48555,0.018280631559174854
test-48556,0.022649936340936136
test-48557,0.3039218915888057
test-48558,0.08752019470863416
test-48559,0.007982391745004092
test-4856,0.028748716452753547
test-48560,0.03651751482718425
test-48561,0.11884729848318301
test-48562,0.02178960524735875
test-48563,0.02067358505515685
test-48564,0.035449075296010636
test-48565,0.015058313311995275
test-48566,0.01256865714613256
test-48567,0.13844485831116107
test-48568,0.03991427570930743
test-48569,0.04671789048476425
test-4857,0.25252503407177396
test-48570,0.16279371733494877
test-48571,0.26518334541088323
test-48572,0.11526375615595444
test-48573,0.03332244175883792
test-48574,0.21663005549954117
test-48575,0.011927653676967994
test-48576,0.2011454835030215
test-48577,0.01707403351609729
test-48578,0.07382005570899727
test-48579,0.05015468531813707
test-4858,0.07263923123451464
test-48580,0.014829954327867408
test-48581,0.04222142685502576
test-48582,0.20267590449268325
test-48583,0.15965936804087053
test-48584,0.016211512206507787
test-48585,0.18050599655129393
test-48586,0.039826612773098465
test-48587,0.03454488789872331
test-48588,0.018725637531066944
test-48589,0.0683188960260603
test-4859,0.06007031728018209
test-48590,0.004920010879828194
test-48591,0.11193060231122196
test-48592,0.23833965549332506
test-48593,0.007546998174911658
test-48594,0.2432628796553575
test-48595,0.01498003381694541
test-48596,0.03957797408190487
test-48597,0.05862930605175636
test-48598,0.020410381592813626
test-48599,0.31621057372049344
test-486,0.0780810445514012
test-4860,0.18261919709508914
test-48600,0.05697719064401428
test-48601,0.027285070827959456
test-48602,0.027478886559785278
test-48603,0.015323413939544814
test-48604,0.011673706146491767
test-48605,0.024963429803941832
test-48606,0.02257544039209537
test-48607,0.010887697406259838
test-48608,0.033451217086426094
test-48609,0.02317111083817678
test-4861,0.20415890138616308
test-48610,0.0669392073111586
test-48611,0.13033911342258456
test-48612,0.17122822761418724
test-48613,0.010686886777852223
test-48614,0.016363699220134434
test-48615,0.006724536427327683
test-48616,0.0682210654707025
test-48617,0.23446998087146173
test-48618,0.09787796055403811
test-48619,0.043876908657064326
test-4862,0.13236614865410076
test-48620,0.19042499447669095
test-48621,0.08962822220960356
test-48622,0.04015139969553136
test-48623,0.03808037125593549
test-48624,0.2525746400936263
test-48625,0.026282610510838196
test-48626,0.3178176446160523
test-48627,0.0411158593498641
test-48628,0.01497030504655433
test-48629,0.11554691356435694
test-4863,0.17021459566291264
test-48630,0.032480748875920167
test-48631,0.3828677465167834
test-48632,0.08957339581728285
test-48633,0.1189112943216494
test-48634,0.011751739614482138
test-48635,0.022279703698031884
test-48636,0.16791732594930983
test-48637,0.039086452581574595
test-48638,0.019622143801857585
test-48639,0.3160599199776185
test-4864,0.03534129172596895
test-48640,0.05204628734266145
test-48641,0.03706052841222214
test-48642,0.044200675822435566
test-48643,0.33592892392929646
test-48644,0.037211025947255096
test-48645,0.1145562784460311
test-48646,0.09787796055403811
test-48647,0.02315715731965797
test-48648,0.11222233462749653
test-48649,0.016659087838733707
test-4865,0.18262844240160467
test-48650,0.02622471390027728
test-48651,0.008061818305207533
test-48652,0.1866479215966941
test-48653,0.015316893865514592
test-48654,0.01832155013394861
test-48655,0.13316721935792936
test-48656,0.05454774188854031
test-48657,0.0855104605493497
test-48658,0.08667552464164029
test-48659,0.03361247983716628
test-4866,0.039344074906310984
test-48660,0.16768188567040002
test-48661,0.1212772599596742
test-48662,0.0669392073111586
test-48663,0.02220347494831362
test-48664,0.012522465263300094
test-48665,0.035317090826200444
test-48666,0.008651415063227351
test-48667,0.04682241177657509
test-48668,0.13807652879149426
test-48669,0.10509680868207345
test-4867,0.17729981172782958
test-48670,0.07628085979774958
test-48671,0.056061075770091874
test-48672,0.2262887729828075
test-48673,0.054583934478974507
test-48674,0.30917233104229147
test-48675,0.009627610380847567
test-48676,0.02877951666345726
test-48677,0.06284492186869851
test-48678,0.034462792400414846
test-48679,0.04252105837468247
test-4868,0.12819412947753134
test-48680,0.010404826498159232
test-48681,0.0251666829222172
test-48682,0.24278861685360972
test-48683,0.16695447271917302
test-48684,0.03611663395578433
test-48685,0.012916583641467125
test-48686,0.07763548544146062
test-48687,0.10135147787955867
test-48688,0.017795311113292748
test-48689,0.038170910857422816
test-4869,0.09396432828098321
test-48690,0.18508643928562377
test-48691,0.03237992322909318
test-48692,0.023805459484042182
test-48693,0.010440396609517693
test-48694,0.19863852306277474
test-48695,0.0142035536385342
test-48696,0.02247169137191558
test-48697,0.008362648716086626
test-48698,0.016363699220134434
test-48699,0.2683376918246786
test-487,0.15164355656214898
test-4870,0.3144464330811887
test-48700,0.059501922873155644
test-48701,0.0846182167635542
test-48702,0.015714283727631922
test-48703,0.020381435966627663
test-48704,0.39357129843335287
test-48705,0.01814510246410173
test-48706,0.012894981542982237
test-48707,0.22659995245028042
test-48708,0.20076579714671464
test-48709,0.13847921982515027
test-4871,0.03808926221621729
test-48710,0.19023636310587935
test-48711,0.03791383350484033
test-48712,0.12552945845032684
test-48713,0.02978143866815267
test-48714,0.3462578878638472
test-48715,0.24814582752189754
test-48716,0.007485432463049486
test-48717,0.04114451649816744
test-48718,0.23415870167742886
test-48719,0.10461800995946129
test-4872,0.020558582967123845
test-48720,0.07406179485738844
test-48721,0.011626585522410889
test-48722,0.06255402640169636
test-48723,0.134553746278539
test-48724,0.05907678613877984
test-48725,0.3230034379679884
test-48726,0.34647592268411975
test-48727,0.056610802506971813
test-48728,0.08729728396392733
test-48729,0.014390435141183296
test-4873,0.0898774960524088
test-48730,0.1687957694692496
test-48731,0.06845179840037012
test-48732,0.011682404874367856
test-48733,0.017533523634030237
test-48734,0.021019282685468387
test-48735,0.0412928019732311
test-48736,0.10373811943857802
test-48737,0.04864376274953059
test-48738,0.022252788058777513
test-48739,0.008969324608406559
test-4874,0.01993495058024365
test-48740,0.056542468596894685
test-48741,0.09115972960869012
test-48742,0.08884837768691918
test-48743,0.10135147787955867
test-48744,0.023496930446165645
test-48745,0.032598386432795
test-48746,0.04956063243243475
test-48747,0.07958009128105223
test-48748,0.00861244464304051
test-48749,0.016259191215521263
test-4875,0.012175177407009886
test-48750,0.03532831384214173
test-48751,0.04311229108782101
test-48752,0.09436548879974338
test-48753,0.03736241476165062
test-48754,0.011291911866668761
test-48755,0.06450084310326558
test-48756,0.012354106368397321
test-48757,0.015180693496142228
test-48758,0.3029120270096296
test-48759,0.018270750393293386
test-4876,0.016719894795620145
test-48760,0.07859197714629405
test-48761,0.02170645842052611
test-48762,0.037468566582717924
test-48763,0.039056486816039286
test-48764,0.011075365919402802
test-48765,0.04549256584524051
test-48766,0.12619558485925025
test-48767,0.023084203342326092
test-48768,0.02237207512070724
test-48769,0.29355834921402396
test-4877,0.028240536855809233
test-48770,0.02345654838382192
test-48771,0.025393105888408353
test-48772,0.11140480162269964
test-48773,0.00866052793882005
test-48774,0.0669392073111586
test-48775,0.12641570192406335
test-48776,0.28658852668192814
test-48777,0.021490247878561353
test-48778,0.022290240445998574
test-48779,0.06483594707048394
test-4878,0.04446806539355784
test-48780,0.019561434700827343
test-48781,0.048758961588395364
test-48782,0.09985649801372733
test-48783,0.06850674995897808
test-48784,0.05519403039814336
test-48785,0.039056486816039286
test-48786,0.012623967938695895
test-48787,0.09312676191000072
test-48788,0.12456179376616706
test-48789,0.057784776742759524
test-4879,0.16132429168529552
test-48790,0.09057448367148235
test-48791,0.014985808123250633
test-48792,0.197286025661373
test-48793,0.02387444184108027
test-48794,0.10616010064218641
test-48795,0.08110413393213176
test-48796,0.01805716656498124
test-48797,0.019368793355078632
test-48798,0.01395859110368722
test-48799,0.024759460489126323
test-488,0.18984865172329274
test-4880,0.14015750634114407
test-48800,0.0286624088309197
test-48801,0.01905678263885777
test-48802,0.018922933096821904
test-48803,0.02671996922275153
test-48804,0.16707064339853978
test-48805,0.11479258919064719
test-48806,0.1340678751566105
test-48807,0.01492761066681292
test-48808,0.01935858969695274
test-48809,0.09743502840265598
test-4881,0.11050696370325397
test-48810,0.02422806641610438
test-48811,0.053169066849667775
test-48812,0.0645274049968738
test-48813,0.005812129796423528
test-48814,0.031010541323962228
test-48815,0.023719416224524482
test-48816,0.010007834783556938
test-48817,0.16874798038784844
test-48818,0.10380445198261849
test-48819,0.02113816268641407
test-4882,0.021438821407443198
test-48820,0.021426619846348985
test-48821,0.008635633367831394
test-48822,0.05779077841861447
test-48823,0.011635607838672953
test-48824,0.015846591992887966
test-48825,0.16919026594387923
test-48826,0.043088792403418834
test-48827,0.07292690157791076
test-48828,0.01485693907390757
test-48829,0.04363145236447255
test-4883,0.011091676564266628
test-48830,0.33712876269394887
test-48831,0.2343729101036418
test-48832,0.009361750573427207
test-48833,0.008573433527794655
test-48834,0.18069199626574395
test-48835,0.014833050423353655
test-48836,0.16859068219828577
test-48837,0.03122420801778205
test-48838,0.00900513510810355
test-48839,0.023827607946861777
test-4884,0.01905678263885777
test-48840,0.08742981472721043
test-48841,0.05601771101459524
test-48842,0.12429661306642333
test-48843,0.07300415700059695
test-48844,0.09050078996163637
test-48845,0.07505500726667728
test-48846,0.12324604599149028
test-48847,0.08876379629368945
test-48848,0.039450084971754826
test-48849,0.0078136549416234
test-4885,0.08936862991590122
test-48850,0.11658937252728041
test-48851,0.02950228973171047
test-48852,0.010355675330028914
test-48853,0.020025681221618453
test-48854,0.18577451247665983
test-48855,0.1732155447192417
test-48856,0.05084593185007833
test-48857,0.00878163142125042
test-48858,0.04137178117129127
test-48859,0.147580854600275
test-4886,0.016689137530504414
test-48860,0.1954057287844395
test-48861,0.0669392073111586
test-48862,0.17437520422904135
test-48863,0.13341246969888967
test-48864,0.01569297907689444
test-48865,0.014888445541976483
test-48866,0.15541290012158268
test-48867,0.13902193390090742
test-48868,0.016954018169296623
test-48869,0.052137474665503
test-4887,0.06662524421034154
test-48870,0.13932323934005247
test-48871,0.08223371600103453
test-48872,0.01540064326504153
test-48873,0.17903802988922818
test-48874,0.07646584415892393
test-48875,0.12663596937894922
test-48876,0.050910120778856906
test-48877,0.20609912319742726
test-48878,0.15600702101292194
test-48879,0.03433631438997168
test-4888,0.022826940420290327
test-48880,0.11992865485900006
test-48881,0.02456473713942627
test-48882,0.009834463867765549
test-48883,0.26602837308769867
test-48884,0.14473411988338045
test-48885,0.04992602504619911
test-48886,0.010246173139444485
test-48887,0.1525851900570438
test-48888,0.11981708738957111
test-48889,0.13726071573070886
test-4889,0.012833482980626204
test-48890,0.049379100377115966
test-48891,0.008704489357849324
test-48892,0.08667552464164029
test-48893,0.010494522582037098
test-48894,0.007784976395167431
test-48895,0.15071261327754834
test-48896,0.19008084871559733
test-48897,0.023270996939401836
test-48898,0.08347567516469921
test-48899,0.01489704983039776
test-489,0.09928400246746592
test-4890,0.11952311236985189
test-48900,0.07782071281746397
test-48901,0.07485437397935606
test-48902,0.10286533740469064
test-48903,0.13692765014784328
test-48904,0.09787796055403811
test-48905,0.014098219811899902
test-48906,0.00868853803529715
test-48907,0.08110413393213176
test-48908,0.08122471146176061
test-48909,0.012442898540223965
test-4891,0.05339307069340168
test-48910,0.028046039832103544
test-48911,0.042634412640296646
test-48912,0.023336028254969624
test-48913,0.013659514988185578
test-48914,0.1747963055689479
test-48915,0.01681085626989673
test-48916,0.007773710003617291
test-48917,0.025940808385117687
test-48918,0.009975387893387677
test-48919,0.053058505005272406
test-4892,0.23774599414402176
test-48920,0.0107737244286625
test-48921,0.1325692915938971
test-48922,0.16368367357544486
test-48923,0.1818840408880384
test-48924,0.03562798081380685
test-48925,0.02095166024336803
test-48926,0.12043606132717308
test-48927,0.30907532466087345
test-48928,0.12649506497031107
test-48929,0.02473208769067956
test-4893,0.015410188857287321
test-48930,0.042703482259326166
test-48931,0.0322560369895652
test-48932,0.06493936803773583
test-48933,0.1895893326263332
test-48934,0.019177354029941595
test-48935,0.02552877625942467
test-48936,0.02615700500154785
test-48937,0.013897823588442808
test-48938,0.18567616102818874
test-48939,0.15153386865813048
test-4894,0.015638898175379095
test-48940,0.016387736048201335
test-48941,0.14482257484580008
test-48942,0.009368635402436137
test-48943,0.034315493992620294
test-48944,0.02023288177473939
test-48945,0.010153140034685327
test-48946,0.011558823397835314
test-48947,0.12474652021959103
test-48948,0.08032105884340314
test-48949,0.29312549453760905
test-4895,0.019291471122589995
test-48950,0.13243865013672046
test-48951,0.016618450653459103
test-48952,0.10760429420338849
test-48953,0.0707119985986715
test-48954,0.20764838629073368
test-48955,0.07859197714629405
test-48956,0.1503055141428237
test-48957,0.32980848512740385
test-48958,0.05614416466522346
test-48959,0.1145562784460311
test-4896,0.055645897938381705
test-48960,0.2072157651189655
test-48961,0.20470991988795806
test-48962,0.02708345272813014
test-48963,0.014155405560030868
test-48964,0.061729103009303406
test-48965,0.18631792537651956
test-48966,0.0765176442062777
test-48967,0.12754792639575552
test-48968,0.018275893670252674
test-48969,0.03957797408190487
test-4897,0.018168144437278187
test-48970,0.01647870846103355
test-48971,0.1438408590528533
test-48972,0.009926168162735718
test-48973,0.01636531743053234
test-48974,0.23782080630690328
test-48975,0.008580986558913876
test-48976,0.19503381041601503
test-48977,0.008933943205177555
test-48978,0.016105496462817486
test-48979,0.02695036692577566
test-4898,0.0490216683537777
test-48980,0.02372289305257482
test-48981,0.07408135754856843
test-48982,0.01985784171678964
test-48983,0.01652073220849286
test-48984,0.00588152985934307
test-48985,0.040171887787939564
test-48986,0.02398527353828357
test-48987,0.15626142690719005
test-48988,0.07248665948220193
test-48989,0.1543693773528168
test-4899,0.07528777214711775
test-48990,0.1906599908408005
test-48991,0.07765548192385864
test-48992,0.115409163130443
test-48993,0.049194081233510885
test-48994,0.008627816713665302
test-48995,0.08981631408721133
test-48996,0.014694969321882554
test-48997,0.20564161944038378
test-48998,0.03680052872901508
test-48999,0.030049197138696134
test-49,0.013611688090279399
test-490,0.025204023958251585
test-4900,0.03335886831497241
test-49000,0.3421704996673037
test-49001,0.055927072527303306
test-49002,0.04468932443682747
test-49003,0.26616850426062816
test-49004,0.006385106494065255
test-49005,0.14341590628354015
test-49006,0.01649187682386717
test-49007,0.020113535640131044
test-49008,0.01805716656498124
test-49009,0.039814993025927725
test-4901,0.008878065461181594
test-49010,0.019376087382206055
test-49011,0.021309888409937895
test-49012,0.15614444503913233
test-49013,0.032249273776086974
test-49014,0.03991427570930743
test-49015,0.011493012569596749
test-49016,0.08778002269824689
test-49017,0.01075325181567911
test-49018,0.0846182167635542
test-49019,0.10564783493252015
test-4902,0.1935637174080213
test-49020,0.01874077559849464
test-49021,0.13420605130659552
test-49022,0.059726684063105176
test-49023,0.011914515431133484
test-49024,0.010252962454252052
test-49025,0.18323902836975078
test-49026,0.09053831316485697
test-49027,0.052902903670942136
test-49028,0.10008079481083289
test-49029,0.02978998264799308
test-4903,0.011260140682667721
test-49030,0.029844181245776272
test-49031,0.016189097337592002
test-49032,0.04073887162027
test-49033,0.01851702908938545
test-49034,0.04172239893547562
test-49035,0.1511494349431522
test-49036,0.03441373029760913
test-49037,0.10594529741029539
test-49038,0.014072919072960101
test-49039,0.24210944640440804
test-4904,0.016740870732518703
test-49040,0.020135682447664824
test-49041,0.12443245381528309
test-49042,0.1532456473275676
test-49043,0.16277528725854978
test-49044,0.016318699697599092
test-49045,0.013872240455979372
test-49046,0.2477526908808821
test-49047,0.16073158901927892
test-49048,0.0125921818685806
test-49049,0.029033994727706684
test-4905,0.3203996485694168
test-49050,0.021311537380633492
test-49051,0.1605193902907041
test-49052,0.07048269348637841
test-49053,0.11629362609846307
test-49054,0.020809444549852153
test-49055,0.22737091285004007
test-49056,0.09518945797809186
test-49057,0.06669212771384633
test-49058,0.17717627910105826
test-49059,0.22699362463623343
test-4906,0.09115872649673143
test-49060,0.026673866656143318
test-49061,0.10459858811366371
test-49062,0.06142488525316237
test-49063,0.19333371028983742
test-49064,0.2570087227815099
test-49065,0.10928441419957592
test-49066,0.08585445750784668
test-49067,0.014718400701876844
test-49068,0.13584648180255504
test-49069,0.05827936099591915
test-4907,0.08410894925026136
test-49070,0.023111577582059662
test-49071,0.16701532625916066
test-49072,0.2946116105376724
test-49073,0.305421557005763
test-49074,0.07669588406827843
test-49075,0.13415494119136231
test-49076,0.27280958533582533
test-49077,0.02001428551518952
test-49078,0.008117913053531618
test-49079,0.019480457307760587
test-4908,0.2757074132295775
test-49080,0.006720100832314717
test-49081,0.14277311103074955
test-49082,0.03581975909706114
test-49083,0.24031257511390905
test-49084,0.11458358840933083
test-49085,0.014903462498896123
test-49086,0.10038121878467902
test-49087,0.11092190330454628
test-49088,0.2614681500031122
test-49089,0.08436355649429238
test-4909,0.07241095542997884
test-49090,0.21137815873949434
test-49091,0.021084322156669548
test-49092,0.12661957088946885
test-49093,0.09747502892102758
test-49094,0.09396432828098321
test-49095,0.01762902180255728
test-49096,0.015853749646917773
test-49097,0.013870256946839047
test-49098,0.13322765609400233
test-49099,0.028693952023080782
test-491,0.20611309462783592
test-4910,0.012086904137936205
test-49100,0.07302237122199284
test-49101,0.20885288146549155
test-49102,0.00970332687321095
test-49103,0.1386525734282573
test-49104,0.00887709608893385
test-49105,0.04818117514650728
test-49106,0.06855538111828655
test-49107,0.043327007426495846
test-49108,0.2461243195317674
test-49109,0.04514956773284824
test-4911,0.05358720563905205
test-49110,0.017398842628408587
test-49111,0.006557827985837056
test-49112,0.22030700930759708
test-49113,0.3485618838932141
test-49114,0.013271066475377836
test-49115,0.0342934321431702
test-49116,0.03415746747926933
test-49117,0.13066377220226258
test-49118,0.27938363095507485
test-49119,0.04323448860422306
test-4912,0.23861751424560534
test-49120,0.04849995842942496
test-49121,0.19092171575869535
test-49122,0.048111058015929055
test-49123,0.09339040198568196
test-49124,0.06769227346933265
test-49125,0.09650560764711133
test-49126,0.13440512759682038
test-49127,0.010965734556043407
test-49128,0.13611992483687554
test-49129,0.014038153092833102
test-4913,0.10849311745818162
test-49130,0.05339307069340168
test-49131,0.21071533562156813
test-49132,0.029272413162443854
test-49133,0.09662602715089777
test-49134,0.09987131729732862
test-49135,0.16282339389710343
test-49136,0.015364127930811987
test-49137,0.07713499603518406
test-49138,0.03656220456218468
test-49139,0.06957165214591608
test-4914,0.1764160393596232
test-49140,0.11709343371842393
test-49141,0.08003083037374147
test-49142,0.026469845857769278
test-49143,0.16859068219828577
test-49144,0.008388724831525404
test-49145,0.06933723536241795
test-49146,0.012050356521402524
test-49147,0.2650485756544702
test-49148,0.019941914192929098
test-49149,0.24594627300602281
test-4915,0.04252105837468247
test-49150,0.11024562260974367
test-49151,0.06559524685234297
test-49152,0.012278937682476102
test-49153,0.21066984255366816
test-49154,0.023421750620750918
test-49155,0.10552301728018164
test-49156,0.0861915504119661
test-49157,0.21964674148230737
test-49158,0.12586779290110656
test-49159,0.009627610380847567
test-4916,0.040898681335391325
test-49160,0.01155725228394567
test-49161,0.025156698391547563
test-49162,0.25130569371664757
test-49163,0.029482780720317577
test-49164,0.009700475042541394
test-49165,0.23101414798971742
test-49166,0.03896693280106656
test-49167,0.0066348808033902945
test-49168,0.04392753737707184
test-49169,0.07097412885645901
test-4917,0.1609994047669286
test-49170,0.12258167806532787
test-49171,0.010085467841304763
test-49172,0.031056475663539865
test-49173,0.009841312758969474
test-49174,0.12953936546266157
test-49175,0.10135147787955867
test-49176,0.12681019113994538
test-49177,0.08003083037374147
test-49178,0.15737621522980283
test-49179,0.07013717606758778
test-4918,0.015158948796867534
test-49180,0.014546861557153946
test-49181,0.01200929248393278
test-49182,0.04414144036815126
test-49183,0.1407011179118326
test-49184,0.2262887729828075
test-49185,0.07413983698357011
test-49186,0.11718445959488716
test-49187,0.0855566490729434
test-49188,0.22985002615092362
test-49189,0.08590858557600105
test-4919,0.05015468531813707
test-49190,0.022594480624042925
test-49191,0.22549210091885097
test-49192,0.008270291083659157
test-49193,0.03486619883105052
test-49194,0.02418208853509335
test-49195,0.011735440712401932
test-49196,0.03858227464539914
test-49197,0.01821505667465259
test-49198,0.20650924176689459
test-49199,0.03178051387134646
test-492,0.019423583336081924
test-4920,0.05205563404150941
test-49200,0.02015815061857315
test-49201,0.12426513400358717
test-49202,0.01843951294078291
test-49203,0.010651371114063104
test-49204,0.1028662013837836
test-49205,0.012287098800573505
test-49206,0.20060613494313304
test-49207,0.00831841778191277
test-49208,0.013848572851861475
test-49209,0.013717431906824748
test-4921,0.0937870258290184
test-49210,0.20368655124824386
test-49211,0.021985602471437934
test-49212,0.01040450853277917
test-49213,0.17075974430649385
test-49214,0.02576253633520363
test-49215,0.011133091143300772
test-49216,0.008066888836584218
test-49217,0.027471521470755177
test-49218,0.09378693752751867
test-49219,0.25400531053739484
test-4922,0.04128629102455984
test-49220,0.05687421781087696
test-49221,0.011771621108308015
test-49222,0.020988504947538685
test-49223,0.00814850927837584
test-49224,0.0322560369895652
test-49225,0.024759258920095513
test-49226,0.09787796055403811
test-49227,0.09787796055403811
test-49228,0.047993435583829194
test-49229,0.18016321224806048
test-4923,0.0962994335527908
test-49230,0.2343729101036418
test-49231,0.02995403887978745
test-49232,0.15701630716024761
test-49233,0.14648561472534682
test-49234,0.10141442792266869
test-49235,0.009771083489384972
test-49236,0.02013509085995286
test-49237,0.28309756851400286
test-49238,0.060008284321369065
test-49239,0.03547868373151369
test-4924,0.02491984198116772
test-49240,0.019928384331973224
test-49241,0.010325175883333215
test-49242,0.10849311745818162
test-49243,0.03073144891721949
test-49244,0.27352032313436625
test-49245,0.018801864698242327
test-49246,0.02358372185492358
test-49247,0.06043498946583874
test-49248,0.03723401862342753
test-49249,0.18101138206726725
test-4925,0.20363475935312667
test-49250,0.20768300850249446
test-49251,0.010828377418706915
test-49252,0.02263155975636877
test-49253,0.15811164550288004
test-49254,0.03618866480897353
test-49255,0.024963261605868144
test-49256,0.051110990146076306
test-49257,0.15449745812598384
test-49258,0.02076868312371663
test-49259,0.027471521470755177
test-4926,0.05339307069340168
test-49260,0.055248647105770834
test-49261,0.16695447271917302
test-49262,0.33598172953903405
test-49263,0.12505607138857747
test-49264,0.10528115231008715
test-49265,0.04517595124316359
test-49266,0.018855841628561285
test-49267,0.02039220167586525
test-49268,0.01842193025859687
test-49269,0.11765761627919111
test-4927,0.022848071043173324
test-49270,0.10110168551135676
test-49271,0.1517594997420943
test-49272,0.014144089009978073
test-49273,0.05400244111748911
test-49274,0.07516749347753678
test-49275,0.03078605692361549
test-49276,0.026712286341284898
test-49277,0.28665534663978065
test-49278,0.025419044754398518
test-49279,0.08719755038109307
test-4928,0.03485261905197301
test-49280,0.12975517125433841
test-49281,0.1775556464492769
test-49282,0.018706727508961466
test-49283,0.22092583239101837
test-49284,0.07914653389498597
test-49285,0.11147837001026706
test-49286,0.08122213052625066
test-49287,0.05965308187763389
test-49288,0.02447195281483982
test-49289,0.017477470029611582
test-4929,0.018458412382562246
test-49290,0.2842054730573522
test-49291,0.18706150624425438
test-49292,0.13250738736935067
test-49293,0.02423755102171222
test-49294,0.21341672040427878
test-49295,0.01699839112286533
test-49296,0.07984600052248031
test-49297,0.2484191208929493
test-49298,0.09972312971140354
test-49299,0.02909287992778067
test-493,0.17143728426511776
test-4930,0.07165164062614203
test-49300,0.24541977754077385
test-49301,0.02256273594899727
test-49302,0.03426850829190844
test-49303,0.17841468096194515
test-49304,0.06521653204409428
test-49305,0.042676207339709636
test-49306,0.060108463962332645
test-49307,0.010925340037826805
test-49308,0.010210464518042351
test-49309,0.19456041758467094
test-4931,0.06397731013297894
test-49310,0.12819412947753134
test-49311,0.2636938786011927
test-49312,0.05606704918059391
test-49313,0.021014149636232816
test-49314,0.03593440561935754
test-49315,0.02152155874454912
test-49316,0.03483013419631446
test-49317,0.08395787984168067
test-49318,0.011684820196308466
test-49319,0.07896917855603469
test-4932,0.05948539271495662
test-49320,0.06982364875095311
test-49321,0.17064829298485654
test-49322,0.028412027254043883
test-49323,0.040532793689842556
test-49324,0.0906484848507572
test-49325,0.06262058662806046
test-49326,0.07995118387683771
test-49327,0.06257743062676677
test-49328,0.30304926705476304
test-49329,0.31730252989813446
test-4933,0.023177635167132976
test-49330,0.015581279457718417
test-49331,0.3041198437599326
test-49332,0.01776978668761003
test-49333,0.14671823322244895
test-49334,0.03434582733493933
test-49335,0.31639113532117935
test-49336,0.03356706052092764
test-49337,0.010033785748775769
test-49338,0.01779365411489178
test-49339,0.035172817869625686
test-4934,0.26264034753291254
test-49340,0.19310951968801315
test-49341,0.10945312959932182
test-49342,0.06915775379309087
test-49343,0.02980127913271256
test-49344,0.18522048584626935
test-49345,0.2873942011669597
test-49346,0.12995757648737405
test-49347,0.1460243832441869
test-49348,0.008865486174412249
test-49349,0.026909982300718085
test-4935,0.15236544493887746
test-49350,0.014146925181559002
test-49351,0.36550047958107135
test-49352,0.01658829528924223
test-49353,0.21435462393993437
test-49354,0.021811234530934618
test-49355,0.018986194644206512
test-49356,0.19369383665747625
test-49357,0.2748474725942122
test-49358,0.06803412447426488
test-49359,0.2541713601518224
test-4936,0.053078985959909813
test-49360,0.022826940420290327
test-49361,0.3194071685354453
test-49362,0.06336857869550315
test-49363,0.16913142050694852
test-49364,0.007565600039332692
test-49365,0.02510496719577298
test-49366,0.13258151145218203
test-49367,0.037056248963493514
test-49368,0.0916023617854437
test-49369,0.021484299759331645
test-4937,0.19606216582376115
test-49370,0.05263949579555069
test-49371,0.023146011113803794
test-49372,0.12137033067599531
test-49373,0.1335614464500059
test-49374,0.04842669117508817
test-49375,0.2885732476737947
test-49376,0.022704345311553145
test-49377,0.13060263310626935
test-49378,0.041193563922149665
test-49379,0.025439541497888827
test-4938,0.0076001908688462065
test-49380,0.008604001139259769
test-49381,0.05351903236258696
test-49382,0.1750589863790319
test-49383,0.11850508586505164
test-49384,0.09037823685384992
test-49385,0.016259191215521263
test-49386,0.02778022324695226
test-49387,0.03403509461723196
test-49388,0.040909640997346626
test-49389,0.2837824212559309
test-4939,0.03479828113693459
test-49390,0.0687732139720173
test-49391,0.20684325387911812
test-49392,0.0141989811287963
test-49393,0.2364824725462624
test-49394,0.014355890117116727
test-49395,0.032831243968955114
test-49396,0.016152141949058122
test-49397,0.017615376371671397
test-49398,0.03220825778357249
test-49399,0.04163324004294348
test-494,0.06277811337558481
test-4940,0.10942379020186868
test-49400,0.01725463691125231
test-49401,0.09013460430834504
test-49402,0.018238209547875733
test-49403,0.18937551225838295
test-49404,0.08418985643107647
test-49405,0.01764599437161067
test-49406,0.08196973207204497
test-49407,0.19293295236761515
test-49408,0.1140873148537606
test-49409,0.02787792786540256
test-4941,0.1871979385421917
test-49410,0.17705480107317675
test-49411,0.19947960319887648
test-49412,0.013546240918251221
test-49413,0.15728198440816715
test-49414,0.02850747460483943
test-49415,0.029591476397099904
test-49416,0.25559389283524714
test-49417,0.019440514402977827
test-49418,0.02409243108108834
test-49419,0.01572325033643029
test-4942,0.042967296849123086
test-49420,0.12617093025526127
test-49421,0.015885712761223716
test-49422,0.09310626434947104
test-49423,0.09860381645007209
test-49424,0.016085856046359728
test-49425,0.04475351461529831
test-49426,0.007970219986948128
test-49427,0.23725918157196038
test-49428,0.008551183781861892
test-49429,0.022251216372754963
test-4943,0.005481822050088561
test-49430,0.015435356659239997
test-49431,0.024264120496244428
test-49432,0.013131820067274274
test-49433,0.030058788957738027
test-49434,0.1835755277511034
test-49435,0.021935438359751203
test-49436,0.0061475679513415555
test-49437,0.1895008355506435
test-49438,0.00659763530063196
test-49439,0.012284687473794636
test-4944,0.17254028333425175
test-49440,0.010972614644285028
test-49441,0.15071261327754834
test-49442,0.022138566976990636
test-49443,0.09787796055403811
test-49444,0.030216489596062414
test-49445,0.060830464168921544
test-49446,0.019588180344716405
test-49447,0.007568948696331613
test-49448,0.1327390174618707
test-49449,0.006539069931293756
test-4945,0.021472994112170143
test-49450,0.0188606219623766
test-49451,0.23831156759951008
test-49452,0.05487776745599645
test-49453,0.01446108204162158
test-49454,0.022562540037775303
test-49455,0.11109720371178784
test-49456,0.06926316421657497
test-49457,0.030202804620621963
test-49458,0.034138948037359715
test-49459,0.12913253738235023
test-4946,0.20132806360369288
test-49460,0.17613842734148039
test-49461,0.01902415923569338
test-49462,0.06547650779077217
test-49463,0.01170184485284714
test-49464,0.008952434444966585
test-49465,0.05861984504018987
test-49466,0.034280517780032785
test-49467,0.288253032525951
test-49468,0.019235728795699607
test-49469,0.19247961524604387
test-4947,0.04206919560569845
test-49470,0.08110413393213176
test-49471,0.10259807322571722
test-49472,0.07107987324932444
test-49473,0.13838467064907242
test-49474,0.01711638022839908
test-49475,0.008194183387132643
test-49476,0.02714174744102907
test-49477,0.07799433853261355
test-49478,0.16646149030202284
test-49479,0.01654180728128471
test-4948,0.014606832165642208
test-49480,0.010100247906326834
test-49481,0.0394813392715558
test-49482,0.020535999799749266
test-49483,0.13775918575813118
test-49484,0.05137742236939106
test-49485,0.14684909473572372
test-49486,0.04455356445495195
test-49487,0.19048162701226742
test-49488,0.19038025332270359
test-49489,0.0669392073111586
test-4949,0.07313361160128815
test-49490,0.24650302040615824
test-49491,0.006888438477449506
test-49492,0.022397346065655594
test-49493,0.05339307069340168
test-49494,0.1279737078834516
test-49495,0.016270184024423318
test-49496,0.022117047212271767
test-49497,0.033316018239848665
test-49498,0.017759020963952623
test-49499,0.20076579714671464
test-495,0.07035380374342053
test-4950,0.017215768456422354
test-49500,0.07939864994936202
test-49501,0.24317568754174138
test-49502,0.13597789140461125
test-49503,0.011535880779506177
test-49504,0.2100929745218967
test-49505,0.08004613095287683
test-49506,0.054092130677162314
test-49507,0.0655419044432143
test-49508,0.12517565873768208
test-49509,0.06321027172481367
test-4951,0.03744879404500075
test-49510,0.307261638649013
test-49511,0.38430157697721756
test-49512,0.041053934785909935
test-49513,0.10008006513265774
test-49514,0.021772049022999673
test-49515,0.035306996703389625
test-49516,0.010550287845164251
test-49517,0.0199187571343505
test-49518,0.02048612252933915
test-49519,0.11354193663342081
test-4952,0.023348811250625937
test-49520,0.022165614855955626
test-49521,0.1869213515024209
test-49522,0.0853951524169083
test-49523,0.0607984709362731
test-49524,0.011841520233121856
test-49525,0.011827300792703688
test-49526,0.010638143120584807
test-49527,0.013720077858921735
test-49528,0.010425868805662358
test-49529,0.09894217917792562
test-4953,0.019837740351841396
test-49530,0.08056625042184931
test-49531,0.051102085626217514
test-49532,0.0788954685496859
test-49533,0.010110353955900991
test-49534,0.05833151010254838
test-49535,0.027471521470755177
test-49536,0.03316810454837412
test-49537,0.029334726168008078
test-49538,0.09443676231148865
test-49539,0.029997314560673845
test-4954,0.16734510360480495
test-49540,0.014228844952198845
test-49541,0.11533422113902456
test-49542,0.013631076096040038
test-49543,0.07832925932850339
test-49544,0.11305867911270108
test-49545,0.016407426391288473
test-49546,0.026375602228073693
test-49547,0.023986994019091143
test-49548,0.020507170137012535
test-49549,0.036727234570092006
test-4955,0.06686675509153998
test-49550,0.010811165991802187
test-49551,0.030433817737852288
test-49552,0.12654342528268078
test-49553,0.1548993921809623
test-49554,0.04311201901415075
test-49555,0.007910678648020768
test-49556,0.19153439465924732
test-49557,0.06769227346933265
test-49558,0.08260182777979576
test-49559,0.02187266098396207
test-4956,0.025301910161943195
test-49560,0.10000315538152091
test-49561,0.06632183574529107
test-49562,0.020936439203405235
test-49563,0.02003870988428995
test-49564,0.08017693289912901
test-49565,0.010676116182317938
test-49566,0.11890176372289078
test-49567,0.17235590480215288
test-49568,0.07896917855603469
test-49569,0.22829570685451722
test-4957,0.05262304893972496
test-49570,0.03235545395299992
test-49571,0.30778464041854997
test-49572,0.026685084217038735
test-49573,0.08789518192383029
test-49574,0.044939628501100295
test-49575,0.03910286617081851
test-49576,0.023949696595192242
test-49577,0.01792298785911217
test-49578,0.06527479962241564
test-49579,0.031166694484466222
test-4958,0.14057609878690863
test-49580,0.006850240658311658
test-49581,0.024039659086970963
test-49582,0.010784355991789476
test-49583,0.16041808924806092
test-49584,0.34555518986353057
test-49585,0.0788056417126935
test-49586,0.06697303303448889
test-49587,0.038131200070172615
test-49588,0.0961190951196513
test-49589,0.03670189167955589
test-4959,0.16951493596004286
test-49590,0.01564368464730124
test-49591,0.01921475974731972
test-49592,0.2192977501751875
test-49593,0.1797458192355175
test-49594,0.013159942697282332
test-49595,0.0414953855924854
test-49596,0.01979887606648958
test-49597,0.040371201568009746
test-49598,0.0830434423286461
test-49599,0.010293197285930077
test-496,0.1735938007093013
test-4960,0.04067824507652168
test-49600,0.01210137370412315
test-49601,0.011333445294805828
test-49602,0.01961359972012764
test-49603,0.016275382282031958
test-49604,0.15034905799445494
test-49605,0.00827803342254388
test-49606,0.031006711578291355
test-49607,0.036038696085014914
test-49608,0.10481859758928998
test-49609,0.32554197005912683
test-4961,0.07061365781361262
test-49610,0.017287919812488926
test-49611,0.0404147656519839
test-49612,0.02874157781611735
test-49613,0.12276351934882984
test-49614,0.012864146429992252
test-49615,0.016264550681750388
test-49616,0.31826444986939983
test-49617,0.011822262349928017
test-49618,0.02131452936392704
test-49619,0.019250951017574826
test-4962,0.018415530052612088
test-49620,0.022065481855751214
test-49621,0.11357094774209439
test-49622,0.04246186849293514
test-49623,0.1498490237830084
test-49624,0.09013428398382137
test-49625,0.04544234204454334
test-49626,0.1944346418129891
test-49627,0.017722161295126018
test-49628,0.06971605955412515
test-49629,0.08002837253130884
test-4963,0.009609238315065733
test-49630,0.07449518060713503
test-49631,0.023181896840432637
test-49632,0.10686025720550939
test-49633,0.19246129617343719
test-49634,0.01755836446098927
test-49635,0.049045905006772056
test-49636,0.036477150386786276
test-49637,0.045663551663966316
test-49638,0.01793842233953493
test-49639,0.26522964993582326
test-4964,0.023529249498726874
test-49640,0.0183653151906315
test-49641,0.02084234622924925
test-49642,0.19258973327399198
test-49643,0.01582653090438236
test-49644,0.008649932509479949
test-49645,0.11802974793880289
test-49646,0.025879583153626873
test-49647,0.02640804116847228
test-49648,0.035802768401972905
test-49649,0.013398796907595963
test-4965,0.03763448139013755
test-49650,0.16302699041523067
test-49651,0.20522036385790146
test-49652,0.10950444354875782
test-49653,0.12623595947735794
test-49654,0.2127121162471409
test-49655,0.05339307069340168
test-49656,0.17645226684991447
test-49657,0.03114267650514967
test-49658,0.20260374785868565
test-49659,0.019988210524387085
test-4966,0.06484084706086361
test-49660,0.050294902067888
test-49661,0.009185727198740952
test-49662,0.02548411416254589
test-49663,0.021264799040577712
test-49664,0.01393947561590565
test-49665,0.013388250379808623
test-49666,0.014322122802733706
test-49667,0.02663298210448609
test-49668,0.044117914702212685
test-49669,0.06946462767419687
test-4967,0.1397714337663704
test-49670,0.10879357227254181
test-49671,0.18703485486008975
test-49672,0.0669392073111586
test-49673,0.011274914027545976
test-49674,0.089931228327337
test-49675,0.11607553849948815
test-49676,0.13306867425513277
test-49677,0.37598932896771187
test-49678,0.08676426786931425
test-49679,0.025633771582964947
test-4968,0.010178149800713233
test-49680,0.25543506311846015
test-49681,0.023713497865870427
test-49682,0.02077588429769465
test-49683,0.025335340415952274
test-49684,0.010638758262636556
test-49685,0.21059015757026608
test-49686,0.2826593777941381
test-49687,0.1416292580799192
test-49688,0.07499110790757416
test-49689,0.32072693085634246
test-4969,0.018465562033450584
test-49690,0.04906984181357477
test-49691,0.04283859810361799
test-49692,0.03323019502869703
test-49693,0.3108868247305421
test-49694,0.012353078722154654
test-49695,0.1120894965158174
test-49696,0.006713574127579595
test-49697,0.226504450721427
test-49698,0.20192717866426538
test-49699,0.038876403662574506
test-497,0.1976442827080825
test-4970,0.030439344878301248
test-49700,0.053876704541947644
test-49701,0.044328815197988855
test-49702,0.00690536154928743
test-49703,0.012169411907158832
test-49704,0.22711034178619
test-49705,0.0299323326124911
test-49706,0.015527230074995743
test-49707,0.05369771359049252
test-49708,0.026281039052514922
test-49709,0.13574888663355303
test-4971,0.10954703418435893
test-49710,0.16328521707714858
test-49711,0.12311896175126258
test-49712,0.07580863496394462
test-49713,0.05339307069340168
test-49714,0.023691335782729854
test-49715,0.020549412574378534
test-49716,0.34547556897495507
test-49717,0.28047869939760484
test-49718,0.0285704214822015
test-49719,0.07386066942825245
test-4972,0.0974147426220262
test-49720,0.1944346418129891
test-49721,0.017770006339977638
test-49722,0.22429674740898675
test-49723,0.016916473375875443
test-49724,0.027494390474911336
test-49725,0.010589564976701337
test-49726,0.020106952009396446
test-49727,0.009238082675054441
test-49728,0.03666267386267189
test-49729,0.0789350487815153
test-4973,0.027538352669360208
test-49730,0.09433657832140109
test-49731,0.018096695293612918
test-49732,0.0196237672532214
test-49733,0.13874425765432621
test-49734,0.01134951644618476
test-49735,0.15641085172815625
test-49736,0.0071398658799092475
test-49737,0.0646266792701072
test-49738,0.055460231910312546
test-49739,0.025454689687118406
test-4974,0.16988841292338389
test-49740,0.21262008221367404
test-49741,0.023709718842112364
test-49742,0.012709606844532942
test-49743,0.0493931147911267
test-49744,0.009501418558876843
test-49745,0.045000403313357
test-49746,0.01402381369646766
test-49747,0.13994723826091052
test-49748,0.061577899304617906
test-49749,0.1740216388877493
test-4975,0.10610611166906388
test-49750,0.012221660825251685
test-49751,0.010517153544493424
test-49752,0.02688436945759159
test-49753,0.09569073134937794
test-49754,0.024691011255219133
test-49755,0.14733759940238633
test-49756,0.12700435107717933
test-49757,0.04659209542791086
test-49758,0.07505500726667728
test-49759,0.0193413577146133
test-4976,0.018445683345055475
test-49760,0.3136040974364507
test-49761,0.01965871451408535
test-49762,0.02773713456111227
test-49763,0.026153312786164624
test-49764,0.1127279061666934
test-49765,0.17494265961387448
test-49766,0.027825590818728298
test-49767,0.1387564677932596
test-49768,0.2131423217433278
test-49769,0.22392291040010498
test-4977,0.2858794858083118
test-49770,0.14670802752024983
test-49771,0.013365196092527046
test-49772,0.024383076565403027
test-49773,0.018857705885819854
test-49774,0.01834799615666432
test-49775,0.021135506261882916
test-49776,0.1437916113189189
test-49777,0.07994821531272762
test-49778,0.09137417367267293
test-49779,0.31565079829238873
test-4978,0.01758648109259473
test-49780,0.02045032101524493
test-49781,0.010515331384980873
test-49782,0.012006878126157028
test-49783,0.008931460271267948
test-49784,0.02518340105738568
test-49785,0.0511724226084612
test-49786,0.009366379216178276
test-49787,0.14533098869018732
test-49788,0.009450888069369742
test-49789,0.3220555717482695
test-4979,0.05256217520299335
test-49790,0.0483320029494653
test-49791,0.01917139871745331
test-49792,0.06506360736547068
test-49793,0.0074432923801028604
test-49794,0.12210793442969678
test-49795,0.1445444217818064
test-49796,0.026912219952176183
test-49797,0.16695447271917302
test-49798,0.02841950485971657
test-49799,0.015979677102607594
test-498,0.011974521801971193
test-4980,0.02624681964599658
test-49800,0.14177102533818148
test-49801,0.1803688738599434
test-49802,0.020252142172690488
test-49803,0.02968420398276714
test-49804,0.008648502573421885
test-49805,0.028412058590872653
test-49806,0.09590684587552548
test-49807,0.05807389162117822
test-49808,0.018353400439729932
test-49809,0.0278492894261505
test-4981,0.024894535962772565
test-49810,0.07779925044998214
test-49811,0.09423030341000886
test-49812,0.03420273674371125
test-49813,0.2097282955517113
test-49814,0.014616507876738976
test-49815,0.039913392241423
test-49816,0.05733900935302476
test-49817,0.055501686694368176
test-49818,0.02963376525374944
test-49819,0.021835242067029078
test-4982,0.10745647225728179
test-49820,0.06782920015374011
test-49821,0.014390477085816452
test-49822,0.015499824755762937
test-49823,0.041644692851619175
test-49824,0.0183872649328897
test-49825,0.023396163814843076
test-49826,0.03579016636834026
test-49827,0.010915875974452548
test-49828,0.2949530301394287
test-49829,0.08937772308912337
test-4983,0.07520243826591322
test-49830,0.0273355094126707
test-49831,0.012700298611979386
test-49832,0.02249105262913996
test-49833,0.15237627567927647
test-49834,0.015805760819193132
test-49835,0.024520498293924414
test-49836,0.06613128233036399
test-49837,0.017721631463731853
test-49838,0.015901110841109
test-49839,0.08676426786931425
test-4984,0.06179538536825855
test-49840,0.05199992187769225
test-49841,0.011245324025381424
test-49842,0.014812554761224039
test-49843,0.10543318673306978
test-49844,0.01412675316433674
test-49845,0.018245105937347912
test-49846,0.07272160535830764
test-49847,0.045251973649763466
test-49848,0.07269524736118102
test-49849,0.15706672986722656
test-4985,0.2201109534675496
test-49850,0.06651466760265744
test-49851,0.03383105302282511
test-49852,0.00625290433642814
test-49853,0.10772605032599672
test-49854,0.15610532007530595
test-49855,0.01389534784631117
test-49856,0.1866910740384154
test-49857,0.05282376914301896
test-49858,0.07368970802550642
test-49859,0.05238138276084393
test-4986,0.005682998922855227
test-49860,0.02759995246664544
test-49861,0.27930663730438654
test-49862,0.20383612521715558
test-49863,0.17478873584551843
test-49864,0.02161022109069046
test-49865,0.019440254228259412
test-49866,0.06447470865868221
test-49867,0.056989995801057715
test-49868,0.019271569257165996
test-49869,0.017931640848417987
test-4987,0.04928865328355653
test-49870,0.02755366552400876
test-49871,0.3551966811186103
test-49872,0.13619362502624174
test-49873,0.14910042259153042
test-49874,0.06017671574141743
test-49875,0.0649780019758946
test-49876,0.011490290356890793
test-49877,0.028108333609982567
test-49878,0.011918749575029254
test-49879,0.017615376371671397
test-4988,0.023763296353044895
test-49880,0.09957507873951046
test-49881,0.1839382818481928
test-49882,0.06025746946080257
test-49883,0.007861533051671242
test-49884,0.04534756472293746
test-49885,0.00591931189374858
test-49886,0.229544998805182
test-49887,0.05142792761973563
test-49888,0.01931206474795642
test-49889,0.1519305051454416
test-4989,0.01081731400014085
test-49890,0.015246036149043109
test-49891,0.02202498532498679
test-49892,0.032240514600182575
test-49893,0.11905002909417332
test-49894,0.037813982861118756
test-49895,0.029846506513595408
test-49896,0.008420096852912588
test-49897,0.014393455435556222
test-49898,0.23823466835727541
test-49899,0.015691829833189626
test-499,0.3095123844178237
test-4990,0.015442841426169049
test-49900,0.04622652179715344
test-49901,0.07995118387683771
test-49902,0.017145165932868595
test-49903,0.0687732139720173
test-49904,0.018592830046196444
test-49905,0.08390313506818461
test-49906,0.17476646217315372
test-49907,0.010938763068309936
test-49908,0.21083272428490443
test-49909,0.2057510912030323
test-4991,0.017314812909069912
test-49910,0.15277206409834912
test-49911,0.0669392073111586
test-49912,0.09787796055403811
test-49913,0.055868869844319664
test-49914,0.11890503619160865
test-49915,0.1480725582313856
test-49916,0.08474369681637463
test-49917,0.03388443652180991
test-49918,0.1940665362074701
test-49919,0.019411433747414934
test-4992,0.28641784713248625
test-49920,0.03301023999388976
test-49921,0.10059174736926492
test-49922,0.009321736377113005
test-49923,0.0669392073111586
test-49924,0.04086161983965925
test-49925,0.2146171019179258
test-49926,0.05554987521384687
test-49927,0.24278861685360972
test-49928,0.07154554671561687
test-49929,0.03399678092647982
test-4993,0.0166446453583677
test-49930,0.034462792400414846
test-49931,0.1698711893017355
test-49932,0.05339307069340168
test-49933,0.014513616241820331
test-49934,0.006709522830867862
test-49935,0.17645226684991447
test-49936,0.01242528131281293
test-49937,0.07189439199483197
test-49938,0.31550847351172256
test-49939,0.014357096607266166
test-4994,0.18287467896975185
test-49940,0.01687678137490264
test-49941,0.08725714365503714
test-49942,0.0151876791765673
test-49943,0.013733002510030224
test-49944,0.01669818007940858
test-49945,0.01223758791681707
test-49946,0.30850477845870095
test-49947,0.08511252601497349
test-49948,0.03755706082228541
test-49949,0.009161460791815762
test-4995,0.014024640888902866
test-49950,0.29703222815738317
test-49951,0.026636243183403286
test-49952,0.11295437900533507
test-49953,0.019207304967256526
test-49954,0.10481406777764309
test-49955,0.20964473357930385
test-49956,0.1908919467252245
test-49957,0.13844485831116107
test-49958,0.05032778070085482
test-49959,0.17352527439735205
test-4996,0.01127312411332419
test-49960,0.07896917855603469
test-49961,0.16228357285686282
test-49962,0.09787796055403811
test-49963,0.01947730323453607
test-49964,0.022223573561920524
test-49965,0.007319577844043438
test-49966,0.011559220859634702
test-49967,0.03500623183050008
test-49968,0.07576970187122882
test-49969,0.021962869625550045
test-4997,0.09085680533664896
test-49970,0.07669821515772354
test-49971,0.16364303120081933
test-49972,0.043156732747749595
test-49973,0.2650852562150321
test-49974,0.020083557917893836
test-49975,0.01977825014675508
test-49976,0.013102429018510749
test-49977,0.039477482084524645
test-49978,0.01446330123994264
test-49979,0.22003937781950395
test-4998,0.04179455967355551
test-49980,0.006724022613053534
test-49981,0.16817727186276302
test-49982,0.31621057372049344
test-49983,0.08395183120844195
test-49984,0.034462792400414846
test-49985,0.030989837387569108
test-49986,0.30583064876283844
test-49987,0.10671541030763161
test-49988,0.2683007807644925
test-49989,0.10036735478928334
test-4999,0.04039430621750288
test-49990,0.23206533922781444
test-49991,0.10179144465122647
test-49992,0.05077084148113022
test-49993,0.08240510950748449
test-49994,0.009128270048958978
test-49995,0.08003083037374147
test-49996,0.0482798246110434
test-49997,0.021650285809179663
test-49998,0.009160252336922024
test-49999,0.08981856271452159
test-5,0.027367274551505418
test-50,0.030706420625541905
test-500,0.011803246860551822
test-5000,0.0148639368331972
test-50000,0.08738335296799712
test-50001,0.10220494749562539
test-50002,0.04510623890721936
test-50003,0.19635420543061544
test-50004,0.044534795793035306
test-50005,0.015017060475110304
test-50006,0.11816721391603338
test-50007,0.2189791690927714
test-50008,0.026524119249146577
test-50009,0.13952165518032997
test-5001,0.045760792637173635
test-50010,0.10232809447758612
test-50011,0.29515109101923925
test-50012,0.06803412447426488
test-50013,0.008790293269130852
test-50014,0.03244555853887159
test-50015,0.01314740517769899
test-50016,0.022500890699324937
test-50017,0.09442775898327806
test-50018,0.012081210184200787
test-50019,0.025980019222766913
test-5002,0.02459128538537083
test-50020,0.009099927990008515
test-50021,0.019373329830228478
test-50022,0.020744338657986403
test-50023,0.08590250585490239
test-50024,0.007213679693470659
test-50025,0.053152175167891114
test-50026,0.1337627222159171
test-50027,0.02277635099408245
test-50028,0.10558641805424131
test-50029,0.05548035999624712
test-5003,0.03658407198584599
test-50030,0.24263777053542354
test-50031,0.10098069506471297
test-50032,0.16909093921672824
test-50033,0.14123278107831955
test-50034,0.04742329677435037
test-50035,0.2587806466152034
test-50036,0.23796087003426025
test-50037,0.009384908126861853
test-50038,0.0692875801284882
test-50039,0.005556878446550724
test-5004,0.10527188659216218
test-50040,0.033767770849542925
test-50041,0.04405142723982509
test-50042,0.10131017876088283
test-50043,0.1242444435971895
test-50044,0.05270920490681563
test-50045,0.07896917855603469
test-50046,0.021823485875190087
test-50047,0.12796851635119139
test-50048,0.006250531289235153
test-50049,0.07177519486086513
test-5005,0.016160909900064323
test-50050,0.1807852910777823
test-50051,0.005984908054951576
test-50052,0.10251507034744838
test-50053,0.011476778796157376
test-50054,0.07879923168577452
test-50055,0.057290198279945824
test-50056,0.030860292945794815
test-50057,0.0666103593601478
test-50058,0.21645874816036487
test-50059,0.062261591739430196
test-5006,0.016069259091524495
test-50060,0.008388166072142775
test-50061,0.12070798710581089
test-50062,0.29034691041371474
test-50063,0.011398233742363878
test-50064,0.011796179643188267
test-50065,0.24869630636498638
test-50066,0.010019272763082463
test-50067,0.03367547701717207
test-50068,0.1122314384897774
test-50069,0.021318435007153854
test-5007,0.13626693273023124
test-50070,0.04077705851824295
test-50071,0.017198997462388923
test-50072,0.12426513400358717
test-50073,0.20678498607884754
test-50074,0.020192620459502774
test-50075,0.015905895258961165
test-50076,0.20599960185973004
test-50077,0.20418473994107822
test-50078,0.0451637865520096
test-50079,0.1461722806603671
test-5008,0.22864211185589012
test-50080,0.042718611084473716
test-50081,0.14901933656921856
test-50082,0.2014911767264218
test-50083,0.05734648141083049
test-50084,0.09787796055403811
test-50085,0.1045328484189388
test-50086,0.020570938945540553
test-50087,0.032068555958903136
test-50088,0.007509748650046595
test-50089,0.043091831567275925
test-5009,0.01379070838607752
test-50090,0.08529842563131151
test-50091,0.11222191043884464
test-50092,0.020403553611131622
test-50093,0.1835518712678432
test-50094,0.1232305354460678
test-50095,0.0193591525646486
test-50096,0.011712700157931915
test-50097,0.027232064053782163
test-50098,0.052263758707564424
test-50099,0.19513881787446788
test-501,0.27400257442652837
test-5010,0.02701451449049498
test-50100,0.049461904616293566
test-50101,0.009756865751905895
test-50102,0.07470894495598007
test-50103,0.176356523539794
test-50104,0.028974440229601526
test-50105,0.24937241371159052
test-50106,0.09299334550036202
test-50107,0.26129216182336673
test-50108,0.04351191409335309
test-50109,0.311406759645038
test-5011,0.00985096114187963
test-50110,0.022487548992525405
test-50111,0.29965496254637186
test-50112,0.00953521655962779
test-50113,0.20737508151771294
test-50114,0.00825877569611476
test-50115,0.14761870477613945
test-50116,0.01696372574066287
test-50117,0.04313873149353708
test-50118,0.011004337961667287
test-50119,0.023785856697115054
test-5012,0.0881528246744881
test-50120,0.019545276637203464
test-50121,0.011173691066246001
test-50122,0.10280477597044384
test-50123,0.06599891615541364
test-50124,0.0399481548695803
test-50125,0.012942231295771088
test-50126,0.13288354375748673
test-50127,0.17780612916356836
test-50128,0.01090347345857401
test-50129,0.3026912621305733
test-5013,0.04051182369827448
test-50130,0.13792871010608884
test-50131,0.029106821458700364
test-50132,0.188832497490162
test-50133,0.1713408878869433
test-50134,0.016047648233457473
test-50135,0.030335608896396832
test-50136,0.1951855047911842
test-50137,0.027590366070004483
test-50138,0.09226775302833866
test-50139,0.012138647860096222
test-5014,0.0687732139720173
test-50140,0.06614436609155776
test-50141,0.24524490890282866
test-50142,0.011661747430504594
test-50143,0.14584971832814003
test-50144,0.1888317988518883
test-50145,0.14027777951167567
test-50146,0.08625284766069514
test-50147,0.012893516976818044
test-50148,0.021490247878561353
test-50149,0.014012751616640076
test-5015,0.10455694908098336
test-50150,0.008443481737337723
test-50151,0.04424075135511034
test-50152,0.053177175534524
test-50153,0.2058704985718533
test-50154,0.11356803172408701
test-50155,0.13160488107365934
test-50156,0.06809575431550112
test-50157,0.09787796055403811
test-50158,0.019597357514827937
test-50159,0.07730841175498733
test-5016,0.06590649303404685
test-50160,0.07979782862961757
test-50161,0.0721527922080601
test-50162,0.03134691452732018
test-50163,0.016303793311429674
test-50164,0.025366889964813424
test-50165,0.059952180139726134
test-50166,0.009715489864764925
test-50167,0.010245868994528659
test-50168,0.009154483996499846
test-50169,0.09579426469330742
test-5017,0.3512856618424557
test-50170,0.2565526574136482
test-50171,0.05696161965524481
test-50172,0.1591837924010345
test-50173,0.17304689575379814
test-50174,0.020318386014657453
test-50175,0.04252105837468247
test-50176,0.3092815091649232
test-50177,0.12413763815931918
test-50178,0.030968535264180065
test-50179,0.03283002405971664
test-5018,0.05468361757226111
test-50180,0.028712603841137163
test-50181,0.10660447884766662
test-50182,0.026372372374516787
test-50183,0.10135147787955867
test-50184,0.30902669917001296
test-50185,0.1247282384843349
test-50186,0.012119151368522492
test-50187,0.011650410274590422
test-50188,0.009230653343364625
test-50189,0.008254652051318092
test-5019,0.24386731959061125
test-50190,0.013706386216961542
test-50191,0.13339486168297818
test-50192,0.024219665707872273
test-50193,0.07896917855603469
test-50194,0.23752151221824344
test-50195,0.011707758848035031
test-50196,0.08361969793012024
test-50197,0.10135147787955867
test-50198,0.019043424207629587
test-50199,0.1684884044853316
test-502,0.08635459711316898
test-5020,0.06855538111828655
test-50200,0.08459713365630699
test-50201,0.17645226684991447
test-50202,0.015691829833189626
test-50203,0.0830078735880517
test-50204,0.012692130066550626
test-50205,0.010553787197866489
test-50206,0.029095306874811617
test-50207,0.03320798809417856
test-50208,0.09860381645007209
test-50209,0.044156640450890086
test-5021,0.07685305503024943
test-50210,0.14035830321495385
test-50211,0.030273660001720784
test-50212,0.008789465152447412
test-50213,0.03774746584405804
test-50214,0.0502006682734213
test-50215,0.07633978031323745
test-50216,0.018129909838664107
test-50217,0.14526255694574958
test-50218,0.2753581837078324
test-50219,0.18066467923056106
test-5022,0.1647400903957621
test-50220,0.04811812397120619
test-50221,0.11794603577740274
test-50222,0.05143341550618335
test-50223,0.20269734832092962
test-50224,0.01634436068830537
test-50225,0.044827757507199646
test-50226,0.05791243615394935
test-50227,0.061577899304617906
test-50228,0.08469207989574525
test-50229,0.16003655879549294
test-5023,0.010938763068309936
test-50230,0.019964917020709908
test-50231,0.05276041054803993
test-50232,0.021528190749961748
test-50233,0.01922036192488351
test-50234,0.08395183120844195
test-50235,0.022022932627505716
test-50236,0.04583811624423614
test-50237,0.011257301983731788
test-50238,0.041497739550089126
test-50239,0.016129602202534087
test-5024,0.042662219625858366
test-50240,0.011268218548333755
test-50241,0.02294024488599658
test-50242,0.012025567302892061
test-50243,0.04315587774234556
test-50244,0.02469990664439859
test-50245,0.09304204973573321
test-50246,0.0775392289560246
test-50247,0.03213468510415851
test-50248,0.11710023289194309
test-50249,0.02812774547977176
test-5025,0.22957740280645822
test-50250,0.2125790308447566
test-50251,0.01984657051079652
test-50252,0.005736639552933603
test-50253,0.02461757674617107
test-50254,0.04336987546860694
test-50255,0.1404781260518347
test-50256,0.24610242001126748
test-50257,0.034453408644712996
test-50258,0.015176192406273194
test-50259,0.011065019533611628
test-5026,0.1013476387132883
test-50260,0.3100155038108944
test-50261,0.019027674301522208
test-50262,0.007273786162453086
test-50263,0.02619060065510195
test-50264,0.0072853301907285775
test-50265,0.03977673508301286
test-50266,0.20112534528635206
test-50267,0.011001007149957468
test-50268,0.1543693773528168
test-50269,0.016885287257782655
test-5027,0.02198200671659695
test-50270,0.014590549201300129
test-50271,0.03174028293146822
test-50272,0.08046310382999218
test-50273,0.19033598650245237
test-50274,0.12139816265865777
test-50275,0.01914087891562523
test-50276,0.0710886480023324
test-50277,0.017921845237170476
test-50278,0.11260613418122932
test-50279,0.14328609828938918
test-5028,0.020839204574241623
test-50280,0.03604051642116675
test-50281,0.22898590594538837
test-50282,0.041992030848070405
test-50283,0.16734555093623218
test-50284,0.011498710012957701
test-50285,0.135092717085097
test-50286,0.018672333726222592
test-50287,0.022185549664788584
test-50288,0.15275164468740443
test-50289,0.006683964188526784
test-5029,0.11694856546577205
test-50290,0.021566588984994268
test-50291,0.01406044663807781
test-50292,0.022038628002914187
test-50293,0.010286258664547151
test-50294,0.014142236169244005
test-50295,0.3097202205103315
test-50296,0.06352411301944147
test-50297,0.011082051018715226
test-50298,0.009755045289878646
test-50299,0.03918841945217676
test-503,0.011173691066246001
test-5030,0.061577899304617906
test-50300,0.0385900296270267
test-50301,0.15320277680073724
test-50302,0.13253883078225986
test-50303,0.031371133691300714
test-50304,0.06220286200961168
test-50305,0.09435854111353265
test-50306,0.06518688175134404
test-50307,0.02874157781611735
test-50308,0.2373123826978943
test-50309,0.28658852668192814
test-5031,0.08725714365503714
test-50310,0.06142488525316237
test-50311,0.0707119985986715
test-50312,0.04678001045516817
test-50313,0.020175839025803565
test-50314,0.2466057213231883
test-50315,0.053335673422542224
test-50316,0.012622297111375998
test-50317,0.02199891604842832
test-50318,0.11620547399000801
test-50319,0.16462013974031453
test-5032,0.007932789123915648
test-50320,0.05202176720701733
test-50321,0.32256816189488335
test-50322,0.0104013124247588
test-50323,0.018921836543848748
test-50324,0.03745489320825746
test-50325,0.09692312296300819
test-50326,0.226504450721427
test-50327,0.30093554422755914
test-50328,0.009839301493470792
test-50329,0.016585280544287984
test-5033,0.2954050014806067
test-50330,0.02439082000890906
test-50331,0.02824089611051039
test-50332,0.021740891784233957
test-50333,0.1495906908198313
test-50334,0.07587264123263573
test-50335,0.17839559737897584
test-50336,0.06017671574141743
test-50337,0.011425184076999637
test-50338,0.03890010022175282
test-50339,0.2532828064435057
test-5034,0.29509497270342905
test-50340,0.0741313523368138
test-50341,0.07212774850925097
test-50342,0.08357322128547799
test-50343,0.014882505783262862
test-50344,0.0180615437198935
test-50345,0.020928278396126352
test-50346,0.013382953075106417
test-50347,0.026604572898373487
test-50348,0.19377674548215085
test-50349,0.06108085344638038
test-5035,0.02913548025908943
test-50350,0.04154351699599006
test-50351,0.010708656683550727
test-50352,0.19881435290901484
test-50353,0.05247238896671066
test-50354,0.06867697705545647
test-50355,0.1394463013726253
test-50356,0.12601375924837346
test-50357,0.012307822646118448
test-50358,0.01867081687077099
test-50359,0.1344438728080746
test-5036,0.05339307069340168
test-50360,0.09985027532078786
test-50361,0.18167609068703686
test-50362,0.034768726581650235
test-50363,0.0669392073111586
test-50364,0.19835057040568194
test-50365,0.13091380359304408
test-50366,0.020496600295531162
test-50367,0.07985360374555545
test-50368,0.012893009952005005
test-50369,0.07655386090159072
test-5037,0.08073938494184169
test-50370,0.16136948481596547
test-50371,0.030167045943326497
test-50372,0.015516916219973555
test-50373,0.17828117929066992
test-50374,0.040047541897283656
test-50375,0.01596240875885611
test-50376,0.31075353866635486
test-50377,0.012666324441691999
test-50378,0.014490306474833825
test-50379,0.030860211436749246
test-5038,0.1944346418129891
test-50380,0.020889284381518713
test-50381,0.017303209194273885
test-50382,0.08003083037374147
test-50383,0.20304935006834146
test-50384,0.1870823276893104
test-50385,0.12747176305600041
test-50386,0.1345346468071938
test-50387,0.016558593413636948
test-50388,0.028997731795765643
test-50389,0.293322257236263
test-5039,0.01913517694024999
test-50390,0.008733062375028057
test-50391,0.04688750644718757
test-50392,0.2825578372896305
test-50393,0.013774773563475973
test-50394,0.028733947380002175
test-50395,0.01497030504655433
test-50396,0.07512180394517347
test-50397,0.0943135063460279
test-50398,0.19675295661439227
test-50399,0.029946973980481986
test-504,0.008445371092292724
test-5040,0.027859651719652507
test-50400,0.012264069554110435
test-50401,0.2506302811679098
test-50402,0.023692687336054147
test-50403,0.12503018460010248
test-50404,0.013750835097830537
test-50405,0.1558812901984457
test-50406,0.026298442413036607
test-50407,0.19629056376120627
test-50408,0.12855928173842882
test-50409,0.217817424158451
test-5041,0.046009648738188004
test-50410,0.19238662985566493
test-50411,0.14328768069251133
test-50412,0.007379394391029428
test-50413,0.13731171035429612
test-50414,0.29365057137550116
test-50415,0.16303062407163296
test-50416,0.07766607807980588
test-50417,0.01106506943689283
test-50418,0.0669392073111586
test-50419,0.1684884044853316
test-5042,0.19822341889701633
test-50420,0.042423856618313785
test-50421,0.028915275515149434
test-50422,0.037611112227886635
test-50423,0.016740870732518703
test-50424,0.00609330400118428
test-50425,0.008709399218729525
test-50426,0.03473420653902294
test-50427,0.30900945377438693
test-50428,0.00972354365092269
test-50429,0.3147502131079928
test-5043,0.03902516233390028
test-50430,0.011421000143831054
test-50431,0.01402381369646766
test-50432,0.04688163618239434
test-50433,0.17645226684991447
test-50434,0.1378659352146281
test-50435,0.04414241320368952
test-50436,0.02874157781611735
test-50437,0.17447008113915846
test-50438,0.08467569875422386
test-50439,0.14798285559216426
test-5044,0.014941070588809852
test-50440,0.028320734494005236
test-50441,0.15852027643696534
test-50442,0.017565752276868553
test-50443,0.034660780649431025
test-50444,0.07292190043446647
test-50445,0.04540444944174349
test-50446,0.02326887139531817
test-50447,0.012519750613488064
test-50448,0.034462792400414846
test-50449,0.011841520233121856
test-5045,0.07666413761860694
test-50450,0.018704264502560533
test-50451,0.035335751295261966
test-50452,0.061577899304617906
test-50453,0.033282604104893004
test-50454,0.023835186640981047
test-50455,0.0493931147911267
test-50456,0.025189387635696545
test-50457,0.010372044200472207
test-50458,0.11583881976902631
test-50459,0.04319277760342966
test-5046,0.01860123221164605
test-50460,0.020155429977941203
test-50461,0.011899956690595324
test-50462,0.20151341891574484
test-50463,0.05527113041701808
test-50464,0.22069142005316603
test-50465,0.08037557411732507
test-50466,0.030355347421153596
test-50467,0.20368655124824386
test-50468,0.22737121028774882
test-50469,0.11522687108272098
test-5047,0.3037016635193824
test-50470,0.060713023062772584
test-50471,0.010299817352940456
test-50472,0.09787796055403811
test-50473,0.044941048904824
test-50474,0.05022408172283129
test-50475,0.007094873871131316
test-50476,0.10920933560890629
test-50477,0.047502410696316826
test-50478,0.04815304499224502
test-50479,0.007692147622969504
test-5048,0.09967505524039096
test-50480,0.026275273197709607
test-50481,0.0859529009662607
test-50482,0.3169654680225455
test-50483,0.02766095251544029
test-50484,0.07651976593119797
test-50485,0.08875604618983189
test-50486,0.08490368572293876
test-50487,0.0341105006608178
test-50488,0.21951868428204915
test-50489,0.014430616523115627
test-5049,0.14836514852659072
test-50490,0.1166581688852632
test-50491,0.1169731902254496
test-50492,0.20650936271509104
test-50493,0.01918553889152465
test-50494,0.29183738350071875
test-50495,0.08013992888105673
test-50496,0.042840979956758195
test-50497,0.013414864622922547
test-50498,0.022215811459373756
test-50499,0.18665159614705573
test-505,0.01044880800637851
test-5050,0.2690299568374196
test-50500,0.02680209205551303
test-50501,0.0190019162300464
test-50502,0.07278892182117214
test-50503,0.31031435814079444
test-50504,0.05487776745599645
test-50505,0.0326960850536267
test-50506,0.004344903950587838
test-50507,0.20418473994107822
test-50508,0.07823028229324128
test-50509,0.2693083234031671
test-5051,0.028478847196325992
test-50510,0.010600777934867814
test-50511,0.028906943974158893
test-50512,0.10513926543352561
test-50513,0.09663121773338833
test-50514,0.02479671344632632
test-50515,0.12694021639594774
test-50516,0.026840774705835683
test-50517,0.011050780121272565
test-50518,0.035272073399553044
test-50519,0.02096474911888471
test-5052,0.03670812973319131
test-50520,0.018234219901608735
test-50521,0.12271260517425019
test-50522,0.06687591078501293
test-50523,0.029161408040197647
test-50524,0.07958060966254173
test-50525,0.01108742159207002
test-50526,0.07958009128105223
test-50527,0.007725021709262014
test-50528,0.010401082541015743
test-50529,0.04295378972512822
test-5053,0.12796851635119139
test-50530,0.01681085626989673
test-50531,0.1129170273113515
test-50532,0.061071905214628755
test-50533,0.011352532344506085
test-50534,0.17987687131239302
test-50535,0.05441682016561971
test-50536,0.01846410005438619
test-50537,0.08742981472721043
test-50538,0.017660619530172433
test-50539,0.10015728309544912
test-5054,0.016023565278325578
test-50540,0.028227181196959057
test-50541,0.034915961395572716
test-50542,0.19146189238872632
test-50543,0.3039865322432559
test-50544,0.10325883537837305
test-50545,0.027981596557351798
test-50546,0.01866708488417831
test-50547,0.02540858752960149
test-50548,0.11668142813024493
test-50549,0.02490906632824587
test-5055,0.16197154596340502
test-50550,0.01795374607890368
test-50551,0.009159203370070828
test-50552,0.04719228724028398
test-50553,0.02134851357476855
test-50554,0.013232392279196722
test-50555,0.06233389708919559
test-50556,0.32412656905913556
test-50557,0.17819095542755786
test-50558,0.31460037613534203
test-50559,0.07896917855603469
test-5056,0.014274505236000276
test-50560,0.01593453631858167
test-50561,0.17627330453064213
test-50562,0.021914941396178052
test-50563,0.10340513627089079
test-50564,0.09498374688798931
test-50565,0.011039512067870934
test-50566,0.1893663782373543
test-50567,0.04252105837468247
test-50568,0.011774448446197865
test-50569,0.08856856241329597
test-5057,0.19761456257596055
test-50570,0.10354230041134527
test-50571,0.01334549203709419
test-50572,0.007614978351067604
test-50573,0.1630074044323383
test-50574,0.07568968083860757
test-50575,0.01774508968406022
test-50576,0.07287513663214307
test-50577,0.05257201207290817
test-50578,0.06055960762605346
test-50579,0.25147157948506693
test-5058,0.17645226684991447
test-50580,0.27847758252883575
test-50581,0.017495166942776183
test-50582,0.06431851674816115
test-50583,0.03734981763883501
test-50584,0.027471256228767692
test-50585,0.010749194535826812
test-50586,0.1394463013726253
test-50587,0.07287513663214307
test-50588,0.3435834159917726
test-50589,0.023352086833241904
test-5059,0.006059396346094076
test-50590,0.278201667381778
test-50591,0.017533523634030237
test-50592,0.040036434232552064
test-50593,0.10769997468263569
test-50594,0.07300415700059695
test-50595,0.0327176475037165
test-50596,0.055771388059950716
test-50597,0.023495761125715667
test-50598,0.30827866551685157
test-50599,0.012917806561012003
test-506,0.09662790092174882
test-5060,0.034462792400414846
test-50600,0.10021842360573897
test-50601,0.013090047836359262
test-50602,0.03554502159507491
test-50603,0.046307702438700415
test-50604,0.03809418094273266
test-50605,0.2520944155446072
test-50606,0.06769455396450284
test-50607,0.27186388442829934
test-50608,0.04975063764622367
test-50609,0.02121107984890923
test-5061,0.03989725718835647
test-50610,0.03991427570930743
test-50611,0.036235920443479605
test-50612,0.014693731526973704
test-50613,0.012780215866168286
test-50614,0.01486903441112421
test-50615,0.18732003726169064
test-50616,0.015497697368706586
test-50617,0.1623440810455767
test-50618,0.14082235140207222
test-50619,0.3562028609291261
test-5062,0.009538998399251233
test-50620,0.1983983768913342
test-50621,0.03210560817513344
test-50622,0.024659678294988805
test-50623,0.007460054774954062
test-50624,0.0846182167635542
test-50625,0.011511636995542095
test-50626,0.01614848536816466
test-50627,0.1271099496851764
test-50628,0.12663596937894922
test-50629,0.008149930732578272
test-5063,0.041053934785909935
test-50630,0.1586802256377835
test-50631,0.39791465891427785
test-50632,0.027284177984771143
test-50633,0.05389494361429169
test-50634,0.26159512978846605
test-50635,0.23453082472099898
test-50636,0.007622925015376423
test-50637,0.11751094847811283
test-50638,0.13919012465966588
test-50639,0.012059379896954355
test-5064,0.29952671784531437
test-50640,0.12567729718320458
test-50641,0.09098298865360893
test-50642,0.028639671841936422
test-50643,0.006315348326309002
test-50644,0.032862359679869536
test-50645,0.01395593935710417
test-50646,0.12441938341127701
test-50647,0.008443481737337723
test-50648,0.08416853720130146
test-50649,0.03828100890328595
test-5065,0.01926840390447975
test-50650,0.010043301535598792
test-50651,0.09577148861252165
test-50652,0.07394850622675533
test-50653,0.12466564908881349
test-50654,0.03416164277792411
test-50655,0.0178886086383052
test-50656,0.07154554671561687
test-50657,0.02087716498034832
test-50658,0.052305220734124726
test-50659,0.022476083368765457
test-5066,0.026217246561048187
test-50660,0.2577063412985257
test-50661,0.023546045259541005
test-50662,0.03808926221621729
test-50663,0.4006050616341301
test-50664,0.018455989546360248
test-50665,0.048454629007613735
test-50666,0.07242156528964351
test-50667,0.29055257447563226
test-50668,0.011796873242124356
test-50669,0.00899916137985698
test-5067,0.10135147787955867
test-50670,0.026404541465814477
test-50671,0.13935753771799578
test-50672,0.00831841778191277
test-50673,0.015599313641043737
test-50674,0.03544080451276304
test-50675,0.05605020440722448
test-50676,0.05677862051543533
test-50677,0.00894023001671573
test-50678,0.013034735334736354
test-50679,0.03732829206562947
test-5068,0.06934237494052727
test-50680,0.03170912372369171
test-50681,0.08105275122680874
test-50682,0.38479393365404035
test-50683,0.011245971868440537
test-50684,0.2677074968192157
test-50685,0.09842248958499943
test-50686,0.41052362773382683
test-50687,0.041685953411267136
test-50688,0.018565090159148617
test-50689,0.13982105305261835
test-5069,0.15186353556345025
test-50690,0.24278861685360972
test-50691,0.35538926173102126
test-50692,0.010893843587264005
test-50693,0.24806566149267603
test-50694,0.2677074968192157
test-50695,0.09787796055403811
test-50696,0.1787369564991347
test-50697,0.015116481278192708
test-50698,0.020334444404865454
test-50699,0.07107371423745511
test-507,0.018369702597254976
test-5070,0.12539882026382718
test-50700,0.071577597993383
test-50701,0.05464636453569702
test-50702,0.018165953781475567
test-50703,0.026442258661079653
test-50704,0.008301948906827509
test-50705,0.17015086660656129
test-50706,0.1312457979454207
test-50707,0.26470587811782365
test-50708,0.07116621757898806
test-50709,0.01723804717816582
test-5071,0.015681184739320828
test-50710,0.188925329773824
test-50711,0.2445333310679369
test-50712,0.10558328494041234
test-50713,0.00782172338191315
test-50714,0.22690193997133365
test-50715,0.023299518694089513
test-50716,0.10220867217863862
test-50717,0.13866772173855677
test-50718,0.2270508544222702
test-50719,0.0687732139720173
test-5072,0.07896917855603469
test-50720,0.12552945845032684
test-50721,0.021265030637408207
test-50722,0.07154554671561687
test-50723,0.02262216762990076
test-50724,0.033624704147153704
test-50725,0.1499344686363919
test-50726,0.1267086283705419
test-50727,0.0523638604553928
test-50728,0.01990709865307649
test-50729,0.23253574898755874
test-5073,0.006976409226147488
test-50730,0.008018566107332098
test-50731,0.02129602835554203
test-50732,0.1750449219545174
test-50733,0.025591405503783367
test-50734,0.07564187602682827
test-50735,0.06413263908436664
test-50736,0.045959836974031644
test-50737,0.04260285759327572
test-50738,0.16695447271917302
test-50739,0.010240101895368368
test-5074,0.1639118424734606
test-50740,0.05339307069340168
test-50741,0.014517002229145634
test-50742,0.02267532746924371
test-50743,0.2962150564061756
test-50744,0.3284444679653232
test-50745,0.3915900530516412
test-50746,0.19456940321880703
test-50747,0.13584648180255504
test-50748,0.07926202313056241
test-50749,0.07066391180041305
test-5075,0.08641359945096186
test-50750,0.09787796055403811
test-50751,0.015910356931723886
test-50752,0.005124034029018328
test-50753,0.017962731313413874
test-50754,0.08219192647824698
test-50755,0.208367909511687
test-50756,0.01141073319506386
test-50757,0.040532793689842556
test-50758,0.0867846481702478
test-50759,0.18124950009786844
test-5076,0.016767584673540774
test-50760,0.020962296034562487
test-50761,0.01675029780943129
test-50762,0.11378069649606996
test-50763,0.03571958008989973
test-50764,0.07252667037475244
test-50765,0.015885712761223716
test-50766,0.09095363519959088
test-50767,0.009555463395882981
test-50768,0.082952001535039
test-50769,0.07593297065228582
test-5077,0.016215185242137827
test-50770,0.0669392073111586
test-50771,0.014591218095919983
test-50772,0.3147502131079928
test-50773,0.031089491972955755
test-50774,0.0489417724305779
test-50775,0.06259100480523434
test-50776,0.014556186620116618
test-50777,0.0669392073111586
test-50778,0.15208482657425365
test-50779,0.30755523897046644
test-5078,0.007318346064857941
test-50780,0.01663182289740692
test-50781,0.01585119098570538
test-50782,0.02046740548178225
test-50783,0.2002752443946302
test-50784,0.009354737625774866
test-50785,0.02344796388488617
test-50786,0.15109522163485614
test-50787,0.0601209595526885
test-50788,0.1452189205284274
test-50789,0.020424542097069592
test-5079,0.12669521753714805
test-50790,0.19413166744633342
test-50791,0.1724572789750552
test-50792,0.01603513019954945
test-50793,0.03605421018361057
test-50794,0.016993561666164246
test-50795,0.07885994539152333
test-50796,0.2885732476737947
test-50797,0.20388031353496544
test-50798,0.022264547784614987
test-50799,0.029531807998326318
test-508,0.10398978208633021
test-5080,0.023889021503770477
test-50800,0.11850508586505164
test-50801,0.07240425457499185
test-50802,0.02974659745104685
test-50803,0.023364779770318825
test-50804,0.03485261905197301
test-50805,0.19249985546756637
test-50806,0.025545958598552278
test-50807,0.03370618115869601
test-50808,0.25625779338675786
test-50809,0.026609373387806837
test-5081,0.13473111397650483
test-50810,0.019732249063491747
test-50811,0.015347954710535686
test-50812,0.012857507021823606
test-50813,0.033923259714324375
test-50814,0.11839336409445482
test-50815,0.03212224851724927
test-50816,0.10485864888401285
test-50817,0.10026871033909882
test-50818,0.04105537251092796
test-50819,0.05328017014690255
test-5082,0.014677170972395674
test-50820,0.1408714540381368
test-50821,0.010416678494427936
test-50822,0.12003428623085241
test-50823,0.13584648180255504
test-50824,0.04915400562017742
test-50825,0.0328840515884818
test-50826,0.009428179994091916
test-50827,0.04516945855005531
test-50828,0.3917010130262079
test-50829,0.053320680913454356
test-5083,0.06837716154279296
test-50830,0.03403254564709647
test-50831,0.08178603012973396
test-50832,0.47102350573621066
test-50833,0.01832731539451931
test-50834,0.19421145537836274
test-50835,0.009607530149708738
test-50836,0.009666421781969454
test-50837,0.021839336728514708
test-50838,0.010819982118089043
test-50839,0.04055244523401693
test-5084,0.06259100480523434
test-50840,0.04315408081620915
test-50841,0.04337287340317996
test-50842,0.03821095380761934
test-50843,0.009436985178136955
test-50844,0.07570544771894107
test-50845,0.014003102122027461
test-50846,0.027196825730237004
test-50847,0.015342239748447537
test-50848,0.007208656725011585
test-50849,0.10135147787955867
test-5085,0.12721840174292554
test-50850,0.09287787901826294
test-50851,0.03058921898360845
test-50852,0.17973954054644367
test-50853,0.0187144192902349
test-50854,0.01750834846625811
test-50855,0.009203446510444902
test-50856,0.16696100891292529
test-50857,0.009673662817782085
test-50858,0.018994367311286606
test-50859,0.08843856575961564
test-5086,0.13875366426809838
test-50860,0.1462252224848833
test-50861,0.06413162589211399
test-50862,0.0198135971308569
test-50863,0.024039659086970963
test-50864,0.20368655124824386
test-50865,0.07009896245392172
test-50866,0.012803290350664956
test-50867,0.03214770938614891
test-50868,0.11494214419246217
test-50869,0.30260410077192784
test-5087,0.13957072917308253
test-50870,0.017377367273607364
test-50871,0.01012022390903318
test-50872,0.13838467064907242
test-50873,0.04864376274953059
test-50874,0.008163275631005506
test-50875,0.01071698999779016
test-50876,0.06118340848958936
test-50877,0.010634836157267966
test-50878,0.24532886488928154
test-50879,0.006763158654203389
test-5088,0.11542427670658392
test-50880,0.09983607145537249
test-50881,0.013173937130185212
test-50882,0.03272272449161039
test-50883,0.10131234257408903
test-50884,0.022795616553612626
test-50885,0.1653049188617027
test-50886,0.010541301810370874
test-50887,0.041159585194459156
test-50888,0.03434582733493933
test-50889,0.1145562784460311
test-5089,0.38594479722674285
test-50890,0.16635522242560905
test-50891,0.25458541346968305
test-50892,0.04110931069537506
test-50893,0.06866260127631668
test-50894,0.029522235105480656
test-50895,0.1844887250021044
test-50896,0.17099297456863596
test-50897,0.0669392073111586
test-50898,0.3179906474719762
test-50899,0.07357265692355214
test-509,0.04992602504619911
test-5090,0.09000876147586752
test-50900,0.37964382709700545
test-50901,0.07162780675428591
test-50902,0.042141700788862084
test-50903,0.01025364667820494
test-50904,0.18244334754661024
test-50905,0.1491112256426302
test-50906,0.025040069651197223
test-50907,0.042882841253655546
test-50908,0.35318802373055586
test-50909,0.09860381645007209
test-5091,0.12099084371884837
test-50910,0.013104923155027037
test-50911,0.017499285592330025
test-50912,0.0949792957069508
test-50913,0.026077830402828565
test-50914,0.04103362408543824
test-50915,0.02844560511661355
test-50916,0.021033295686117254
test-50917,0.28294151758285935
test-50918,0.12613085259458184
test-50919,0.05039316169962221
test-5092,0.26319933238568555
test-50920,0.17596071934752458
test-50921,0.13775918575813118
test-50922,0.03178980651723136
test-50923,0.13104605671583083
test-50924,0.013872976380357624
test-50925,0.02604385827885891
test-50926,0.014348112594256628
test-50927,0.029340309682411053
test-50928,0.06786483416248941
test-50929,0.019321759796496876
test-5093,0.09528380793254176
test-50930,0.012187500735748844
test-50931,0.00887709608893385
test-50932,0.010393311317438826
test-50933,0.1914178853949998
test-50934,0.01783374930284584
test-50935,0.018814685800921202
test-50936,0.023422296183981926
test-50937,0.015422904655227661
test-50938,0.039579147011189184
test-50939,0.20795085500355573
test-5094,0.01743116687542336
test-50940,0.12179496469472514
test-50941,0.16188120506909212
test-50942,0.09787796055403811
test-50943,0.04149261070767461
test-50944,0.06962445626182927
test-50945,0.012582623663566947
test-50946,0.007560439816767133
test-50947,0.05696161965524481
test-50948,0.09942204985976826
test-50949,0.28252605962883365
test-5095,0.015710670110939944
test-50950,0.018436827539383444
test-50951,0.01221879150567966
test-50952,0.02387358115581796
test-50953,0.030092778267666927
test-50954,0.008113438720316092
test-50955,0.03179077004200127
test-50956,0.09860381645007209
test-50957,0.020450188550219784
test-50958,0.021644956427492337
test-50959,0.19040846683593216
test-5096,0.13775918575813118
test-50960,0.3039706180061277
test-50961,0.022517220560528156
test-50962,0.01909098000130147
test-50963,0.14927519944486434
test-50964,0.0385705577248733
test-50965,0.013151578699154077
test-50966,0.16965257164981712
test-50967,0.01662994691458897
test-50968,0.008166323184841595
test-50969,0.24894281450267913
test-5097,0.0881528246744881
test-50970,0.013259225004508093
test-50971,0.13464568624566128
test-50972,0.03061043282450199
test-50973,0.20530850718429916
test-50974,0.0690622557642224
test-50975,0.041530078118185244
test-50976,0.021771995679266885
test-50977,0.023488865520643415
test-50978,0.014390477085816452
test-50979,0.12203902533072954
test-5098,0.014800451848198391
test-50980,0.04166386701592093
test-50981,0.014729545143779063
test-50982,0.0314425268840178
test-50983,0.02493676386903536
test-50984,0.015965555908923616
test-50985,0.32196150053330336
test-50986,0.34528003818317243
test-50987,0.021924410290488135
test-50988,0.0226378020606441
test-50989,0.17243875852036353
test-5099,0.030965883864240436
test-50990,0.09566519790714546
test-50991,0.03021599453632826
test-50992,0.017797123700142973
test-50993,0.32824228475983563
test-50994,0.13684762298569011
test-50995,0.03479804005566821
test-50996,0.05819604623059732
test-50997,0.29497742049008674
test-50998,0.24015695571983792
test-50999,0.010635511636850286
test-51,0.061577899304617906
test-510,0.19294575021451543
test-5100,0.011712700157931915
test-51000,0.06893218095378534
test-51001,0.011698065364121064
test-51002,0.02695036692577566
test-51003,0.011333797501356328
test-51004,0.14928289879624207
test-51005,0.016117543690684206
test-51006,0.02529674132946887
test-51007,0.041063853255502304
test-51008,0.21843484055488613
test-51009,0.04166927221080873
test-5101,0.08427033670402594
test-51010,0.09577148861252165
test-51011,0.026514448419126094
test-51012,0.019311100437320674
test-51013,0.16224952468578432
test-51014,0.02782845182603985
test-51015,0.031776322086618874
test-51016,0.12907563606616154
test-51017,0.052927442722489386
test-51018,0.016320469183834736
test-51019,0.01940175286659199
test-5102,0.015174430540121988
test-51020,0.013098082138223176
test-51021,0.020417945990839872
test-51022,0.011033675379034687
test-51023,0.027124524671686343
test-51024,0.0209666884563998
test-51025,0.05919217604127936
test-51026,0.18361052850218026
test-51027,0.03501808448485993
test-51028,0.025937909243603303
test-51029,0.0076774572188650905
test-5103,0.02657249944911647
test-51030,0.22875427447340857
test-51031,0.02203406615406576
test-51032,0.14836514852659072
test-51033,0.05015468531813707
test-51034,0.04252105837468247
test-51035,0.027974902461167957
test-51036,0.019494095274232074
test-51037,0.022274751448591975
test-51038,0.13948856730799858
test-51039,0.01040195136962297
test-5104,0.04711164206722609
test-51040,0.06333636383199319
test-51041,0.13422581966185737
test-51042,0.028639671841936422
test-51043,0.011357701564428925
test-51044,0.02109276190073658
test-51045,0.11518128097977667
test-51046,0.07896917855603469
test-51047,0.010313249723489949
test-51048,0.398363682392439
test-51049,0.0942201075608026
test-5105,0.03594854892903973
test-51050,0.017598627383427438
test-51051,0.020375758950341237
test-51052,0.11247618598696464
test-51053,0.05446396901109701
test-51054,0.1415808291033006
test-51055,0.10318108158496761
test-51056,0.16344830039709268
test-51057,0.2463622194795698
test-51058,0.07340717644782829
test-51059,0.10030341726035687
test-5106,0.20174965012780818
test-51060,0.024062841619550843
test-51061,0.04758470453597311
test-51062,0.03653426410037656
test-51063,0.13584648180255504
test-51064,0.1223901458362253
test-51065,0.02449644764351692
test-51066,0.013790727175468458
test-51067,0.005231607441354302
test-51068,0.11640231571006414
test-51069,0.08005096150543739
test-5107,0.055696729074803726
test-51070,0.018443062841086533
test-51071,0.041994584683696344
test-51072,0.03638151042310095
test-51073,0.12025739495680898
test-51074,0.08003083037374147
test-51075,0.022615612181460763
test-51076,0.14685158028471407
test-51077,0.046668476876668974
test-51078,0.016134805726272634
test-51079,0.34177531120432536
test-5108,0.043507836454201865
test-51080,0.012364869938628315
test-51081,0.03706733579071647
test-51082,0.008573758194328727
test-51083,0.06742210836871439
test-51084,0.13830406861014471
test-51085,0.09894217917792562
test-51086,0.21729149540162887
test-51087,0.01458786568342659
test-51088,0.061577899304617906
test-51089,0.28372842480469546
test-5109,0.10872777331807257
test-51090,0.381614358174567
test-51091,0.12278780880823482
test-51092,0.03660767503188056
test-51093,0.026483409804997395
test-51094,0.09375494999778415
test-51095,0.0687732139720173
test-51096,0.02067316541452633
test-51097,0.2077528769229693
test-51098,0.03121754363734
test-51099,0.010576097592789394
test-511,0.06358397126331683
test-5110,0.0902422755812636
test-51100,0.052608176111122736
test-51101,0.00884061174549453
test-51102,0.041493315601437125
test-51103,0.008837974183006842
test-51104,0.016186416369884243
test-51105,0.05950017199337657
test-51106,0.02339721864844757
test-51107,0.0669392073111586
test-51108,0.020184049019556536
test-51109,0.007425833833302192
test-5111,0.027172404260941207
test-51110,0.014032818576067793
test-51111,0.10646166651532321
test-51112,0.1944346418129891
test-51113,0.016106465133258745
test-51114,0.04598560612970779
test-51115,0.07076227568602607
test-51116,0.022193962283723247
test-51117,0.33640699668460855
test-51118,0.2076079811516155
test-51119,0.028231343595340297
test-5112,0.06824566749286337
test-51120,0.0411584091178604
test-51121,0.04166386701592093
test-51122,0.11157612794391822
test-51123,0.10413396209555853
test-51124,0.034462792400414846
test-51125,0.12323763876413459
test-51126,0.05502535300413224
test-51127,0.03849385307396757
test-51128,0.17965026137605122
test-51129,0.03236978563741714
test-5113,0.05132841044094465
test-51130,0.16903374589469847
test-51131,0.018495414921339458
test-51132,0.025734109166106363
test-51133,0.054231629865983844
test-51134,0.013743485563482066
test-51135,0.013742799229438916
test-51136,0.01249370912528594
test-51137,0.006449147017562565
test-51138,0.050962996546366206
test-51139,0.03347862303969181
test-5114,0.009844766817339836
test-51140,0.04173481288733362
test-51141,0.006982779756623047
test-51142,0.005574046124575717
test-51143,0.06616574617337521
test-51144,0.17267904038650528
test-51145,0.026897700584464664
test-51146,0.24894169759979207
test-51147,0.16000293596493653
test-51148,0.1523097465669448
test-51149,0.02747561792033172
test-5115,0.02253120697652489
test-51150,0.33400521478829387
test-51151,0.1416568417231331
test-51152,0.015119622905092722
test-51153,0.23408271257279945
test-51154,0.19808159317002033
test-51155,0.011515784692565645
test-51156,0.21849767652277569
test-51157,0.0669392073111586
test-51158,0.017303209194273885
test-51159,0.2528750885067918
test-5116,0.119046032375411
test-51160,0.28658852668192814
test-51161,0.1553997984771971
test-51162,0.007560908712968792
test-51163,0.16695447271917302
test-51164,0.18818656064677738
test-51165,0.006466935652108478
test-51166,0.031036219541288802
test-51167,0.030422520803939018
test-51168,0.2563207431213497
test-51169,0.015643763831188307
test-5117,0.2962550737235616
test-51170,0.03880019555947251
test-51171,0.005697804423197209
test-51172,0.20762319634514564
test-51173,0.1869213515024209
test-51174,0.03480381507178347
test-51175,0.008688892259843749
test-51176,0.3527556473157995
test-51177,0.3915781221280137
test-51178,0.16212301228195428
test-51179,0.024505040896640892
test-5118,0.2349399354172731
test-51180,0.008389613138366104
test-51181,0.01096734638169837
test-51182,0.011374594655167198
test-51183,0.1062308574098499
test-51184,0.007720566584222114
test-51185,0.07950095239109964
test-51186,0.08451594972684756
test-51187,0.10882222494060478
test-51188,0.018165953781475567
test-51189,0.03598278005730021
test-5119,0.04499830655515673
test-51190,0.2121746895195335
test-51191,0.12756464018589395
test-51192,0.028847069481270627
test-51193,0.05339307069340168
test-51194,0.17666776347985225
test-51195,0.06259100480523434
test-51196,0.04011394309062525
test-51197,0.012755596567966163
test-51198,0.014639547795696923
test-51199,0.049933294853078916
test-512,0.019438426590459395
test-5120,0.17645226684991447
test-51200,0.02340751790665585
test-51201,0.00809253406442038
test-51202,0.08063111069217828
test-51203,0.12631747492521866
test-51204,0.17042992559244782
test-51205,0.03605421018361057
test-51206,0.0518126069291367
test-51207,0.09456031952854467
test-51208,0.0565726432176599
test-51209,0.01572325033643029
test-5121,0.13755977035270417
test-51210,0.11363300313893557
test-51211,0.01885135611159148
test-51212,0.0522866469823982
test-51213,0.031141542681424886
test-51214,0.14747454981184374
test-51215,0.1996655900801694
test-51216,0.02368267247831206
test-51217,0.0895814877619895
test-51218,0.013688717586935266
test-51219,0.03491070691095637
test-5122,0.03153061662501219
test-51220,0.02206418949519857
test-51221,0.22020246065099516
test-51222,0.2624014664941684
test-51223,0.09123103626434727
test-51224,0.09787796055403811
test-51225,0.014390477085816452
test-51226,0.17775585048612433
test-51227,0.12030075104131203
test-51228,0.10928441419957592
test-51229,0.012642412425877473
test-5123,0.12243265641665092
test-51230,0.010587784558003584
test-51231,0.015527077256894275
test-51232,0.21804734744075363
test-51233,0.14065479873800785
test-51234,0.04475351461529831
test-51235,0.25788273733967376
test-51236,0.03287746277891179
test-51237,0.16741798841131075
test-51238,0.03348214229452225
test-51239,0.1019947738290733
test-5124,0.008830856226039036
test-51240,0.0634485361400959
test-51241,0.021176670602333646
test-51242,0.09243143269432365
test-51243,0.06056001600564492
test-51244,0.11513314197884704
test-51245,0.09993783756389943
test-51246,0.07429508332668973
test-51247,0.032133249634680575
test-51248,0.11640510268310741
test-51249,0.15963112381033934
test-5125,0.09787796055403811
test-51250,0.12139816265865777
test-51251,0.035324170236044505
test-51252,0.02654405972257384
test-51253,0.03609977726040512
test-51254,0.37964382709700545
test-51255,0.2547498700167645
test-51256,0.021342929857066522
test-51257,0.3279873329593428
test-51258,0.12380035803517303
test-51259,0.0680204808512694
test-5126,0.014947363526492261
test-51260,0.05208457129373567
test-51261,0.04659917869330699
test-51262,0.06722460017722935
test-51263,0.09137839426339225
test-51264,0.023234662110479462
test-51265,0.030952463470612642
test-51266,0.01278650989119924
test-51267,0.027869701088313267
test-51268,0.021033295686117254
test-51269,0.012439907910434313
test-5127,0.304911304291482
test-51270,0.018180688412462655
test-51271,0.02196806186773024
test-51272,0.07159256219456299
test-51273,0.05378999329395268
test-51274,0.07781021692586974
test-51275,0.020780990350386153
test-51276,0.21373530238636143
test-51277,0.2406128460862953
test-51278,0.3577571581867639
test-51279,0.14279209893983505
test-5128,0.017827395118662936
test-51280,0.011399345753753487
test-51281,0.009945544235989269
test-51282,0.38892019294834124
test-51283,0.0334511650851172
test-51284,0.010686886777852223
test-51285,0.0784235472208228
test-51286,0.06975176350418281
test-51287,0.28983356173263497
test-51288,0.061983316739459
test-51289,0.04034766405882977
test-5129,0.014432622396764459
test-51290,0.07097412885645901
test-51291,0.03427324941417386
test-51292,0.022067481878192026
test-51293,0.04436925249107653
test-51294,0.06086784627748174
test-51295,0.006827817730463638
test-51296,0.03733650595682371
test-51297,0.03705166467141843
test-51298,0.03173186598753145
test-51299,0.1202531798889819
test-513,0.058966703852701155
test-5130,0.14569600199514576
test-51300,0.09442775898327806
test-51301,0.03340559494451486
test-51302,0.12968170520583785
test-51303,0.05306378241969072
test-51304,0.011627973330555062
test-51305,0.19922812340635987
test-51306,0.20114063936581322
test-51307,0.010154972073605429
test-51308,0.024482777033102022
test-51309,0.25525976544944223
test-5131,0.018404344403325435
test-51310,0.032013293338220485
test-51311,0.03857910777438746
test-51312,0.006235727174248072
test-51313,0.011809776887792394
test-51314,0.03279357434694133
test-51315,0.015568724044093317
test-51316,0.02820822228818916
test-51317,0.01748701733676052
test-51318,0.04475351461529831
test-51319,0.03933731456798719
test-5132,0.20691063617728564
test-51320,0.2262606617633319
test-51321,0.007785501302675856
test-51322,0.0707119985986715
test-51323,0.037658600636406254
test-51324,0.14733718102124282
test-51325,0.06235489635148338
test-51326,0.24986974333252937
test-51327,0.15496377164466835
test-51328,0.008344084551462641
test-51329,0.01465289570938962
test-5133,0.010823358649941982
test-51330,0.20166878604265412
test-51331,0.10022332301988479
test-51332,0.027331676450878053
test-51333,0.10849311745818162
test-51334,0.024481500989192127
test-51335,0.3394510662937628
test-51336,0.051342949051376846
test-51337,0.02132879192876698
test-51338,0.01647870846103355
test-51339,0.018018448968611756
test-5134,0.034462792400414846
test-51340,0.0734238194770512
test-51341,0.22393328703363072
test-51342,0.3634314909391047
test-51343,0.030528891061958125
test-51344,0.029597164184308203
test-51345,0.1454035075753908
test-51346,0.20568234483130926
test-51347,0.07309174518124979
test-51348,0.01286852363287025
test-51349,0.23155840804393132
test-5135,0.09030445970259449
test-51350,0.2660044987363643
test-51351,0.019098880796737237
test-51352,0.20860792347569174
test-51353,0.009464359049644988
test-51354,0.009256600130851904
test-51355,0.01637697474636509
test-51356,0.020013447760221327
test-51357,0.024230673423623363
test-51358,0.03352992022309043
test-51359,0.13613556557811773
test-5136,0.015464844067314583
test-51360,0.04095950831392434
test-51361,0.029558622187286138
test-51362,0.011155002689389619
test-51363,0.06851110964845006
test-51364,0.054241200994321524
test-51365,0.019083687749778835
test-51366,0.3015049642049047
test-51367,0.162339576695623
test-51368,0.0741313523368138
test-51369,0.011687274498889993
test-5137,0.010372187432241296
test-51370,0.0210917679546785
test-51371,0.020252157807663422
test-51372,0.006258144429627753
test-51373,0.015995291228020524
test-51374,0.009690496180524078
test-51375,0.06990277187560451
test-51376,0.10655554092065606
test-51377,0.03033038001351469
test-51378,0.07270163841092878
test-51379,0.03027475165099178
test-5138,0.08003083037374147
test-51380,0.061577899304617906
test-51381,0.046008937823185984
test-51382,0.15885331014196952
test-51383,0.2154044093793257
test-51384,0.028012420409302435
test-51385,0.08170749402783432
test-51386,0.01246380236892729
test-51387,0.2148442952440062
test-51388,0.019583559950639068
test-51389,0.008166323184841595
test-5139,0.15520854107236398
test-51390,0.0669392073111586
test-51391,0.13946449927599397
test-51392,0.12306117295276682
test-51393,0.12365074579653015
test-51394,0.12112494666222885
test-51395,0.03582295623585436
test-51396,0.022835845228982028
test-51397,0.0553128146223777
test-51398,0.06687037276211674
test-51399,0.011039235215655639
test-514,0.17288029783365993
test-5140,0.01819361942628276
test-51400,0.21904500956018666
test-51401,0.03559431518427349
test-51402,0.010707840120334974
test-51403,0.03983569533200709
test-51404,0.02102755359497038
test-51405,0.14660621249274897
test-51406,0.09322590745215459
test-51407,0.09955007435949217
test-51408,0.07866104771681692
test-51409,0.01950384330040506
test-5141,0.04252105837468247
test-51410,0.0322560369895652
test-51411,0.24361820813111487
test-51412,0.2207408782077875
test-51413,0.06794476528463178
test-51414,0.12177490071179814
test-51415,0.04298091273693732
test-51416,0.06747949008382689
test-51417,0.006908838184105813
test-51418,0.22147259109356918
test-51419,0.024355151308872388
test-5142,0.012059379896954355
test-51420,0.015910342408735553
test-51421,0.009019432199058054
test-51422,0.13285938260176877
test-51423,0.018891940693149277
test-51424,0.0363164250667565
test-51425,0.09681526173888853
test-51426,0.04296957969689823
test-51427,0.04248994810407763
test-51428,0.017861244212527452
test-51429,0.08996580293072357
test-5143,0.07300415700059695
test-51430,0.1749400544547567
test-51431,0.14856288715582486
test-51432,0.06261656637094534
test-51433,0.08751449591233272
test-51434,0.09856436007096536
test-51435,0.26566691665443953
test-51436,0.052712510807766094
test-51437,0.1518413542124783
test-51438,0.07896917855603469
test-51439,0.25451571818852287
test-5144,0.019322511954187604
test-51440,0.16289304070573063
test-51441,0.030517236185282452
test-51442,0.09787796055403811
test-51443,0.2719959938206
test-51444,0.07131357176604623
test-51445,0.08046310382999218
test-51446,0.2614560831189131
test-51447,0.018425796104208265
test-51448,0.013074335095488913
test-51449,0.020811375723703368
test-5145,0.008149002485368602
test-51450,0.05618846159027504
test-51451,0.08024825163843392
test-51452,0.08752019470863416
test-51453,0.01626024898700313
test-51454,0.01685658310469277
test-51455,0.057885667389171
test-51456,0.09507627697535487
test-51457,0.014155267177476035
test-51458,0.160576350325198
test-51459,0.006689254365708261
test-5146,0.08865626543024542
test-51460,0.26091946260026466
test-51461,0.13780251220359505
test-51462,0.010663423301942157
test-51463,0.04212236861992874
test-51464,0.07884638214518479
test-51465,0.04372998234759738
test-51466,0.1749400544547567
test-51467,0.02607553978479456
test-51468,0.015906007138482565
test-51469,0.032211159193672054
test-5147,0.015490246712015245
test-51470,0.02237207512070724
test-51471,0.058556647514638016
test-51472,0.021292957631463102
test-51473,0.039207404165087015
test-51474,0.011364911766953265
test-51475,0.04006093242344549
test-51476,0.012089649758012907
test-51477,0.007103459395646547
test-51478,0.04158592007283871
test-51479,0.010522301771370013
test-5148,0.2900502771185707
test-51480,0.1428488078808694
test-51481,0.02472060729450047
test-51482,0.10505011892097885
test-51483,0.016449003289294446
test-51484,0.1944346418129891
test-51485,0.024786528660708327
test-51486,0.01745167544776004
test-51487,0.040491993689220344
test-51488,0.09126805270809048
test-51489,0.08053045755671803
test-5149,0.016150995546186635
test-51490,0.2434305858118374
test-51491,0.02400003230551901
test-51492,0.22109162213540362
test-51493,0.0479864812816831
test-51494,0.05461056812954334
test-51495,0.0707119985986715
test-51496,0.028886290591586712
test-51497,0.13844485831116107
test-51498,0.04485757155770524
test-51499,0.021240060273301237
test-515,0.012823948760013137
test-5150,0.09219594909020574
test-51500,0.07013717606758778
test-51501,0.1693495211889661
test-51502,0.07312447927077466
test-51503,0.04209522278127003
test-51504,0.16966242839561138
test-51505,0.017193597411134305
test-51506,0.021678925825290546
test-51507,0.16906124074743822
test-51508,0.33605751195913636
test-51509,0.01327289920819794
test-5151,0.37964382709700545
test-51510,0.02168352974038162
test-51511,0.0254329219380017
test-51512,0.0669392073111586
test-51513,0.030414860473510476
test-51514,0.006232924124234133
test-51515,0.17994676851331345
test-51516,0.12068982836353163
test-51517,0.0669392073111586
test-51518,0.09538853959833127
test-51519,0.03291794936520425
test-5152,0.02921050110160476
test-51520,0.13380934555915033
test-51521,0.009446872536829147
test-51522,0.015832673926159318
test-51523,0.25541852355787653
test-51524,0.02129632213195165
test-51525,0.1208970300134064
test-51526,0.16422112533187638
test-51527,0.11194041647717666
test-51528,0.005421118600358657
test-51529,0.010746940473996111
test-5153,0.024808658460142543
test-51530,0.12006638953785745
test-51531,0.25193702447239275
test-51532,0.07456670372427468
test-51533,0.08815020507024743
test-51534,0.008325132416550292
test-51535,0.016662399668128026
test-51536,0.23900854587427348
test-51537,0.015958190722861518
test-51538,0.12730930468898366
test-51539,0.058619519894013934
test-5154,0.009963054891290157
test-51540,0.13655222598311892
test-51541,0.017576507669825457
test-51542,0.08793097726417551
test-51543,0.15774830014161437
test-51544,0.043785523734144426
test-51545,0.2334981186767134
test-51546,0.39588147932956375
test-51547,0.017424535963517177
test-51548,0.015504082981257779
test-51549,0.023089711056809684
test-5155,0.01827873135233399
test-51550,0.013186488755637119
test-51551,0.06579002871488651
test-51552,0.24091812415767408
test-51553,0.011848276690847875
test-51554,0.021307844945815915
test-51555,0.011364892637014111
test-51556,0.11038663444206653
test-51557,0.1046184702713835
test-51558,0.01552973407478621
test-51559,0.00629012083035283
test-5156,0.0798158826777273
test-51560,0.060830464168921544
test-51561,0.01787324844662315
test-51562,0.016408213048691396
test-51563,0.1763427484240778
test-51564,0.02168352974038162
test-51565,0.13710842677811563
test-51566,0.03449661917066677
test-51567,0.010298736605508738
test-51568,0.013261423272613475
test-51569,0.21071437050948905
test-5157,0.11698200083331879
test-51570,0.03887121129196806
test-51571,0.022052653876770058
test-51572,0.012633889512369264
test-51573,0.04406909183084962
test-51574,0.011946616221699574
test-51575,0.1488601290486777
test-51576,0.011359659525609973
test-51577,0.010307024959547198
test-51578,0.03198769637351812
test-51579,0.05941437043463874
test-5158,0.250788568118432
test-51580,0.0669392073111586
test-51581,0.041728651913772535
test-51582,0.012090473565116304
test-51583,0.16364303120081933
test-51584,0.03517554983071838
test-51585,0.16123814072884915
test-51586,0.07941908544026455
test-51587,0.00761313125927844
test-51588,0.11052277687385417
test-51589,0.11554691356435694
test-5159,0.23459642547808965
test-51590,0.03763655395257485
test-51591,0.04771593589100449
test-51592,0.035367109959732974
test-51593,0.04203146112678184
test-51594,0.1313395705021038
test-51595,0.021113263981551195
test-51596,0.02503602145825929
test-51597,0.018565331779033613
test-51598,0.12547743918467355
test-51599,0.029898820979739373
test-516,0.01111751765641401
test-5160,0.08826848199422094
test-51600,0.059501922873155644
test-51601,0.045949004618132894
test-51602,0.19248454294834666
test-51603,0.028189251072798516
test-51604,0.0902422755812636
test-51605,0.18518054504365752
test-51606,0.01334793926607262
test-51607,0.031534315953187585
test-51608,0.08676426786931425
test-51609,0.08062654945675594
test-5161,0.022076507310787006
test-51610,0.052206679298670185
test-51611,0.006606502533672383
test-51612,0.011413507308042223
test-51613,0.22861279947410776
test-51614,0.018025304027273654
test-51615,0.08907171856349615
test-51616,0.033444679931476415
test-51617,0.01330601027616501
test-51618,0.04541548893407799
test-51619,0.2109912483662367
test-5162,0.0327247208742088
test-51620,0.09362524377549346
test-51621,0.01640932344914651
test-51622,0.010805139584968716
test-51623,0.02229157376509669
test-51624,0.05339307069340168
test-51625,0.053917879189131476
test-51626,0.06119254833502953
test-51627,0.12711460159852678
test-51628,0.06719314535759136
test-51629,0.04654018561433151
test-5163,0.05915952581162556
test-51630,0.07516286230527178
test-51631,0.021927893565228816
test-51632,0.033818482109533365
test-51633,0.13050120751549313
test-51634,0.033033190567207805
test-51635,0.013821497904488313
test-51636,0.13896181625336854
test-51637,0.009245798666999712
test-51638,0.07300415700059695
test-51639,0.047467725380945826
test-5164,0.025919875264196604
test-51640,0.016579847337816294
test-51641,0.28309756851400286
test-51642,0.07246310413069056
test-51643,0.21269548577540878
test-51644,0.05874765424189533
test-51645,0.02433213572329047
test-51646,0.03680797743030082
test-51647,0.08525747453490921
test-51648,0.21349930113234747
test-51649,0.06423741195172852
test-5165,0.14202777900997218
test-51650,0.017888506361941527
test-51651,0.01580122944059954
test-51652,0.16695447271917302
test-51653,0.0314180033092204
test-51654,0.07754323941115715
test-51655,0.08440367075848065
test-51656,0.01568096742769967
test-51657,0.037056248963493514
test-51658,0.010688712203605625
test-51659,0.1739356476229199
test-5166,0.08196973207204497
test-51660,0.02658108923946476
test-51661,0.14723181668540103
test-51662,0.01930286011909224
test-51663,0.040532793689842556
test-51664,0.012637857763808859
test-51665,0.13427187521081005
test-51666,0.09362524377549346
test-51667,0.024763375491935205
test-51668,0.09992567065787086
test-51669,0.027475226144350533
test-5167,0.08498380450682616
test-51670,0.07744704172406082
test-51671,0.3316357648863382
test-51672,0.1252637756806693
test-51673,0.2779624319698598
test-51674,0.01958123176380992
test-51675,0.007878542169980867
test-51676,0.03254705391801379
test-51677,0.2525746400936263
test-51678,0.05339307069340168
test-51679,0.028130135225031397
test-5168,0.1660857065321139
test-51680,0.08529579196929579
test-51681,0.03345932759216485
test-51682,0.032454620124079694
test-51683,0.023159849129003766
test-51684,0.011868116856013074
test-51685,0.1313395705021038
test-51686,0.25559389283524714
test-51687,0.04223119839079376
test-51688,0.14129723607623998
test-51689,0.18053410587009425
test-5169,0.25969124609278027
test-51690,0.12033608949617267
test-51691,0.04938913173948075
test-51692,0.08219192647824698
test-51693,0.1568678772186466
test-51694,0.1751420094681555
test-51695,0.04252105837468247
test-51696,0.007800656295064372
test-51697,0.13213940423361792
test-51698,0.03236011260145603
test-51699,0.062006565321260934
test-517,0.016217460605919692
test-5170,0.013722093232091302
test-51700,0.06933945528441951
test-51701,0.012906169329294037
test-51702,0.33635535843854614
test-51703,0.01190180828372277
test-51704,0.1543693773528168
test-51705,0.12074357149035189
test-51706,0.08102622375661517
test-51707,0.020456425618934262
test-51708,0.008034525734154007
test-51709,0.07154554671561687
test-5171,0.07984600052248031
test-51710,0.05608161125235809
test-51711,0.05511419052187923
test-51712,0.03725984681093405
test-51713,0.07300415700059695
test-51714,0.11140480162269964
test-51715,0.012300702005935756
test-51716,0.10675737037095351
test-51717,0.00671133647366576
test-51718,0.020831740273734203
test-51719,0.012877314192963051
test-5172,0.05011482065572828
test-51720,0.029249152427505424
test-51721,0.08833200653817193
test-51722,0.06613128233036399
test-51723,0.18055108658638994
test-51724,0.01614574288968113
test-51725,0.2396940667192158
test-51726,0.06439102504030479
test-51727,0.09231181120143604
test-51728,0.013754142314695426
test-51729,0.014006935272846716
test-5173,0.08317721475158911
test-51730,0.030754067658025668
test-51731,0.09473717631949759
test-51732,0.06949174156150435
test-51733,0.008418832878660841
test-51734,0.05960224250459987
test-51735,0.021111922174369736
test-51736,0.018550391693313753
test-51737,0.013839694277538866
test-51738,0.011030138218203044
test-51739,0.023754649492440695
test-5174,0.011199731903644306
test-51740,0.017865523341963875
test-51741,0.08697123645223331
test-51742,0.10388505447122423
test-51743,0.08417399944567339
test-51744,0.17206084597964727
test-51745,0.02063976602740363
test-51746,0.03132919933386217
test-51747,0.014871440858169889
test-51748,0.02334595962406698
test-51749,0.11715880839307545
test-5175,0.00930708596425079
test-51750,0.016640652389242384
test-51751,0.017657809892639383
test-51752,0.025814897286193638
test-51753,0.2106295235350382
test-51754,0.02766640724260623
test-51755,0.09894217917792562
test-51756,0.07036816024684549
test-51757,0.09903772037663199
test-51758,0.20550261594221314
test-51759,0.01753992657922208
test-5176,0.32412656905913556
test-51760,0.046009648738188004
test-51761,0.02759166708198836
test-51762,0.01786347558574724
test-51763,0.2333650455388037
test-51764,0.05352391844059874
test-51765,0.13289190599373887
test-51766,0.019478288559457407
test-51767,0.036206403707243096
test-51768,0.12822098864569467
test-51769,0.08844838556250699
test-5177,0.32889898015745767
test-51770,0.009804037420679172
test-51771,0.033373273949076576
test-51772,0.37964382709700545
test-51773,0.02391753014989002
test-51774,0.23130909559743337
test-51775,0.22205931310068508
test-51776,0.022793413152147543
test-51777,0.2729262636637851
test-51778,0.018076335002029938
test-51779,0.2522143421242312
test-5178,0.15190090056344313
test-51780,0.005155717023853558
test-51781,0.013428843715478823
test-51782,0.10366173337433204
test-51783,0.010745448128978348
test-51784,0.07896917855603469
test-51785,0.019172431002573063
test-51786,0.0669392073111586
test-51787,0.017806755938488288
test-51788,0.09527245790951398
test-51789,0.0479256296702646
test-5179,0.029898820979739373
test-51790,0.1073195271762649
test-51791,0.7405178676593835
test-51792,0.38430157697721756
test-51793,0.032553797825871755
test-51794,0.013661636577303285
test-51795,0.021158894719967205
test-51796,0.37023593848621167
test-51797,0.02712544296643584
test-51798,0.024567688009167497
test-51799,0.03545072525004494
test-518,0.1491794284710875
test-5180,0.014074683903516775
test-51800,0.3151385608720344
test-51801,0.3039690006702478
test-51802,0.010848365109189555
test-51803,0.02023507849307062
test-51804,0.026220346775560902
test-51805,0.010662908743409581
test-51806,0.058848418650354666
test-51807,0.17645226684991447
test-51808,0.021723918729828068
test-51809,0.015575241466116167
test-5181,0.0193591525646486
test-51810,0.04978762527730466
test-51811,0.033767770849542925
test-51812,0.019101288450552322
test-51813,0.06207175599029091
test-51814,0.01774717374527413
test-51815,0.26905772254220034
test-51816,0.25525976544944223
test-51817,0.013428843715478823
test-51818,0.02341876931221342
test-51819,0.2362663851077064
test-5182,0.014876426457314282
test-51820,0.08236541236715608
test-51821,0.2549756626838995
test-51822,0.11362748780022419
test-51823,0.06508929523509344
test-51824,0.04252105837468247
test-51825,0.0514273902412857
test-51826,0.027297709800526163
test-51827,0.08063675291160824
test-51828,0.009555580717888491
test-51829,0.029651254204306046
test-5183,0.201016678552432
test-51830,0.010307586707322403
test-51831,0.03478468849802773
test-51832,0.011052531641681048
test-51833,0.09967505524039096
test-51834,0.011515784692565645
test-51835,0.04200735691822258
test-51836,0.06956805667187435
test-51837,0.01626444999669467
test-51838,0.04384421402070763
test-51839,0.0669392073111586
test-5184,0.02197876006827382
test-51840,0.040749367449237336
test-51841,0.34479992126787024
test-51842,0.019875486412422195
test-51843,0.010587784558003584
test-51844,0.01266697024390011
test-51845,0.03969727506898722
test-51846,0.014478085027903476
test-51847,0.020470764389432707
test-51848,0.19683004592463937
test-51849,0.030721921596558704
test-5185,0.11462746771338529
test-51850,0.014480572420051926
test-51851,0.06851320269319748
test-51852,0.015016369450487064
test-51853,0.022835596752710973
test-51854,0.022894876039534055
test-51855,0.01816627850731096
test-51856,0.034015806013153
test-51857,0.14899054769178344
test-51858,0.13017717111438665
test-51859,0.3147502131079928
test-5186,0.07056676100913772
test-51860,0.03676918296611183
test-51861,0.32980848512740385
test-51862,0.11048457156760431
test-51863,0.21957040905140682
test-51864,0.10617050650439887
test-51865,0.08750093828393538
test-51866,0.2563273936077646
test-51867,0.1391154884362437
test-51868,0.22229541706382505
test-51869,0.3536067955045767
test-5187,0.45741210789005216
test-51870,0.25788273733967376
test-51871,0.017428241272024227
test-51872,0.055900794993641034
test-51873,0.1540496535963877
test-51874,0.011354863857049497
test-51875,0.027922087806938806
test-51876,0.011394013030520761
test-51877,0.04406411774846155
test-51878,0.021235543206030348
test-51879,0.16285965745240913
test-5188,0.01397675103601954
test-51880,0.3597758519055981
test-51881,0.1458820256255031
test-51882,0.017928879317494567
test-51883,0.018691622777037304
test-51884,0.2262887729828075
test-51885,0.013608672982919907
test-51886,0.08333127761351757
test-51887,0.08570448930076269
test-51888,0.21302628616762817
test-51889,0.010593433480344335
test-5189,0.0470541194742211
test-51890,0.051933182986957864
test-51891,0.006082761606607363
test-51892,0.2614620302551285
test-51893,0.164774814619069
test-51894,0.028002730358824265
test-51895,0.05015468531813707
test-51896,0.1674085938764382
test-51897,0.010655648468525828
test-51898,0.0707119985986715
test-51899,0.04438559906552847
test-519,0.00823173777433159
test-5190,0.06402129276234815
test-51900,0.09697256493189678
test-51901,0.22659548222321227
test-51902,0.009489305967296848
test-51903,0.23165076499908102
test-51904,0.009351547975542168
test-51905,0.13559863927358376
test-51906,0.019644516048868407
test-51907,0.09009607875102375
test-51908,0.06933945528441951
test-51909,0.03671032734341317
test-5191,0.008029326362355045
test-51910,0.0765800592246584
test-51911,0.0356690959665677
test-51912,0.060237741310639775
test-51913,0.16384883942761494
test-51914,0.05895606470612445
test-51915,0.025102032679641225
test-51916,0.25541852355787653
test-51917,0.04572348412041219
test-51918,0.2240368758708729
test-51919,0.14070092667577025
test-5192,0.11660562643137315
test-51920,0.20188862237191726
test-51921,0.013462432872465999
test-51922,0.0685763522504739
test-51923,0.03808037125593549
test-51924,0.03781117378363429
test-51925,0.019615329302995
test-51926,0.28641784713248625
test-51927,0.2837617413861416
test-51928,0.18210797517552202
test-51929,0.1325965648150266
test-5193,0.08749709958345275
test-51930,0.13341891293094651
test-51931,0.04969200125431479
test-51932,0.2551234751256043
test-51933,0.10175867682994036
test-51934,0.013272019319739987
test-51935,0.006649063186862717
test-51936,0.02868149867368339
test-51937,0.016875388043076298
test-51938,0.022709583490049246
test-51939,0.08003083037374147
test-5194,0.012279696059553558
test-51940,0.02022518808656733
test-51941,0.014633028040356256
test-51942,0.19282783468490702
test-51943,0.10568221812067911
test-51944,0.08318470054355681
test-51945,0.12819412947753134
test-51946,0.025539205775786927
test-51947,0.026424429060477466
test-51948,0.11443197690468164
test-51949,0.035128678290648786
test-5195,0.20368655124824386
test-51950,0.03007813449517552
test-51951,0.010518515789053254
test-51952,0.02059843892544864
test-51953,0.04346922700096837
test-51954,0.03355403077527231
test-51955,0.04281709974455204
test-51956,0.0692935195666986
test-51957,0.012273147994272777
test-51958,0.029600078120075996
test-51959,0.12881874938012194
test-5196,0.041083455220582474
test-51960,0.3267316099443742
test-51961,0.23958642027091268
test-51962,0.21256894752380992
test-51963,0.33512003909941135
test-51964,0.0545233519151606
test-51965,0.04744836284985823
test-51966,0.10849311745818162
test-51967,0.007096776648924458
test-51968,0.13774157405628287
test-51969,0.032831609523032795
test-5197,0.07087791765713039
test-51970,0.05638362418618819
test-51971,0.10106776922279888
test-51972,0.09787796055403811
test-51973,0.01149455396490948
test-51974,0.014884101795347817
test-51975,0.00692393014532392
test-51976,0.012971996162027198
test-51977,0.01954138720175857
test-51978,0.4193517669410638
test-51979,0.04213884408739453
test-5198,0.056590032598464866
test-51980,0.03156094149652909
test-51981,0.1251636510011609
test-51982,0.06803412447426488
test-51983,0.09787796055403811
test-51984,0.037658600636406254
test-51985,0.05318798506098278
test-51986,0.007257585174266178
test-51987,0.013506125910604488
test-51988,0.07896917855603469
test-51989,0.10093296454779267
test-5199,0.01572297160346978
test-51990,0.04278025505502977
test-51991,0.135047425929952
test-51992,0.024480497434380914
test-51993,0.13042036067959514
test-51994,0.03241774764125836
test-51995,0.012119203612595403
test-51996,0.00956685423878877
test-51997,0.03125174394975723
test-51998,0.15996287020082994
test-51999,0.08723680781233066
test-52,0.1758381606688326
test-520,0.1573130157833429
test-5200,0.04681726582802316
test-52000,0.2422284458423402
test-52001,0.06957165214591608
test-52002,0.04424783243697176
test-52003,0.05339307069340168
test-52004,0.06823163684568292
test-52005,0.06700027669642404
test-52006,0.00708148019099867
test-52007,0.05672947005706116
test-52008,0.01497030504655433
test-52009,0.014585344972034831
test-5201,0.008243540952871501
test-52010,0.04288935294060568
test-52011,0.008213115754515323
test-52012,0.0267682446116008
test-52013,0.13922566524984697
test-52014,0.028227181196959057
test-52015,0.13448017242467777
test-52016,0.1124196938451574
test-52017,0.11942276000080296
test-52018,0.15145663345832264
test-52019,0.08890115724917734
test-5202,0.026400002662023383
test-52020,0.01982600331489965
test-52021,0.010331832336821138
test-52022,0.02247690865561652
test-52023,0.13067445276260842
test-52024,0.08003083037374147
test-52025,0.1357201711401769
test-52026,0.1285727876993293
test-52027,0.010327823339822885
test-52028,0.308589022319554
test-52029,0.04955377856532797
test-5203,0.02676708281797911
test-52030,0.07896917855603469
test-52031,0.03574221623098914
test-52032,0.2631952838259723
test-52033,0.01061563429434084
test-52034,0.02339502520007404
test-52035,0.010904644894915579
test-52036,0.008149002485368602
test-52037,0.18687356281017262
test-52038,0.12496551875302396
test-52039,0.2879940536188425
test-5204,0.1440066135294089
test-52040,0.18710005249115103
test-52041,0.24044443558368192
test-52042,0.11193060231122196
test-52043,0.007610286698148661
test-52044,0.10135147787955867
test-52045,0.3242622176878931
test-52046,0.016056061891928687
test-52047,0.03791830373477914
test-52048,0.19596064678236538
test-52049,0.12026191048269366
test-5205,0.046157447255926166
test-52050,0.04252105837468247
test-52051,0.07886389856148882
test-52052,0.07896917855603469
test-52053,0.006713574127579595
test-52054,0.17850848312434872
test-52055,0.04252105837468247
test-52056,0.03517379712903277
test-52057,0.009816043634626745
test-52058,0.23184170430171133
test-52059,0.15521792501874693
test-5206,0.05262855009831404
test-52060,0.09316532225283149
test-52061,0.014111977494355847
test-52062,0.04781563896863059
test-52063,0.02000115109704114
test-52064,0.05482412790518467
test-52065,0.1627428214292756
test-52066,0.07111609496557471
test-52067,0.04287416232393364
test-52068,0.014320775958807977
test-52069,0.08815517781976229
test-5207,0.04475351461529831
test-52070,0.11451945562732196
test-52071,0.12258770956965799
test-52072,0.080139661910863
test-52073,0.011840796983055592
test-52074,0.2521074885532023
test-52075,0.03763846002177265
test-52076,0.029119677402589333
test-52077,0.0322560369895652
test-52078,0.025016173278327485
test-52079,0.0635023401834717
test-5208,0.01432488413643176
test-52080,0.17328662758732472
test-52081,0.05339307069340168
test-52082,0.0132807825451572
test-52083,0.012511559903553444
test-52084,0.09095363519959088
test-52085,0.014018915541727177
test-52086,0.34555518986353057
test-52087,0.04201587544696237
test-52088,0.18469364960843815
test-52089,0.13500741774377978
test-5209,0.02145120860870956
test-52090,0.022374388311184015
test-52091,0.012940938536698698
test-52092,0.09870796579632887
test-52093,0.014024909797443703
test-52094,0.13397644389344193
test-52095,0.00917355833135401
test-52096,0.03921186728184929
test-52097,0.011138283927464692
test-52098,0.12095039367483419
test-52099,0.00802140644818516
test-521,0.014841367559996444
test-5210,0.04252105837468247
test-52100,0.027471521470755177
test-52101,0.03332221383463573
test-52102,0.030400571877817133
test-52103,0.1539732174169972
test-52104,0.011863771802937762
test-52105,0.12799786175477762
test-52106,0.10891174903670928
test-52107,0.21695149954338147
test-52108,0.05036434181547101
test-52109,0.0326380588372344
test-5211,0.14950515673413645
test-52110,0.10732336946401917
test-52111,0.04796523361483472
test-52112,0.012109838642050189
test-52113,0.07109245142929628
test-52114,0.13488090883716988
test-52115,0.15476085079873633
test-52116,0.03501710170848993
test-52117,0.17291863574243774
test-52118,0.049952482123110535
test-52119,0.011076467347479909
test-5212,0.012232371269750452
test-52120,0.015462029023294618
test-52121,0.00951397352036494
test-52122,0.03701968134085166
test-52123,0.06108085344638038
test-52124,0.009294704694530514
test-52125,0.040352032403353714
test-52126,0.022793413152147543
test-52127,0.029337419610654975
test-52128,0.010305196812575669
test-52129,0.18575259023854127
test-5213,0.10302116701472411
test-52130,0.010134363651268087
test-52131,0.08153168488552605
test-52132,0.09941342463588979
test-52133,0.03032481518888643
test-52134,0.09533085287875925
test-52135,0.16802365296478705
test-52136,0.009203446510444902
test-52137,0.06229890767860763
test-52138,0.08196973207204497
test-52139,0.012476561050057974
test-5214,0.009803746832026363
test-52140,0.35486093625600845
test-52141,0.31939396202793396
test-52142,0.18203995435849984
test-52143,0.008107334562439113
test-52144,0.07616330195390855
test-52145,0.0177387399937796
test-52146,0.029778034879541795
test-52147,0.15065458948889554
test-52148,0.030186630542159483
test-52149,0.09571647054315824
test-5215,0.035659182464153116
test-52150,0.2686105865994178
test-52151,0.025556438980724832
test-52152,0.13844485831116107
test-52153,0.014937947772485105
test-52154,0.03732395223251579
test-52155,0.04578382324862378
test-52156,0.05015468531813707
test-52157,0.11779892971923488
test-52158,0.013631076096040038
test-52159,0.05015468531813707
test-5216,0.011839892527728166
test-52160,0.01289278558670387
test-52161,0.0178886086383052
test-52162,0.048637482918226525
test-52163,0.04252105837468247
test-52164,0.019519370992623474
test-52165,0.15139145615818586
test-52166,0.03258303940077757
test-52167,0.12621933585906506
test-52168,0.014376491846732543
test-52169,0.2825641128556581
test-5217,0.023650824042025106
test-52170,0.061774410584303135
test-52171,0.07896917855603469
test-52172,0.02498093125362282
test-52173,0.0493931147911267
test-52174,0.2700563950134175
test-52175,0.03074419311306853
test-52176,0.031053746734416698
test-52177,0.23704093944067586
test-52178,0.24869630636498638
test-52179,0.1001512105435539
test-5218,0.015622229014240567
test-52180,0.013628057561595684
test-52181,0.01289329751633038
test-52182,0.15943519376061704
test-52183,0.01563368312666278
test-52184,0.014084059042593565
test-52185,0.1629971079216538
test-52186,0.1504295104760712
test-52187,0.22013593353919728
test-52188,0.023944566139540525
test-52189,0.06381525982415932
test-5219,0.06236348185149944
test-52190,0.029096437075683483
test-52191,0.018507149234957353
test-52192,0.024982883427871486
test-52193,0.04047236875779708
test-52194,0.4130406270039422
test-52195,0.09787796055403811
test-52196,0.23690140605001328
test-52197,0.07984600052248031
test-52198,0.3571660202059418
test-52199,0.3342384498981053
test-522,0.17645226684991447
test-5220,0.008416308877064734
test-52200,0.012660146748509838
test-52201,0.03007489516689247
test-52202,0.3336259411820427
test-52203,0.31982301334284297
test-52204,0.26414419486277835
test-52205,0.021357202247526633
test-52206,0.01587436333214005
test-52207,0.0707119985986715
test-52208,0.030116580183461784
test-52209,0.11896203044492523
test-5221,0.03670812973319131
test-52210,0.0687732139720173
test-52211,0.00942666301658404
test-52212,0.13017257065856808
test-52213,0.25608137029679146
test-52214,0.025713881950053936
test-52215,0.08287687233596294
test-52216,0.08554451869432589
test-52217,0.19955545937433553
test-52218,0.03164533086848408
test-52219,0.14259981098688795
test-5222,0.008713580031570845
test-52220,0.04645617576553938
test-52221,0.05139149205856189
test-52222,0.04388699047497858
test-52223,0.1620635965021289
test-52224,0.3020462354379717
test-52225,0.025428104155807894
test-52226,0.043242870864900036
test-52227,0.21663005549954117
test-52228,0.01743640545925473
test-52229,0.19951862626585293
test-5223,0.21227636346130907
test-52230,0.07958009128105223
test-52231,0.00899916137985698
test-52232,0.010847817595650015
test-52233,0.03591510859846558
test-52234,0.007752644537314956
test-52235,0.14553694076409418
test-52236,0.009583476597852794
test-52237,0.025796983175980132
test-52238,0.0782442918977209
test-52239,0.025650750355376735
test-5224,0.06481025475044697
test-52240,0.011081295393312852
test-52241,0.060125398861113066
test-52242,0.033278830555260715
test-52243,0.01950384330040506
test-52244,0.008390163953988783
test-52245,0.011151555698646204
test-52246,0.04650175602815611
test-52247,0.020944623666427728
test-52248,0.15063257804272037
test-52249,0.05020050663719134
test-5225,0.0292122136461916
test-52250,0.17645226684991447
test-52251,0.03167663658381392
test-52252,0.13222931995606968
test-52253,0.021529645134658697
test-52254,0.13584648180255504
test-52255,0.060548396444940214
test-52256,0.261915607791521
test-52257,0.17081670631152476
test-52258,0.09356686823840103
test-52259,0.020184049019556536
test-5226,0.08988965074064427
test-52260,0.027016991149044718
test-52261,0.022605560006614636
test-52262,0.035998290684934826
test-52263,0.03355403077527231
test-52264,0.02641218224168524
test-52265,0.2923893466962229
test-52266,0.2570480945161286
test-52267,0.2072886096800603
test-52268,0.13571004011983476
test-52269,0.028491495494941246
test-5227,0.13739679241805045
test-52270,0.15720507339032552
test-52271,0.03993915081545599
test-52272,0.15207666263163636
test-52273,0.012272782197228004
test-52274,0.23062073717903184
test-52275,0.08353096840091612
test-52276,0.05225991939069737
test-52277,0.03957797408190487
test-52278,0.04586280784713908
test-52279,0.01574550929488646
test-5228,0.16695447271917302
test-52280,0.39267367260793395
test-52281,0.058597775906359194
test-52282,0.054067573012143495
test-52283,0.08859236866885901
test-52284,0.013791988334343733
test-52285,0.025151721752076004
test-52286,0.24944076715927774
test-52287,0.006876720858333979
test-52288,0.1753916186216117
test-52289,0.01861771186689834
test-5229,0.04392249115483065
test-52290,0.011030138218203044
test-52291,0.24056619489427739
test-52292,0.14161180486789338
test-52293,0.201297743099903
test-52294,0.021385140231488433
test-52295,0.22178508659605975
test-52296,0.011384237840320445
test-52297,0.2341365412732767
test-52298,0.018206285219458385
test-52299,0.007902440624871663
test-523,0.028924318356832655
test-5230,0.0669392073111586
test-52300,0.04581509776137013
test-52301,0.01663182289740692
test-52302,0.023846179050477673
test-52303,0.04392753737707184
test-52304,0.12819412947753134
test-52305,0.24038040825725593
test-52306,0.020072316130655143
test-52307,0.08003083037374147
test-52308,0.04424420275563256
test-52309,0.06987644593675267
test-5231,0.01917889249254358
test-52310,0.10695157416599646
test-52311,0.01314740517769899
test-52312,0.020843854109014966
test-52313,0.015435356659239997
test-52314,0.014129858676247895
test-52315,0.03585312987616573
test-52316,0.013817299812555816
test-52317,0.03118419818944111
test-52318,0.035797040362130106
test-52319,0.014915079169494852
test-5232,0.01635276494779779
test-52320,0.029187076930531554
test-52321,0.12395332633069236
test-52322,0.0443513945333651
test-52323,0.13572224777620265
test-52324,0.012319928187023627
test-52325,0.08962782951307559
test-52326,0.07692070954362838
test-52327,0.17009322340294528
test-52328,0.14811326198206934
test-52329,0.31639113532117935
test-5233,0.1059535626556491
test-52330,0.04651056421076547
test-52331,0.013581533582212216
test-52332,0.20611309462783592
test-52333,0.19624962035757362
test-52334,0.01517585107708042
test-52335,0.016970934653899584
test-52336,0.1543693773528168
test-52337,0.12663596937894922
test-52338,0.19486027267592598
test-52339,0.13771881640544748
test-5234,0.12951355568067852
test-52340,0.304041024927322
test-52341,0.3394139247538089
test-52342,0.02510496719577298
test-52343,0.13373432969876264
test-52344,0.16053749575511453
test-52345,0.019837740351841396
test-52346,0.10089844011295822
test-52347,0.39414714783276233
test-52348,0.0179922235944473
test-52349,0.03891417706843247
test-5235,0.06635356831245615
test-52350,0.012175952621468509
test-52351,0.049652757516710645
test-52352,0.19521122254308768
test-52353,0.16695447271917302
test-52354,0.038348009048451495
test-52355,0.3029538077579945
test-52356,0.00925803662767432
test-52357,0.3428061204962526
test-52358,0.017191266374755407
test-52359,0.0895814877619895
test-5236,0.06080231886808337
test-52360,0.015014387707384893
test-52361,0.010526356323857929
test-52362,0.0338900256771078
test-52363,0.11708085939064282
test-52364,0.24188562301899147
test-52365,0.11909826780115747
test-52366,0.007867762813265957
test-52367,0.02060061432796849
test-52368,0.04475351461529831
test-52369,0.02916019034903051
test-5237,0.015278329762208082
test-52370,0.12874097239593613
test-52371,0.014560234270419355
test-52372,0.12756464018589395
test-52373,0.04723787574076479
test-52374,0.12045314423973086
test-52375,0.2666662168872275
test-52376,0.017855459967917466
test-52377,0.016921670426794426
test-52378,0.10849311745818162
test-52379,0.022487560856370367
test-5238,0.013309958003088897
test-52380,0.07154554671561687
test-52381,0.02835810043833381
test-52382,0.02429457668323391
test-52383,0.27170913282926873
test-52384,0.12663596937894922
test-52385,0.06729137887120124
test-52386,0.017361795131782667
test-52387,0.0143632518024536
test-52388,0.1733911124962963
test-52389,0.022785302749920355
test-5239,0.1313395705021038
test-52390,0.055857724454049976
test-52391,0.01318525252362913
test-52392,0.027470278374778674
test-52393,0.02406175228903852
test-52394,0.05990117292181625
test-52395,0.052297371523300364
test-52396,0.015491663242639678
test-52397,0.1093379819930187
test-52398,0.10479267012239979
test-52399,0.13781444947790267
test-524,0.009011467027819506
test-5240,0.08994075567827478
test-52400,0.041994584683696344
test-52401,0.04164813916815724
test-52402,0.10135147787955867
test-52403,0.030055251250583056
test-52404,0.2300949886988854
test-52405,0.05720849110588153
test-52406,0.09600572851946668
test-52407,0.022646214134741438
test-52408,0.04315587774234556
test-52409,0.03837502285531264
test-5241,0.09985649801372733
test-52410,0.1367455810775284
test-52411,0.0765176442062777
test-52412,0.04315587774234556
test-52413,0.13844485831116107
test-52414,0.026084949845966945
test-52415,0.09563064033328843
test-52416,0.03847711022400309
test-52417,0.02146751582213493
test-52418,0.03636065213994621
test-52419,0.2762814501491187
test-5242,0.03136048208711405
test-52420,0.12369514547988265
test-52421,0.015561913277032895
test-52422,0.03957797408190487
test-52423,0.028403934417728607
test-52424,0.197286025661373
test-52425,0.02073150699163673
test-52426,0.1476951666204497
test-52427,0.015502925380961045
test-52428,0.15968561297136624
test-52429,0.09558593397166743
test-5243,0.02816272662468371
test-52430,0.04175166588066081
test-52431,0.10269479010736084
test-52432,0.02577076808749264
test-52433,0.009989042179174698
test-52434,0.037275969094362545
test-52435,0.02712610431248483
test-52436,0.01162002255737999
test-52437,0.0669392073111586
test-52438,0.022107032481351752
test-52439,0.1666025006369793
test-5244,0.08659378264369813
test-52440,0.0217706291273541
test-52441,0.011068253337298715
test-52442,0.18136921844750822
test-52443,0.1409439287059235
test-52444,0.11421732566084111
test-52445,0.009090081933650396
test-52446,0.06803412447426488
test-52447,0.06505995011363537
test-52448,0.014733568871867601
test-52449,0.021332132091203274
test-5245,0.02200192611131224
test-52450,0.04361996018820437
test-52451,0.01605638725158736
test-52452,0.31380257983712506
test-52453,0.06250518677979938
test-52454,0.042025212080933995
test-52455,0.18206412532345748
test-52456,0.012585034317291221
test-52457,0.01330012918932975
test-52458,0.02257518641969491
test-52459,0.06569547946595618
test-5246,0.39724328921854396
test-52460,0.11223613043163502
test-52461,0.009937227849881916
test-52462,0.049438824608734666
test-52463,0.3440498038803045
test-52464,0.059074442294192106
test-52465,0.0853103464573093
test-52466,0.017450694756310288
test-52467,0.010933222402679767
test-52468,0.013853595297809763
test-52469,0.03902474160786257
test-5247,0.013528380934630766
test-52470,0.009175496152736587
test-52471,0.03250906867091914
test-52472,0.007710678492022003
test-52473,0.02105038857307655
test-52474,0.024546866258489064
test-52475,0.017668097819681098
test-52476,0.3464574045764619
test-52477,0.049933294853078916
test-52478,0.09362524377549346
test-52479,0.01023392993707666
test-5248,0.13320764649120503
test-52480,0.021487064915886877
test-52481,0.015058196778963922
test-52482,0.12964498078580372
test-52483,0.02378662259883297
test-52484,0.011884478351503797
test-52485,0.014115294666361874
test-52486,0.07169625497547318
test-52487,0.04625494517652782
test-52488,0.2602702677664579
test-52489,0.02803049928515206
test-5249,0.03137440296241933
test-52490,0.22309388645124512
test-52491,0.028320734494005236
test-52492,0.1174236379194529
test-52493,0.019407907192682514
test-52494,0.03161652485417671
test-52495,0.26025914847411946
test-52496,0.02374711262760543
test-52497,0.17553236159448732
test-52498,0.09715364465237121
test-52499,0.010255478884878192
test-525,0.22799107548137124
test-5250,0.029582850167351685
test-52500,0.07096446565888062
test-52501,0.11217361953053438
test-52502,0.02885465334713333
test-52503,0.020120822053608697
test-52504,0.028240242990368425
test-52505,0.04058164976012682
test-52506,0.023706986999508017
test-52507,0.00671133647366576
test-52508,0.13775918575813118
test-52509,0.2525746400936263
test-5251,0.17645226684991447
test-52510,0.08837709301497665
test-52511,0.02742627589627631
test-52512,0.30902669917001296
test-52513,0.021529864652283345
test-52514,0.04282466989914906
test-52515,0.009261133852472061
test-52516,0.25054528230353773
test-52517,0.05876269393551212
test-52518,0.04531895004372469
test-52519,0.1230529590091948
test-5252,0.17299894489032344
test-52520,0.07300415700059695
test-52521,0.06149999603070341
test-52522,0.01297111571133948
test-52523,0.06614217726514239
test-52524,0.01716519580048304
test-52525,0.04475351461529831
test-52526,0.1517026421113574
test-52527,0.02221427953172114
test-52528,0.05080244854674807
test-52529,0.01765455358622233
test-5253,0.07781457099818978
test-52530,0.1398735821757816
test-52531,0.01954841911389787
test-52532,0.03384513728407199
test-52533,0.28044219240412305
test-52534,0.17489038039842617
test-52535,0.11959529319651954
test-52536,0.11406573607985475
test-52537,0.13473111397650483
test-52538,0.08003083037374147
test-52539,0.013105046027466991
test-5254,0.08049301952342162
test-52540,0.03072804067556886
test-52541,0.04978762527730466
test-52542,0.0843837892850207
test-52543,0.06930297220546977
test-52544,0.05022537245109784
test-52545,0.05165582441215035
test-52546,0.009286316772008666
test-52547,0.11243379703784023
test-52548,0.020671747324108397
test-52549,0.07442309842255336
test-5255,0.0104064445754547
test-52550,0.019940880031714764
test-52551,0.14341590628354015
test-52552,0.16047997437422945
test-52553,0.008100414124048239
test-52554,0.257713929363537
test-52555,0.04301208359899352
test-52556,0.01399364028567573
test-52557,0.17645226684991447
test-52558,0.09787796055403811
test-52559,0.016740870732518703
test-5256,0.01618627635693931
test-52560,0.15610479336029173
test-52561,0.024973833777818692
test-52562,0.061577899304617906
test-52563,0.05652636713934997
test-52564,0.016389325571564393
test-52565,0.03675783959334715
test-52566,0.021565930709343917
test-52567,0.19606919385297963
test-52568,0.015939864953734735
test-52569,0.17820205542073778
test-5257,0.32076879650771395
test-52570,0.03968213342727013
test-52571,0.021887043358813148
test-52572,0.032465020705907406
test-52573,0.0757412267923229
test-52574,0.06954537486496248
test-52575,0.11996752332711098
test-52576,0.271223767185226
test-52577,0.017197722736985867
test-52578,0.0669392073111586
test-52579,0.11134465300126702
test-5258,0.02223493073727361
test-52580,0.1178111027006863
test-52581,0.0160090230949752
test-52582,0.08984281908121473
test-52583,0.39031121632610777
test-52584,0.018576891542388795
test-52585,0.3246685112170929
test-52586,0.22154913343422555
test-52587,0.04973803027372902
test-52588,0.11378069649606996
test-52589,0.015332351262243802
test-5259,0.015954686232183223
test-52590,0.05339307069340168
test-52591,0.2825641128556581
test-52592,0.07138295061014349
test-52593,0.02868416495217636
test-52594,0.32412656905913556
test-52595,0.010133033147990278
test-52596,0.1297466552715403
test-52597,0.021091264299687246
test-52598,0.00922602012684943
test-52599,0.4125685489542368
test-526,0.14632724156556462
test-5260,0.10626444524061134
test-52600,0.226504450721427
test-52601,0.1791596739789922
test-52602,0.08318470054355681
test-52603,0.13612876198788132
test-52604,0.11459308705715057
test-52605,0.07710239126747116
test-52606,0.2922263087469578
test-52607,0.03603062294911097
test-52608,0.08267531948388716
test-52609,0.04145562523301366
test-5261,0.010350724892214582
test-52610,0.04475351461529831
test-52611,0.18712121838869156
test-52612,0.009639981836712564
test-52613,0.0434038710015114
test-52614,0.07219725213076301
test-52615,0.1307139956503992
test-52616,0.08003083037374147
test-52617,0.06657874655270975
test-52618,0.03556498396165306
test-52619,0.06837664237866382
test-5262,0.13822908176125848
test-52620,0.3513481427941816
test-52621,0.028893147273982605
test-52622,0.022218250604057924
test-52623,0.017544264273332777
test-52624,0.0226930801225268
test-52625,0.01613631306018311
test-52626,0.29842139173938925
test-52627,0.007370982967702904
test-52628,0.11643673887029898
test-52629,0.01982803540759583
test-5263,0.1579372054043708
test-52630,0.15683410776034584
test-52631,0.06708120081418018
test-52632,0.03578773073439816
test-52633,0.39476961412711326
test-52634,0.09194310697337356
test-52635,0.02771477486542557
test-52636,0.02576253633520363
test-52637,0.02065314625643814
test-52638,0.050634925512219243
test-52639,0.022778596731037878
test-5264,0.10570248879167461
test-52640,0.04944029121312189
test-52641,0.04201587544696237
test-52642,0.009083920412082835
test-52643,0.20575514158366567
test-52644,0.022534510401397017
test-52645,0.006228260950332505
test-52646,0.029535355378357955
test-52647,0.23479585652355683
test-52648,0.03299172389547375
test-52649,0.07244075011636736
test-5265,0.09435854111353265
test-52650,0.0168168681788295
test-52651,0.12335681942538197
test-52652,0.2369160873325709
test-52653,0.04500965029877281
test-52654,0.04419651053175281
test-52655,0.026387092348929372
test-52656,0.08890115724917734
test-52657,0.03027345873411927
test-52658,0.022200229781094625
test-52659,0.009395635629308287
test-5266,0.03940209440772714
test-52660,0.0853103464573093
test-52661,0.05959235513548363
test-52662,0.14477738904936552
test-52663,0.021257161247868823
test-52664,0.008340924674142774
test-52665,0.015372451396224845
test-52666,0.2128576800108493
test-52667,0.1919022231346055
test-52668,0.012860937447136584
test-52669,0.026931860098021045
test-5267,0.016246092496033558
test-52670,0.019716708348280317
test-52671,0.11140480162269964
test-52672,0.0575829047978398
test-52673,0.08046310382999218
test-52674,0.12512442239357935
test-52675,0.0669392073111586
test-52676,0.030290894289766716
test-52677,0.034073326826347915
test-52678,0.030955495151182517
test-52679,0.012764980680664697
test-5268,0.09493596005128525
test-52680,0.008144060229619604
test-52681,0.1982088491858374
test-52682,0.05273939999786985
test-52683,0.040749367449237336
test-52684,0.017753723430646375
test-52685,0.01066251364764319
test-52686,0.011302941825670012
test-52687,0.053592225869997914
test-52688,0.06679135708747903
test-52689,0.04973803027372902
test-5269,0.03787258250857874
test-52690,0.03287139593680755
test-52691,0.07571582496148119
test-52692,0.006999946037160632
test-52693,0.02130606840502246
test-52694,0.020478467291120652
test-52695,0.023166836780113928
test-52696,0.19893398312955107
test-52697,0.119615404532873
test-52698,0.03212698850286049
test-52699,0.17593930336867825
test-527,0.012333906396754264
test-5270,0.0669392073111586
test-52700,0.07916285269448434
test-52701,0.013233828672775094
test-52702,0.06750456450467154
test-52703,0.017217626951342706
test-52704,0.03066551109823678
test-52705,0.08855129238180084
test-52706,0.012780215866168286
test-52707,0.030904586548899843
test-52708,0.02135348772896802
test-52709,0.26846322395378397
test-5271,0.1907130357687982
test-52710,0.05339307069340168
test-52711,0.05545923470447503
test-52712,0.018230781069629592
test-52713,0.042284755938308036
test-52714,0.15838087899560113
test-52715,0.0846182167635542
test-52716,0.1140873148537606
test-52717,0.08363015163323588
test-52718,0.007103459395646547
test-52719,0.0954601635754695
test-5272,0.10800064614201686
test-52720,0.19170509656317772
test-52721,0.008028879219314734
test-52722,0.09370327580766942
test-52723,0.2651115284413491
test-52724,0.009397093497874971
test-52725,0.013041265585865986
test-52726,0.3376305719756752
test-52727,0.1313395705021038
test-52728,0.1121463017054305
test-52729,0.009772940216851206
test-5273,0.19776012319973424
test-52730,0.07587264123263573
test-52731,0.009068274728465798
test-52732,0.30060935080578144
test-52733,0.015579169211249215
test-52734,0.03291794936520425
test-52735,0.012922101653659491
test-52736,0.17919247615532538
test-52737,0.15640304100818903
test-52738,0.1751680045038476
test-52739,0.03403254564709647
test-5274,0.08001517493705765
test-52740,0.0895814877619895
test-52741,0.029222393962908582
test-52742,0.008742479093194588
test-52743,0.31505795349124077
test-52744,0.02834014944271322
test-52745,0.20631312930073223
test-52746,0.011827944663941041
test-52747,0.18497255375478105
test-52748,0.28097426868046677
test-52749,0.23453082472099898
test-5275,0.014390477085816452
test-52750,0.11620376548595909
test-52751,0.09673533330374554
test-52752,0.24494107941470064
test-52753,0.12614711902775436
test-52754,0.1499699032641895
test-52755,0.17234991295123855
test-52756,0.08676426786931425
test-52757,0.012415791216742432
test-52758,0.03568117679251168
test-52759,0.009644095471519582
test-5276,0.05147765336489913
test-52760,0.008933566319003262
test-52761,0.3203868204994877
test-52762,0.02328076196367582
test-52763,0.02951964987694647
test-52764,0.01658829528924223
test-52765,0.07896917855603469
test-52766,0.016453372668573954
test-52767,0.020192620459502774
test-52768,0.1944346418129891
test-52769,0.036355911035013594
test-5277,0.09787796055403811
test-52770,0.024637955026289092
test-52771,0.007731607932618931
test-52772,0.014592620466995804
test-52773,0.04900264229429936
test-52774,0.1787369564991347
test-52775,0.03950915470502685
test-52776,0.0669392073111586
test-52777,0.08455210142664883
test-52778,0.016716055129908494
test-52779,0.011210742120794558
test-5278,0.017236279788482793
test-52780,0.07412459944527715
test-52781,0.028903991821447036
test-52782,0.029042786424583855
test-52783,0.09556018021000022
test-52784,0.10121567656593662
test-52785,0.024137047146720415
test-52786,0.010143257771975183
test-52787,0.029876444101389843
test-52788,0.18757954882578134
test-52789,0.024408349550363355
test-5279,0.01365801297158869
test-52790,0.0315414840882949
test-52791,0.008428404731164001
test-52792,0.17199891303610249
test-52793,0.020126331917915213
test-52794,0.08944063824298466
test-52795,0.06465032573880714
test-52796,0.05217927097035614
test-52797,0.012185934938322488
test-52798,0.07815121077978981
test-52799,0.03958471858137933
test-528,0.00835848348338829
test-5280,0.06132002264550591
test-52800,0.022683266160830988
test-52801,0.02565044096578892
test-52802,0.037915381279148785
test-52803,0.058159632816289095
test-52804,0.13586346460836077
test-52805,0.03291794936520425
test-52806,0.29827120591249473
test-52807,0.027771944809932624
test-52808,0.02143546801446825
test-52809,0.053069238195108566
test-5281,0.19163495071917877
test-52810,0.3094537149340725
test-52811,0.2032881262300473
test-52812,0.0876666652094987
test-52813,0.16355288606695031
test-52814,0.027958472765452113
test-52815,0.019991383422369995
test-52816,0.32532732478124715
test-52817,0.16768214534513334
test-52818,0.017160454515026128
test-52819,0.04400282400372925
test-5282,0.044988955330747475
test-52820,0.1198596243693416
test-52821,0.04201587544696237
test-52822,0.017113961449865746
test-52823,0.3210092779847104
test-52824,0.009704523126472839
test-52825,0.16212705836167154
test-52826,0.02958890991965318
test-52827,0.16948764875643343
test-52828,0.020775448545533284
test-52829,0.03060844828429084
test-5283,0.13616300969628
test-52830,0.007767843001995947
test-52831,0.020225279408882583
test-52832,0.03383345344725486
test-52833,0.023464452467317144
test-52834,0.019550877401299748
test-52835,0.048205176317258736
test-52836,0.07568416960764243
test-52837,0.04705926855273334
test-52838,0.11412015650690727
test-52839,0.02736718043967684
test-5284,0.022104335791342782
test-52840,0.027323595755061426
test-52841,0.011658309130218874
test-52842,0.03835357973113183
test-52843,0.028113559203448876
test-52844,0.03811889376383054
test-52845,0.2408892891304797
test-52846,0.021429125364641415
test-52847,0.19812879263042657
test-52848,0.09349799574819624
test-52849,0.309999240658932
test-5285,0.012067742590385537
test-52850,0.07851896097445257
test-52851,0.023314017814971513
test-52852,0.12031675488628904
test-52853,0.2313140512472129
test-52854,0.04046134524094266
test-52855,0.013608381595075715
test-52856,0.07386066942825245
test-52857,0.1496177991064506
test-52858,0.06359790231886958
test-52859,0.01037445719861509
test-5286,0.08962782951307559
test-52860,0.19528584909116253
test-52861,0.009557470747699076
test-52862,0.20690644758501067
test-52863,0.26308816307040866
test-52864,0.02189075940225738
test-52865,0.08791948390378303
test-52866,0.0543308449657693
test-52867,0.0563755390140389
test-52868,0.07316565284483825
test-52869,0.07321148603617267
test-5287,0.2118033665255728
test-52870,0.050399252722206696
test-52871,0.018434028458586042
test-52872,0.015815302249809246
test-52873,0.017576507669825457
test-52874,0.05287200977825544
test-52875,0.04020228098881584
test-52876,0.054518773270869125
test-52877,0.3264832667286317
test-52878,0.020525657366751722
test-52879,0.0443513945333651
test-5288,0.013544100072008396
test-52880,0.009693764926581017
test-52881,0.027524718672599466
test-52882,0.10263254786046414
test-52883,0.14872231628516952
test-52884,0.03592846913595172
test-52885,0.022561766505374527
test-52886,0.015853749646917773
test-52887,0.18951631437423627
test-52888,0.11952120352854928
test-52889,0.007962848337490452
test-5289,0.033767770849542925
test-52890,0.09981723167075476
test-52891,0.13596500849149146
test-52892,0.21150590583676657
test-52893,0.030335608896396832
test-52894,0.0384335481008759
test-52895,0.014486112810217876
test-52896,0.01255676831104394
test-52897,0.035481923969875796
test-52898,0.027699725625371877
test-52899,0.009429619365750956
test-529,0.07067333656855466
test-5290,0.02117033233592312
test-52900,0.024624398858207688
test-52901,0.16597536657017475
test-52902,0.08003083037374147
test-52903,0.09673533330374554
test-52904,0.27165655852214954
test-52905,0.29786625187876836
test-52906,0.011635607838672953
test-52907,0.015581426551655678
test-52908,0.024328998905272625
test-52909,0.07516286230527178
test-5291,0.16774976676190867
test-52910,0.10210228502975796
test-52911,0.012185293199593406
test-52912,0.3203868204994877
test-52913,0.024183939642200874
test-52914,0.012482542822953862
test-52915,0.010858940184191463
test-52916,0.01010580656557111
test-52917,0.08832425095499596
test-52918,0.03511161884169612
test-52919,0.008044807531765084
test-5292,0.02601306373750347
test-52920,0.2572483215584758
test-52921,0.013131820067274274
test-52922,0.011488026594278045
test-52923,0.01531999083271082
test-52924,0.17645226684991447
test-52925,0.009688976373444628
test-52926,0.026800803326339395
test-52927,0.06137919618289566
test-52928,0.056998662964695974
test-52929,0.024164944468183888
test-5293,0.10168214692519242
test-52930,0.14282447599002426
test-52931,0.27105771178575183
test-52932,0.13217352259090312
test-52933,0.0174016335534161
test-52934,0.009453030686325971
test-52935,0.06017494627589176
test-52936,0.06638162463171926
test-52937,0.033182262927543595
test-52938,0.1813122299777698
test-52939,0.07340357062567475
test-5294,0.009835718885900025
test-52940,0.02412121976338752
test-52941,0.013589089189336127
test-52942,0.05113605465846952
test-52943,0.2522682757654695
test-52944,0.09588293396983594
test-52945,0.009588973810981732
test-52946,0.022270009279667668
test-52947,0.006409211495665564
test-52948,0.051269505279712704
test-52949,0.014854986780995286
test-5295,0.04786196738862531
test-52950,0.07261754955373194
test-52951,0.021577746592835352
test-52952,0.16503503580434714
test-52953,0.04475351461529831
test-52954,0.03375822507488875
test-52955,0.017448102499943725
test-52956,0.03876437346058781
test-52957,0.10773238579972282
test-52958,0.039579147011189184
test-52959,0.00729863796553172
test-5296,0.13429234735193699
test-52960,0.28309756851400286
test-52961,0.13366792603361327
test-52962,0.1807654764557868
test-52963,0.00989005981272896
test-52964,0.33094148822805997
test-52965,0.06007031728018209
test-52966,0.056001118915834584
test-52967,0.11056254669556512
test-52968,0.03417403165336046
test-52969,0.10095478406573405
test-5297,0.06526128438635775
test-52970,0.009672371112367694
test-52971,0.12036474317155871
test-52972,0.02306669772812342
test-52973,0.07896917855603469
test-52974,0.022648104889841404
test-52975,0.030442298477872352
test-52976,0.2617480780356112
test-52977,0.018603033226438352
test-52978,0.2789807474016796
test-52979,0.012811866540389115
test-5298,0.04224920510887632
test-52980,0.1964260995941703
test-52981,0.028009550152101433
test-52982,0.22936084945509647
test-52983,0.09394227039527099
test-52984,0.13148985556856554
test-52985,0.14249753086975311
test-52986,0.023413927673309357
test-52987,0.06259100480523434
test-52988,0.014306002372027522
test-52989,0.09231870597344345
test-5299,0.025456905759589546
test-52990,0.02873716589912709
test-52991,0.012962765446716897
test-52992,0.02839877772297055
test-52993,0.022194301637479482
test-52994,0.06819535882119954
test-52995,0.03605421018361057
test-52996,0.009253675281599313
test-52997,0.2995771685627154
test-52998,0.06568697118499783
test-52999,0.03459495200124786
test-53,0.14569013447988238
test-530,0.015809431895763705
test-5300,0.29866395623175357
test-53000,0.01832501709093647
test-53001,0.055965296203477954
test-53002,0.11741083290690389
test-53003,0.014425700151789652
test-53004,0.09559306582982678
test-53005,0.22434349155592856
test-53006,0.010562201744122961
test-53007,0.007904260191274257
test-53008,0.2540684833303761
test-53009,0.040538147814358924
test-5301,0.015847844188559067
test-53010,0.030282596372868138
test-53011,0.0470541194742211
test-53012,0.016250437070915696
test-53013,0.16364303120081933
test-53014,0.016614201038839118
test-53015,0.21571124497629607
test-53016,0.020370476198201676
test-53017,0.11630645322254249
test-53018,0.11877290255321113
test-53019,0.08081047777503703
test-5302,0.2921408309036412
test-53020,0.012046639447156842
test-53021,0.08837461918825944
test-53022,0.2929843906897414
test-53023,0.09673533330374554
test-53024,0.09268724936441676
test-53025,0.019831072154538606
test-53026,0.04252105837468247
test-53027,0.2846462222746707
test-53028,0.16212705836167154
test-53029,0.08592492076286519
test-5303,0.2102189051840791
test-53030,0.019407009916485
test-53031,0.11996633493351387
test-53032,0.12033608949617267
test-53033,0.0687732139720173
test-53034,0.056399782717407705
test-53035,0.015913887535180415
test-53036,0.08322177597430472
test-53037,0.26523180223569987
test-53038,0.015184128199016758
test-53039,0.12621933585906506
test-5304,0.08651627012986852
test-53040,0.0353950853529808
test-53041,0.02751566923184178
test-53042,0.08469224661050215
test-53043,0.050577018825987405
test-53044,0.19866754438274062
test-53045,0.06491731454114384
test-53046,0.1757708680751715
test-53047,0.008021294589268228
test-53048,0.03462829350062481
test-53049,0.19101264789918437
test-5305,0.016122239169013754
test-53050,0.02364563970694299
test-53051,0.0669392073111586
test-53052,0.2351194493472985
test-53053,0.08062846790473135
test-53054,0.08092444722841491
test-53055,0.07750010262577932
test-53056,0.028716215607479778
test-53057,0.06770216811408226
test-53058,0.1284155759881441
test-53059,0.012667002529617125
test-5306,0.03247139564460169
test-53060,0.10674412918379005
test-53061,0.34298480767963246
test-53062,0.01794485666948713
test-53063,0.07902882693471724
test-53064,0.2708818665047007
test-53065,0.06297482722554248
test-53066,0.015365834274220792
test-53067,0.10415534892313001
test-53068,0.19645023472511391
test-53069,0.032994918396865684
test-5307,0.04392249115483065
test-53070,0.04604980589396237
test-53071,0.00727781198254257
test-53072,0.07420175824613516
test-53073,0.12617911792867303
test-53074,0.06809031593298163
test-53075,0.16317251325094723
test-53076,0.15058424757889594
test-53077,0.10098069506471297
test-53078,0.0368289560389672
test-53079,0.21712866563023842
test-5308,0.1368321145500669
test-53080,0.10269512806972715
test-53081,0.03663582812063816
test-53082,0.03369361915163006
test-53083,0.09750421359399548
test-53084,0.11468893238149488
test-53085,0.1604213639663754
test-53086,0.1987628618041241
test-53087,0.012872714516886716
test-53088,0.029844744417356364
test-53089,0.05439176616167522
test-5309,0.03477665463639605
test-53090,0.008871870523588031
test-53091,0.16948764875643343
test-53092,0.011364892637014111
test-53093,0.022632774163086084
test-53094,0.04973803027372902
test-53095,0.08287684329357947
test-53096,0.02326887139531817
test-53097,0.17344675978202378
test-53098,0.01735818675208142
test-53099,0.09396250789147063
test-531,0.009226893450708451
test-5310,0.04252105837468247
test-53100,0.023609233121452064
test-53101,0.1440741826608254
test-53102,0.03853837163868325
test-53103,0.03192160190757187
test-53104,0.016625062472851622
test-53105,0.02517405876467215
test-53106,0.329095705975364
test-53107,0.037179949993316856
test-53108,0.28599289480176276
test-53109,0.09787606293469814
test-5311,0.15241076360259692
test-53110,0.0304306498539329
test-53111,0.04076799682937657
test-53112,0.15945891327965947
test-53113,0.025396452658966687
test-53114,0.14468791216194515
test-53115,0.011593380753608554
test-53116,0.1656175557358369
test-53117,0.15392854635269293
test-53118,0.034462792400414846
test-53119,0.022278595693623077
test-5312,0.022554142063981337
test-53120,0.34149660841848334
test-53121,0.12504710997838903
test-53122,0.019416171416955338
test-53123,0.1533236302297801
test-53124,0.345156291699564
test-53125,0.03547515288990306
test-53126,0.27497324746414337
test-53127,0.10095478406573405
test-53128,0.07512180394517347
test-53129,0.010794989931425539
test-5313,0.07300415700059695
test-53130,0.053652537338576466
test-53131,0.09068818224058564
test-53132,0.02869652639209735
test-53133,0.022204248615304963
test-53134,0.0937870258290184
test-53135,0.010161581547036346
test-53136,0.07973965277242508
test-53137,0.10392929676521608
test-53138,0.05761567803024785
test-53139,0.0669392073111586
test-5314,0.039209783211473684
test-53140,0.014253959600709501
test-53141,0.1655072990622651
test-53142,0.04247980001859572
test-53143,0.028927218593552274
test-53144,0.008698850415203425
test-53145,0.008966083555703885
test-53146,0.03300356637227382
test-53147,0.08785390821867309
test-53148,0.14317058398396462
test-53149,0.11493235062863283
test-5315,0.03534129172596895
test-53150,0.020700478335237735
test-53151,0.3148252835080881
test-53152,0.31397646530619067
test-53153,0.15240061560073376
test-53154,0.05864586367933564
test-53155,0.03957797408190487
test-53156,0.04471111920753297
test-53157,0.04475351461529831
test-53158,0.009496805317863748
test-53159,0.2458804446443965
test-5316,0.11278034748796104
test-53160,0.07896917855603469
test-53161,0.029464430150035102
test-53162,0.041136080318492474
test-53163,0.013278349685396713
test-53164,0.01806920183504753
test-53165,0.09526063506268198
test-53166,0.0306874942978367
test-53167,0.013320027270151066
test-53168,0.1313780570572352
test-53169,0.11543498080582862
test-5317,0.34870110153748013
test-53170,0.37749219558297425
test-53171,0.0556079358278801
test-53172,0.02858193567433151
test-53173,0.03256482017260893
test-53174,0.14141652199281468
test-53175,0.03591221049173739
test-53176,0.20419739634294734
test-53177,0.1936721924696128
test-53178,0.0707119985986715
test-53179,0.024696342004246287
test-5318,0.03820416094230461
test-53180,0.05491982732734804
test-53181,0.01492022070648786
test-53182,0.09480640797290417
test-53183,0.02663339399228729
test-53184,0.025218282272507667
test-53185,0.006134598849938149
test-53186,0.010772712948643933
test-53187,0.008595767668267628
test-53188,0.02982785066427616
test-53189,0.021224236112383048
test-5319,0.13017705601884794
test-53190,0.01598346177726185
test-53191,0.01767181941090883
test-53192,0.007100395771154693
test-53193,0.04363145236447255
test-53194,0.012837649836231846
test-53195,0.0253225438371483
test-53196,0.018264184157358223
test-53197,0.03229787972775257
test-53198,0.05898661991579246
test-53199,0.12787398021648064
test-532,0.0943016593635581
test-5320,0.08264365089447956
test-53200,0.267070320006485
test-53201,0.20961700475308542
test-53202,0.08211552635911423
test-53203,0.028764526117268947
test-53204,0.08003083037374147
test-53205,0.09936897264036039
test-53206,0.1441205278879921
test-53207,0.015211117344714972
test-53208,0.07171082406603554
test-53209,0.31342439713580605
test-5321,0.034776622648351546
test-53210,0.017540787929170135
test-53211,0.3875684756674084
test-53212,0.015372129517491508
test-53213,0.10151779096905766
test-53214,0.013931470797399035
test-53215,0.3328253372369291
test-53216,0.040695030576269844
test-53217,0.007296557972949313
test-53218,0.024361311022897656
test-53219,0.013158980974535986
test-5322,0.026467474231273064
test-53220,0.17333653168155744
test-53221,0.13506746491317997
test-53222,0.17820205542073778
test-53223,0.024659574863120454
test-53224,0.03981076113361821
test-53225,0.012439907910434313
test-53226,0.03083135470321196
test-53227,0.08393218381075793
test-53228,0.07802819961977205
test-53229,0.17645226684991447
test-5323,0.008074585638219469
test-53230,0.10919682534606943
test-53231,0.06613128233036399
test-53232,0.1603996921416628
test-53233,0.08906065126871007
test-53234,0.014108309463714089
test-53235,0.06453612473947225
test-53236,0.11716040746657137
test-53237,0.033373273949076576
test-53238,0.015224312249784357
test-53239,0.04899667916283064
test-5324,0.21147075611889257
test-53240,0.09303010749909064
test-53241,0.028999831432754666
test-53242,0.24193367430848178
test-53243,0.03326751679760316
test-53244,0.26804124018460357
test-53245,0.03335634397044571
test-53246,0.03579016636834026
test-53247,0.08275751004159665
test-53248,0.20276581986925826
test-53249,0.007392605578773631
test-5325,0.279406684907123
test-53250,0.22695277330334096
test-53251,0.11682241037080732
test-53252,0.09813967740151858
test-53253,0.15641085172815625
test-53254,0.4147682266099436
test-53255,0.0127553785908678
test-53256,0.02239868866967502
test-53257,0.05339307069340168
test-53258,0.15888152140719278
test-53259,0.043291051631503395
test-5326,0.03922336801473882
test-53260,0.0962994335527908
test-53261,0.0707268240481121
test-53262,0.023058224474229498
test-53263,0.017679068816812273
test-53264,0.11121171236019778
test-53265,0.052897965025147334
test-53266,0.011206606047868897
test-53267,0.02914577762944427
test-53268,0.013711739528450416
test-53269,0.04094224729594457
test-5327,0.022138721344532774
test-53270,0.17484643239795333
test-53271,0.358677216727864
test-53272,0.0117237394021366
test-53273,0.022437487175771494
test-53274,0.10979893288620678
test-53275,0.014333749351130689
test-53276,0.1656225079920836
test-53277,0.011874438551692727
test-53278,0.020184049019556536
test-53279,0.019528165113734026
test-5328,0.05339307069340168
test-53280,0.011462376062922813
test-53281,0.008448667916865832
test-53282,0.029942812211066545
test-53283,0.32620182360443745
test-53284,0.02596880771394803
test-53285,0.010934687905673396
test-53286,0.06473934798336235
test-53287,0.016672827285670093
test-53288,0.06950507938594348
test-53289,0.024352474464824383
test-5329,0.053866814150620064
test-53290,0.039477482084524645
test-53291,0.3394139247538089
test-53292,0.016778284688104713
test-53293,0.10996273563391795
test-53294,0.25020111974352544
test-53295,0.06889907521971964
test-53296,0.01746147390414276
test-53297,0.011262826858254586
test-53298,0.029222393962908582
test-53299,0.07396623988727713
test-533,0.147455573438331
test-5330,0.12975517125433841
test-53300,0.16071738249566725
test-53301,0.15821607170570176
test-53302,0.013879614093078998
test-53303,0.09787796055403811
test-53304,0.019296870878294025
test-53305,0.01642114361588671
test-53306,0.16544962487702844
test-53307,0.009937227849881916
test-53308,0.007097579610129054
test-53309,0.21246030841440638
test-5331,0.03454162835576654
test-53310,0.009985105556743121
test-53311,0.04775358956386129
test-53312,0.06329932957019002
test-53313,0.09154577741307304
test-53314,0.07382005570899727
test-53315,0.021936630997613137
test-53316,0.010006026576098583
test-53317,0.03536573495970685
test-53318,0.17662072446430724
test-53319,0.24223071208225683
test-5332,0.03271248164303256
test-53320,0.02976530693481971
test-53321,0.052499391636985304
test-53322,0.02625149342943326
test-53323,0.17077559784463292
test-53324,0.02640804116847228
test-53325,0.1297815114498038
test-53326,0.0861915504119661
test-53327,0.07096446565888062
test-53328,0.2262887729828075
test-53329,0.030690429230251847
test-5333,0.01903429978942429
test-53330,0.16119622100575706
test-53331,0.1040420347578344
test-53332,0.1543693773528168
test-53333,0.13181551726804994
test-53334,0.07896917855603469
test-53335,0.020863484760215954
test-53336,0.011218222710629326
test-53337,0.01697210983036393
test-53338,0.2623466171318259
test-53339,0.028269531062189754
test-5334,0.1712232498500817
test-53340,0.05339307069340168
test-53341,0.09228381928298793
test-53342,0.19856726641740985
test-53343,0.026216475702634873
test-53344,0.06239159979034834
test-53345,0.032425453472122986
test-53346,0.33953364119462603
test-53347,0.016309917037292742
test-53348,0.29176206188892667
test-53349,0.1701144893425531
test-5335,0.05003697088968722
test-53350,0.027685512698045072
test-53351,0.012100018380759376
test-53352,0.06471482125865274
test-53353,0.20368655124824386
test-53354,0.1728969433695427
test-53355,0.24867128216016987
test-53356,0.0885340608750168
test-53357,0.04475351461529831
test-53358,0.0669392073111586
test-53359,0.031136973936032295
test-5336,0.005979915580613789
test-53360,0.13939575405530705
test-53361,0.02758086976601024
test-53362,0.25259457391090817
test-53363,0.054293171775032796
test-53364,0.20601135324681621
test-53365,0.013848572851861475
test-53366,0.037878007339087416
test-53367,0.032864021092590935
test-53368,0.10903962375797746
test-53369,0.010131658556237511
test-5337,0.0300963958807996
test-53370,0.03722099461190549
test-53371,0.015307456008393117
test-53372,0.031071757728751887
test-53373,0.15291743395249696
test-53374,0.2520944155446072
test-53375,0.17053026580054967
test-53376,0.24493626716914946
test-53377,0.08707462772795209
test-53378,0.25648658704184035
test-53379,0.04459571015992081
test-5338,0.1733962857891142
test-53380,0.03740455927982885
test-53381,0.011699597686801984
test-53382,0.022823309926960234
test-53383,0.21278920413031518
test-53384,0.1732998303511842
test-53385,0.008637489353218768
test-53386,0.02561612552461093
test-53387,0.018865905419998177
test-53388,0.044693572919255665
test-53389,0.21582608039295464
test-5339,0.0669392073111586
test-53390,0.056816188989267935
test-53391,0.013546481481635656
test-53392,0.05114578141563417
test-53393,0.0669392073111586
test-53394,0.1963623014565418
test-53395,0.09357815747944277
test-53396,0.028413331150701045
test-53397,0.01522377562206054
test-53398,0.1129804401551747
test-53399,0.03394743586367548
test-534,0.17376933356170693
test-5340,0.019282984525144174
test-53400,0.046009648738188004
test-53401,0.4016507412109098
test-53402,0.07799433853261355
test-53403,0.13807652879149426
test-53404,0.12297125618649192
test-53405,0.03405407079273693
test-53406,0.02040216352340559
test-53407,0.06667807658236989
test-53408,0.010592272288800391
test-53409,0.0771170715869828
test-5341,0.020814784116545835
test-53410,0.005354362648108741
test-53411,0.041994584683696344
test-53412,0.07414375399673523
test-53413,0.11629533146684636
test-53414,0.12222032977030582
test-53415,0.1288360791085541
test-53416,0.01741729223699017
test-53417,0.031149727427266374
test-53418,0.08003083037374147
test-53419,0.08110413393213176
test-5342,0.015296944123266317
test-53420,0.01250680612965178
test-53421,0.016160909900064323
test-53422,0.007556577494490334
test-53423,0.028457868045939968
test-53424,0.014491569071859231
test-53425,0.009956247338024079
test-53426,0.08512763669335689
test-53427,0.11463961188144829
test-53428,0.009452630371995112
test-53429,0.10970635324995436
test-5343,0.31663762959490804
test-53430,0.21389710083865404
test-53431,0.011857842433996114
test-53432,0.17658854975098257
test-53433,0.12137123376279037
test-53434,0.20395941486233596
test-53435,0.0648551753820917
test-53436,0.045961236992083994
test-53437,0.021561241512819435
test-53438,0.028703508075175424
test-53439,0.1705662636583899
test-5344,0.01781423114952014
test-53440,0.02199866829295911
test-53441,0.008085224266956731
test-53442,0.12012554795350305
test-53443,0.13081396824224298
test-53444,0.013220452002071668
test-53445,0.021898007896446574
test-53446,0.01942115170340283
test-53447,0.08205820293688557
test-53448,0.0821629442809679
test-53449,0.02067071503743962
test-5345,0.05410017373169017
test-53450,0.17909856925714268
test-53451,0.47680132957367927
test-53452,0.009474524614661146
test-53453,0.01675270550440095
test-53454,0.2114613246836995
test-53455,0.16948764875643343
test-53456,0.0565046756960047
test-53457,0.40536654201068417
test-53458,0.023362416354980046
test-53459,0.29644148827388844
test-5346,0.11378069649606996
test-53460,0.06390653474420027
test-53461,0.017281125932193848
test-53462,0.010176536664092208
test-53463,0.09787796055403811
test-53464,0.045038308962514144
test-53465,0.08962782951307559
test-53466,0.11107417440354549
test-53467,0.024840373135949417
test-53468,0.026223785775408463
test-53469,0.2126169715902174
test-5347,0.18493800537864988
test-53470,0.15750921423484224
test-53471,0.01623508412592168
test-53472,0.17312209467331557
test-53473,0.013047876521156307
test-53474,0.024556443907811407
test-53475,0.02066576432409615
test-53476,0.1388635303282525
test-53477,0.4252554837280234
test-53478,0.010780230637238602
test-53479,0.034768034231258994
test-5348,0.010896586797274165
test-53480,0.09825374709840913
test-53481,0.030903721432299493
test-53482,0.2179069278062682
test-53483,0.10769997468263569
test-53484,0.0861915504119661
test-53485,0.08260182777979576
test-53486,0.019091528253997365
test-53487,0.04071959932939459
test-53488,0.106922127782898
test-53489,0.3332837547572158
test-5349,0.17311406121650658
test-53490,0.049357414337602185
test-53491,0.016845876038243134
test-53492,0.12366884514763721
test-53493,0.21850927793806033
test-53494,0.02078424325648827
test-53495,0.1140873148537606
test-53496,0.343645937865558
test-53497,0.014446728162154554
test-53498,0.1150114830661775
test-53499,0.016025541736849815
test-535,0.05205686007940132
test-5350,0.14761870477613945
test-53500,0.12264396311203546
test-53501,0.029156317641829133
test-53502,0.06762984361508113
test-53503,0.032325441623230415
test-53504,0.13863927720997804
test-53505,0.08962782951307559
test-53506,0.013548233310112179
test-53507,0.05217372084301952
test-53508,0.34903163916690877
test-53509,0.01496900539569275
test-5351,0.011220107242451828
test-53510,0.026682112298197887
test-53511,0.008878065461181594
test-53512,0.033544701738007575
test-53513,0.09985649801372733
test-53514,0.008443481737337723
test-53515,0.03957797408190487
test-53516,0.15961114772588095
test-53517,0.06769227346933265
test-53518,0.09196466797338372
test-53519,0.25648658704184035
test-5352,0.11406573607985475
test-53520,0.23922787338573243
test-53521,0.029987608530635135
test-53522,0.10373811943857802
test-53523,0.018467812212115037
test-53524,0.1737421611256942
test-53525,0.009535333138712071
test-53526,0.24970386597958658
test-53527,0.1437833333537467
test-53528,0.013719345611224176
test-53529,0.15971161349023938
test-5353,0.24815841473513225
test-53530,0.029295705283285928
test-53531,0.12528058390347693
test-53532,0.01519524321004887
test-53533,0.02763833327028507
test-53534,0.03693714522316505
test-53535,0.13775918575813118
test-53536,0.09449090494162139
test-53537,0.0466119349432961
test-53538,0.15644328139772729
test-53539,0.024590458801874663
test-5354,0.20748907594504037
test-53540,0.015513253046148572
test-53541,0.026972730978117542
test-53542,0.034142575938427504
test-53543,0.15893134443260404
test-53544,0.40786541024547146
test-53545,0.043323769841826384
test-53546,0.10789889249619694
test-53547,0.164816081151123
test-53548,0.06527479962241564
test-53549,0.05281837406179411
test-5355,0.016481280019285116
test-53550,0.011122664988923935
test-53551,0.007938890230610802
test-53552,0.03520351748931537
test-53553,0.09860381645007209
test-53554,0.05774027457266224
test-53555,0.02083416076823881
test-53556,0.23484517673776023
test-53557,0.2045643216558733
test-53558,0.07736971131561239
test-53559,0.03808926221621729
test-5356,0.01843176648084725
test-53560,0.07512180394517347
test-53561,0.18418539639569032
test-53562,0.009790037932742812
test-53563,0.031090367064012137
test-53564,0.016692095387237645
test-53565,0.01578269668935146
test-53566,0.017645380032289507
test-53567,0.05138125197706656
test-53568,0.018616366572365622
test-53569,0.04596747987603038
test-5357,0.08760720478644253
test-53570,0.15250895214329924
test-53571,0.12353281197358884
test-53572,0.12458739626890361
test-53573,0.22590991662325396
test-53574,0.017736989496599197
test-53575,0.08159893847848072
test-53576,0.03265649908598856
test-53577,0.08003083037374147
test-53578,0.028693219599723426
test-53579,0.12056362792764973
test-5358,0.06620030596182953
test-53580,0.1387564677932596
test-53581,0.02365318957879279
test-53582,0.034870725281253755
test-53583,0.017741246842243322
test-53584,0.05245436395425031
test-53585,0.01764878579949268
test-53586,0.04338643014534559
test-53587,0.01926467390822369
test-53588,0.01831813722060346
test-53589,0.01505893504148358
test-5359,0.020226715203793048
test-53590,0.017795189126354256
test-53591,0.008112881689366651
test-53592,0.019195870605392035
test-53593,0.2827824888301934
test-53594,0.03388826362508373
test-53595,0.02428138686631919
test-53596,0.00807723309087314
test-53597,0.25046737262525914
test-53598,0.08375231665131783
test-53599,0.14404829834012167
test-536,0.013762718647936779
test-5360,0.020526903454990197
test-53600,0.3494116006558389
test-53601,0.07374515623999134
test-53602,0.26345539401617324
test-53603,0.015823850882751535
test-53604,0.1095853879184614
test-53605,0.061426900069778266
test-53606,0.14999370466293074
test-53607,0.016094001321051203
test-53608,0.026363542186372144
test-53609,0.11543498080582862
test-5361,0.01129796531464506
test-53610,0.020514675350368047
test-53611,0.5810561596002454
test-53612,0.019172431002573063
test-53613,0.03698442712827772
test-53614,0.016317238480608297
test-53615,0.10868340827939162
test-53616,0.007930544599725446
test-53617,0.36562527873107653
test-53618,0.020296637955633124
test-53619,0.02951437995882942
test-5362,0.2719421135131414
test-53620,0.058893286598689455
test-53621,0.04301208359899352
test-53622,0.07896917855603469
test-53623,0.1541654472086596
test-53624,0.013796999897312277
test-53625,0.022091282621628697
test-53626,0.028462907922287856
test-53627,0.02558065867729579
test-53628,0.023404727972368287
test-53629,0.011558166918403756
test-5363,0.013268229768626166
test-53630,0.015735867916173936
test-53631,0.019920122596550325
test-53632,0.03468397836216628
test-53633,0.010205367752635792
test-53634,0.024963276608334938
test-53635,0.028716215607479778
test-53636,0.037658600636406254
test-53637,0.01804811351721556
test-53638,0.040036434232552064
test-53639,0.23926725081670705
test-5364,0.010608422988523502
test-53640,0.01389711403736597
test-53641,0.05420696106458327
test-53642,0.2690337765470603
test-53643,0.063134153308654
test-53644,0.03536573495970685
test-53645,0.24330810460193844
test-53646,0.02759995246664544
test-53647,0.19457384871547845
test-53648,0.1992738825223106
test-53649,0.07278616628583498
test-5365,0.011028100354589012
test-53650,0.0323438298368219
test-53651,0.020091368148451545
test-53652,0.051984080615244094
test-53653,0.119542929496901
test-53654,0.02485709012858808
test-53655,0.10859927914260803
test-53656,0.012087869383330596
test-53657,0.0447522581272414
test-53658,0.023432069591525065
test-53659,0.14226881750370018
test-5366,0.02028996741591633
test-53660,0.13692231769637017
test-53661,0.11342411040639334
test-53662,0.02513961496723507
test-53663,0.2000923831544441
test-53664,0.14950442412767312
test-53665,0.2262887729828075
test-53666,0.2744584773176153
test-53667,0.23082389419048283
test-53668,0.1305753118922354
test-53669,0.07742568134228671
test-5367,0.03360778764426817
test-53670,0.2462850450461358
test-53671,0.08030376893160994
test-53672,0.20712757280995583
test-53673,0.13789967507468318
test-53674,0.0669392073111586
test-53675,0.1253112414550484
test-53676,0.2446935939667375
test-53677,0.01797191541695291
test-53678,0.17645226684991447
test-53679,0.013415464921373521
test-5368,0.02181844055471981
test-53680,0.040757976866263555
test-53681,0.07851896097445257
test-53682,0.04312809047048103
test-53683,0.03086767445031092
test-53684,0.05487776745599645
test-53685,0.05368058579374111
test-53686,0.06314128651213971
test-53687,0.051341524783787826
test-53688,0.02444265432086215
test-53689,0.09426830747696573
test-5369,0.1747007303915493
test-53690,0.027022613171323494
test-53691,0.01961229524549631
test-53692,0.05339307069340168
test-53693,0.024489416545177025
test-53694,0.022840744924929247
test-53695,0.15082643790229405
test-53696,0.008495098534261367
test-53697,0.026867186373921385
test-53698,0.1639013272273702
test-53699,0.00671839494003325
test-537,0.010663423301942157
test-5370,0.12820741719659248
test-53700,0.017988002742749625
test-53701,0.11822890456986457
test-53702,0.2017093000957217
test-53703,0.010088211556238852
test-53704,0.027709779953132525
test-53705,0.04839755340725412
test-53706,0.2899891136314798
test-53707,0.16695447271917302
test-53708,0.035582111426944826
test-53709,0.11784215448393566
test-5371,0.10484796418389317
test-53710,0.006758614737738569
test-53711,0.014023528936981774
test-53712,0.012016175873449495
test-53713,0.16050190551608107
test-53714,0.00900513510810355
test-53715,0.07154554671561687
test-53716,0.1546120623149706
test-53717,0.02842976066433354
test-53718,0.00987161567118657
test-53719,0.017914119243374424
test-5372,0.022046687549506134
test-53720,0.2500643134177126
test-53721,0.11617109203595583
test-53722,0.0361786827109181
test-53723,0.05487776745599645
test-53724,0.01946751867063683
test-53725,0.010503748883262125
test-53726,0.06023014043487048
test-53727,0.0282569362081705
test-53728,0.013080024080292551
test-53729,0.021377479088287767
test-5373,0.11945283735296228
test-53730,0.2081263115747608
test-53731,0.24351962934615162
test-53732,0.029837278384895083
test-53733,0.02823181778755352
test-53734,0.012461495597248937
test-53735,0.09650639431686493
test-53736,0.11989267733235809
test-53737,0.02093452490151667
test-53738,0.03364034052066517
test-53739,0.04969702071679243
test-5374,0.05368058579374111
test-53740,0.11401460705580856
test-53741,0.049011662307069534
test-53742,0.17109556894134278
test-53743,0.09894217917792562
test-53744,0.18599455144120466
test-53745,0.09860381645007209
test-53746,0.0669392073111586
test-53747,0.008154575098313329
test-53748,0.08469207989574525
test-53749,0.09418052657975534
test-5375,0.11936688335416969
test-53750,0.1543693773528168
test-53751,0.07742767884236121
test-53752,0.01781706081627676
test-53753,0.01656240409186109
test-53754,0.06927354673925203
test-53755,0.30336003215595847
test-53756,0.06803412447426488
test-53757,0.023159246444892742
test-53758,0.1388294096399793
test-53759,0.04352098123109492
test-5376,0.1919334714122769
test-53760,0.008363084116426254
test-53761,0.19870765203682988
test-53762,0.273466035291377
test-53763,0.20671483053357298
test-53764,0.3936697717199738
test-53765,0.12378908180328312
test-53766,0.07574216892550255
test-53767,0.024778430855646454
test-53768,0.06728715828964951
test-53769,0.02030240439414601
test-5377,0.022564069194612416
test-53770,0.21420257545284377
test-53771,0.14785237093197234
test-53772,0.13741993476096825
test-53773,0.012805189164040592
test-53774,0.08260182777979576
test-53775,0.04012632243007471
test-53776,0.132714090823437
test-53777,0.03957797408190487
test-53778,0.019791066291437776
test-53779,0.01948384824245861
test-5378,0.015057860839500961
test-53780,0.037658600636406254
test-53781,0.2315459682976291
test-53782,0.09697256493189678
test-53783,0.008709094742429264
test-53784,0.054418875283511296
test-53785,0.032591937035324814
test-53786,0.031167298853883852
test-53787,0.014052728228875912
test-53788,0.09531811308796749
test-53789,0.014172170866491147
test-5379,0.051447119003525624
test-53790,0.043360167635517935
test-53791,0.0861915504119661
test-53792,0.06929496031879534
test-53793,0.10190564219532593
test-53794,0.1999678262270987
test-53795,0.12615916371417235
test-53796,0.09787796055403811
test-53797,0.034264660970526425
test-53798,0.01088202449961092
test-53799,0.023221546555593883
test-538,0.18366307293341538
test-5380,0.05412176459836597
test-53800,0.07154554671561687
test-53801,0.20226337754238918
test-53802,0.048867970533216384
test-53803,0.025333799905264933
test-53804,0.11298279861601956
test-53805,0.04823147281596946
test-53806,0.029929044446866847
test-53807,0.040409035017358395
test-53808,0.18602269558976806
test-53809,0.09050078996163637
test-5381,0.027860921275786606
test-53810,0.04865217259746274
test-53811,0.005554980600804635
test-53812,0.12758786262445412
test-53813,0.04201587544696237
test-53814,0.27497324746414337
test-53815,0.1437259864356356
test-53816,0.01111606870179653
test-53817,0.24809325288518516
test-53818,0.30160174401069045
test-53819,0.014669004069682468
test-5382,0.19883177087271045
test-53820,0.2884254273467996
test-53821,0.08003083037374147
test-53822,0.012850701472529867
test-53823,0.017522908892294294
test-53824,0.01170862670730108
test-53825,0.05205631824516964
test-53826,0.2530633364091884
test-53827,0.020749075375526102
test-53828,0.015416350115443875
test-53829,0.061577899304617906
test-5383,0.062313983032716486
test-53830,0.027088140521023797
test-53831,0.1398817640174991
test-53832,0.007239475195056347
test-53833,0.019990012169871965
test-53834,0.0707119985986715
test-53835,0.21970941334239155
test-53836,0.007864687884397694
test-53837,0.02726980353818339
test-53838,0.14800913986937067
test-53839,0.00925803662767432
test-5384,0.02704708895351573
test-53840,0.05831940408047
test-53841,0.12614711902775436
test-53842,0.21540216744575777
test-53843,0.11795777088787725
test-53844,0.09442793442436977
test-53845,0.04916256168233868
test-53846,0.1793975168695204
test-53847,0.2078479461779904
test-53848,0.011502419158162287
test-53849,0.02628822612669662
test-5385,0.016592858155693963
test-53850,0.02995403887978745
test-53851,0.02584517237333837
test-53852,0.11760517563393508
test-53853,0.08003083037374147
test-53854,0.07096446565888062
test-53855,0.36110551249947226
test-53856,0.00943182662075909
test-53857,0.010227622862847098
test-53858,0.13775918575813118
test-53859,0.10011133681271744
test-5386,0.19296180762180673
test-53860,0.018384702809152588
test-53861,0.21592309898822948
test-53862,0.18838015159131108
test-53863,0.06367888060196332
test-53864,0.25648658704184035
test-53865,0.019641546108446553
test-53866,0.03155358373482753
test-53867,0.0908921970526023
test-53868,0.07545733149018567
test-53869,0.011876648828181631
test-5387,0.16364303120081933
test-53870,0.01565117402008855
test-53871,0.12194744462969509
test-53872,0.04399073894047565
test-53873,0.045229223255600554
test-53874,0.013162335739859083
test-53875,0.039086452581574595
test-53876,0.21782763488261797
test-53877,0.07402476918253595
test-53878,0.1388635303282525
test-53879,0.09860381645007209
test-5388,0.1313395705021038
test-53880,0.006521894264863258
test-53881,0.21106932883920798
test-53882,0.020982787513930384
test-53883,0.2114948959837341
test-53884,0.05015468531813707
test-53885,0.22696121466553557
test-53886,0.049036523152594144
test-53887,0.04047133189115224
test-53888,0.17881322030332952
test-53889,0.02334139418751192
test-5389,0.19391261682361802
test-53890,0.16660308290463152
test-53891,0.009607526678410364
test-53892,0.10655463389658608
test-53893,0.19025253900566325
test-53894,0.029285547128266556
test-53895,0.021666736807383333
test-53896,0.01404734283487117
test-53897,0.13696773940500456
test-53898,0.051307550767847515
test-53899,0.24573956468702637
test-539,0.1500011765849426
test-5390,0.018882859943666497
test-53900,0.1588592329912732
test-53901,0.07958009128105223
test-53902,0.009386076011947452
test-53903,0.20788298256870277
test-53904,0.24485662715254722
test-53905,0.15838591910088676
test-53906,0.31427669840826006
test-53907,0.04740670008004077
test-53908,0.06871784447215146
test-53909,0.015983705144443677
test-5391,0.0243548984562453
test-53910,0.16594508328454627
test-53911,0.2993129903322421
test-53912,0.158152816613635
test-53913,0.04678264478854559
test-53914,0.11613555863759817
test-53915,0.02801505392962545
test-53916,0.16832467409512367
test-53917,0.08323439803513702
test-53918,0.025262098315696174
test-53919,0.2883510119607148
test-5392,0.07300415700059695
test-53920,0.01480050748158971
test-53921,0.06769227346933265
test-53922,0.04410865476501254
test-53923,0.008443481737337723
test-53924,0.16881888212136228
test-53925,0.012175805688830726
test-53926,0.0141415289621539
test-53927,0.27580809307513665
test-53928,0.033157745095160424
test-53929,0.1100812978405749
test-5393,0.12663596937894922
test-53930,0.21287706033682832
test-53931,0.019037377900544442
test-53932,0.25541852355787653
test-53933,0.16150192651727432
test-53934,0.032279104568228564
test-53935,0.010385490619726115
test-53936,0.060876150063074404
test-53937,0.0096102322006254
test-53938,0.04201587544696237
test-53939,0.013725231927612266
test-5394,0.013096549745876073
test-53940,0.32374682251125336
test-53941,0.12756464018589395
test-53942,0.03252610364092816
test-53943,0.1098230084998814
test-53944,0.033767770849542925
test-53945,0.07814717558231869
test-53946,0.024932258866356586
test-53947,0.034709594558315814
test-53948,0.05015468531813707
test-53949,0.01919911876331084
test-5395,0.06017760344717115
test-53950,0.01846565807920688
test-53951,0.12399302252680552
test-53952,0.1448054492347892
test-53953,0.0642751098003903
test-53954,0.06424026976386267
test-53955,0.16148810183166984
test-53956,0.010799482505938866
test-53957,0.04392249115483065
test-53958,0.24937241371159052
test-53959,0.14584971832814003
test-5396,0.25138529931620185
test-53960,0.07802819961977205
test-53961,0.006748053122015728
test-53962,0.025001524849446424
test-53963,0.09345831591488206
test-53964,0.03723579048869455
test-53965,0.031719140826544895
test-53966,0.015381404847325138
test-53967,0.00997826683743587
test-53968,0.020422632471294666
test-53969,0.06977321841877514
test-5397,0.012667680709144325
test-53970,0.020115292197915264
test-53971,0.011810818941820036
test-53972,0.02100369759356705
test-53973,0.06447676235278049
test-53974,0.023657806755905213
test-53975,0.06769227346933265
test-53976,0.09226959866346507
test-53977,0.02960811847929143
test-53978,0.09525815893712916
test-53979,0.015283243201196688
test-5398,0.010226863944705018
test-53980,0.01914797714714258
test-53981,0.05103917775870422
test-53982,0.04382951100854469
test-53983,0.1291481157939135
test-53984,0.23220071357198416
test-53985,0.02464932196461693
test-53986,0.2694810074427193
test-53987,0.007487520747626791
test-53988,0.02835935944657139
test-53989,0.02569009970855601
test-5399,0.0687732139720173
test-53990,0.17909856925714268
test-53991,0.1383692580304007
test-53992,0.015438378477887309
test-53993,0.049788537154068495
test-53994,0.009926168162735718
test-53995,0.06613128233036399
test-53996,0.2007529528598524
test-53997,0.25575805669643437
test-53998,0.013876298874662227
test-53999,0.009300186844245589
test-54,0.3716992752295057
test-540,0.09621911320896186
test-5400,0.025217887903930227
test-54000,0.020958632757238256
test-54001,0.06776638623386794
test-54002,0.13639339241013237
test-54003,0.03388826362508373
test-54004,0.021004132627275535
test-54005,0.1112290812649247
test-54006,0.02116268819027277
test-54007,0.1674465452461608
test-54008,0.03332226299394348
test-54009,0.1840002470243647
test-5401,0.0734238194770512
test-54010,0.07300415700059695
test-54011,0.024749858510301197
test-54012,0.10062551206765444
test-54013,0.039907421522098696
test-54014,0.04506939659370869
test-54015,0.0075611709381781965
test-54016,0.023054508764144215
test-54017,0.04695277820894962
test-54018,0.1647172625158986
test-54019,0.03280236076672631
test-5402,0.04320302759311686
test-54020,0.2158245032153357
test-54021,0.3098061229218499
test-54022,0.10373811943857802
test-54023,0.25541852355787653
test-54024,0.011579672453460334
test-54025,0.009618828378985547
test-54026,0.027471521470755177
test-54027,0.23540024180267763
test-54028,0.032472675870109546
test-54029,0.022990520397599155
test-5403,0.03563965779772
test-54030,0.2151985559007525
test-54031,0.19735801041033657
test-54032,0.03125174394975723
test-54033,0.2114440865874235
test-54034,0.14258646273106465
test-54035,0.03171183570351488
test-54036,0.09394507126896243
test-54037,0.04492523041534702
test-54038,0.05973754505294449
test-54039,0.008349952222107486
test-5404,0.03381795497493904
test-54040,0.15691033221884185
test-54041,0.020995377790636587
test-54042,0.036153863612742324
test-54043,0.020705446742417817
test-54044,0.0113895888993719
test-54045,0.06645301661244536
test-54046,0.015426873544269713
test-54047,0.02855572452795484
test-54048,0.020502686192723076
test-54049,0.08064387860916976
test-5405,0.0306758480435611
test-54050,0.11642981284699146
test-54051,0.08499359892078892
test-54052,0.016643485370738825
test-54053,0.043019871685986956
test-54054,0.01636419146468894
test-54055,0.025660456139570936
test-54056,0.2143812824003862
test-54057,0.05618846159027504
test-54058,0.17118041482052082
test-54059,0.013829796414904207
test-5406,0.009154938317533024
test-54060,0.039168631439088296
test-54061,0.013010703255031578
test-54062,0.03005433556249758
test-54063,0.009134365760800362
test-54064,0.05053929727320189
test-54065,0.011208917246687064
test-54066,0.027133409107472594
test-54067,0.04714572928919584
test-54068,0.05379346210386945
test-54069,0.0846182167635542
test-5407,0.010848849213182913
test-54070,0.129637833223185
test-54071,0.044554327685327515
test-54072,0.08991140358202976
test-54073,0.07341350637899559
test-54074,0.03263256366981311
test-54075,0.004695666170433293
test-54076,0.09008893805427892
test-54077,0.08003083037374147
test-54078,0.10312156243530579
test-54079,0.016899477371867363
test-5408,0.33625857340464105
test-54080,0.02982704078268939
test-54081,0.09967505524039096
test-54082,0.2638320541917989
test-54083,0.08693098885129331
test-54084,0.017721631463731853
test-54085,0.026685084217038735
test-54086,0.12983533124850208
test-54087,0.01366933281937721
test-54088,0.044131082349221425
test-54089,0.10284379469614997
test-5409,0.09787796055403811
test-54090,0.17929009275659857
test-54091,0.018791162507520817
test-54092,0.020944623666427728
test-54093,0.16695447271917302
test-54094,0.03442907185779456
test-54095,0.05136519964409833
test-54096,0.012840349537416158
test-54097,0.35109541389681526
test-54098,0.05339307069340168
test-54099,0.06638162463171926
test-541,0.03380409961927071
test-5410,0.17056737353958626
test-54100,0.04729944642922495
test-54101,0.03622437480832182
test-54102,0.0817075826665714
test-54103,0.021836726719058883
test-54104,0.013020370488516312
test-54105,0.024778282972817277
test-54106,0.03886493008813917
test-54107,0.1392748885320182
test-54108,0.16483535507663075
test-54109,0.09967505524039096
test-5411,0.20233378063930482
test-54110,0.02481723553369275
test-54111,0.019798891313933017
test-54112,0.024319364172232724
test-54113,0.023166836780113928
test-54114,0.010893843587264005
test-54115,0.01793842233953493
test-54116,0.015333541146879164
test-54117,0.15221981133433587
test-54118,0.038929972104470294
test-54119,0.16695447271917302
test-5412,0.05613452155535667
test-54120,0.08219209940260083
test-54121,0.028251143859433923
test-54122,0.19218419176008059
test-54123,0.06318346920517212
test-54124,0.13133730017575915
test-54125,0.25171046048273044
test-54126,0.017573024138133286
test-54127,0.1302854996142036
test-54128,0.13105172784396593
test-54129,0.0643654486464588
test-5413,0.08388618882848267
test-54130,0.013429030771822253
test-54131,0.02576253633520363
test-54132,0.0732858674232542
test-54133,0.13632316857259644
test-54134,0.04301208359899352
test-54135,0.014666218958303456
test-54136,0.19018402637712978
test-54137,0.07615826713228395
test-54138,0.008651415063227351
test-54139,0.14853973859007766
test-5414,0.08716126091051517
test-54140,0.12198418245740987
test-54141,0.1719477341213176
test-54142,0.16895019048035653
test-54143,0.3205679663423559
test-54144,0.008970115849127398
test-54145,0.0852456290057542
test-54146,0.01758648109259473
test-54147,0.011813234764894934
test-54148,0.11654340858239437
test-54149,0.13024341096101608
test-5415,0.15760012819379793
test-54150,0.018141757155420782
test-54151,0.010697550321586436
test-54152,0.01771255972147945
test-54153,0.24180524926242983
test-54154,0.026796139853162197
test-54155,0.2359033563610355
test-54156,0.023730743924092784
test-54157,0.31342439713580605
test-54158,0.017717351698721764
test-54159,0.011196794005503902
test-5416,0.4123612153931427
test-54160,0.09863496212814839
test-54161,0.024089865533200687
test-54162,0.029804181394754062
test-54163,0.04536749175112307
test-54164,0.03285665483475437
test-54165,0.40739784998542483
test-54166,0.21034649152930143
test-54167,0.017000777529022373
test-54168,0.02607553978479456
test-54169,0.32066484206483326
test-5417,0.047093262491069314
test-54170,0.253392653170825
test-54171,0.06777323571496151
test-54172,0.06401687696626099
test-54173,0.015490246712015245
test-54174,0.04663425412040288
test-54175,0.014323579523653929
test-54176,0.010488942741287812
test-54177,0.12671892901602516
test-54178,0.018603428900360857
test-54179,0.025630678607026773
test-5418,0.025275989903125403
test-54180,0.12796851635119139
test-54181,0.16885505023962527
test-54182,0.031925440883780964
test-54183,0.08091840458510943
test-54184,0.16862936169275256
test-54185,0.07154554671561687
test-54186,0.09787796055403811
test-54187,0.1205578826817209
test-54188,0.008754223338310585
test-54189,0.03535570204533766
test-5419,0.03609783483951046
test-54190,0.14183816084404824
test-54191,0.09234091219637072
test-54192,0.02483775539096006
test-54193,0.07171365488111726
test-54194,0.033756648748128816
test-54195,0.11412015650690727
test-54196,0.021446435838429763
test-54197,0.024401288022651572
test-54198,0.011310660957027605
test-54199,0.03563960879694061
test-542,0.021932172020238814
test-5420,0.10000315538152091
test-54200,0.016990393261142545
test-54201,0.12538600982487716
test-54202,0.0312991083628104
test-54203,0.0669465489970633
test-54204,0.0918654685416689
test-54205,0.08189565204531908
test-54206,0.2208715991205193
test-54207,0.15476990947720298
test-54208,0.09381297590582535
test-54209,0.023635566365422692
test-5421,0.020225279408882583
test-54210,0.17176171755739736
test-54211,0.06278717302613633
test-54212,0.1850450631203268
test-54213,0.18807791320695144
test-54214,0.09435854111353265
test-54215,0.017988435200123536
test-54216,0.23613196993678714
test-54217,0.013750835097830537
test-54218,0.09285365470996271
test-54219,0.010835473765823868
test-5422,0.0404713655270344
test-54220,0.03399579462370202
test-54221,0.04824287954979087
test-54222,0.08966953245926428
test-54223,0.029383055324878213
test-54224,0.05339307069340168
test-54225,0.02420353449582486
test-54226,0.15728109060263304
test-54227,0.02515564303027813
test-54228,0.1742876271710742
test-54229,0.21822101345134656
test-5423,0.027040443869364092
test-54230,0.009925162506143021
test-54231,0.0321506064650637
test-54232,0.0673419862488034
test-54233,0.07896917855603469
test-54234,0.3195026892372003
test-54235,0.03576220650777858
test-54236,0.029188912204367985
test-54237,0.01162002255737999
test-54238,0.010128533772216002
test-54239,0.05638894862824164
test-5424,0.014396860434560317
test-54240,0.049912789040286905
test-54241,0.007487520747626791
test-54242,0.02318685178343491
test-54243,0.039477482084524645
test-54244,0.2468903997260125
test-54245,0.1459115933793699
test-54246,0.018639027811197088
test-54247,0.0411677263702946
test-54248,0.25340853471392555
test-54249,0.05339307069340168
test-5425,0.17210092200208751
test-54250,0.16344596550708146
test-54251,0.07313124116638005
test-54252,0.0084473229712675
test-54253,0.03486415065020565
test-54254,0.00885714230540158
test-54255,0.06634358790172522
test-54256,0.020126331917915213
test-54257,0.14199257868543871
test-54258,0.01330814788294294
test-54259,0.03849385307396757
test-5426,0.03473677364636447
test-54260,0.09935030145420644
test-54261,0.07896917855603469
test-54262,0.2554545221498967
test-54263,0.05015468531813707
test-54264,0.010333665415637005
test-54265,0.11636918397030675
test-54266,0.06453640726835459
test-54267,0.3270058386452233
test-54268,0.02216305244754546
test-54269,0.036147162626786036
test-5427,0.06361876025373427
test-54270,0.0669392073111586
test-54271,0.23145326994758045
test-54272,0.16390109867595265
test-54273,0.019535524970281534
test-54274,0.041220529736090826
test-54275,0.09051834682348794
test-54276,0.033355590954359735
test-54277,0.06518688175134404
test-54278,0.03957797408190487
test-54279,0.05990954995823696
test-5428,0.029211708277350066
test-54280,0.015516916219973555
test-54281,0.03880725395753883
test-54282,0.12926951627822686
test-54283,0.010374427414521093
test-54284,0.012450165076435787
test-54285,0.0380040688478608
test-54286,0.2520944155446072
test-54287,0.09787796055403811
test-54288,0.007110189152012833
test-54289,0.15406081534715144
test-5429,0.05339307069340168
test-54290,0.02136432616231564
test-54291,0.03671977959683468
test-54292,0.1943314627811826
test-54293,0.02372289305257482
test-54294,0.012830853530642103
test-54295,0.012288707286773391
test-54296,0.11760517563393508
test-54297,0.02220354839627316
test-54298,0.09944073826377398
test-54299,0.059954866559034745
test-543,0.08110413393213176
test-5430,0.019302065745977565
test-54300,0.11607553849948815
test-54301,0.046009648738188004
test-54302,0.08676426786931425
test-54303,0.13981040426209
test-54304,0.013330962189030689
test-54305,0.10893213999898937
test-54306,0.05351903236258696
test-54307,0.00712311675277087
test-54308,0.024216804308096355
test-54309,0.04175104700141751
test-5431,0.04337544933234897
test-54310,0.045861791869305286
test-54311,0.02236510515530074
test-54312,0.00832599118921045
test-54313,0.01031228820015649
test-54314,0.22205931310068508
test-54315,0.026794417958567393
test-54316,0.15168396671698656
test-54317,0.007739388749457365
test-54318,0.17328662758732472
test-54319,0.0691002843647289
test-5432,0.19018814889649416
test-54320,0.07984600052248031
test-54321,0.028894362125681035
test-54322,0.011649461521885238
test-54323,0.024644537876288997
test-54324,0.14846005738601048
test-54325,0.023250378597369503
test-54326,0.054773091799390904
test-54327,0.0493183105806639
test-54328,0.012025567302892061
test-54329,0.1182003209819428
test-5433,0.014624361968989318
test-54330,0.2190097718203662
test-54331,0.026025230471495416
test-54332,0.2181562788542498
test-54333,0.3069323242806876
test-54334,0.08288550348555476
test-54335,0.011976688043164296
test-54336,0.019387656951041284
test-54337,0.03636748039782174
test-54338,0.05646525043608627
test-54339,0.07501168379730862
test-5434,0.19450854900357098
test-54340,0.012273499821831315
test-54341,0.18498064139988646
test-54342,0.008987907649409623
test-54343,0.08409857345386981
test-54344,0.011173691066246001
test-54345,0.017656595786264353
test-54346,0.23863265435618303
test-54347,0.031430368687848174
test-54348,0.20751491982172446
test-54349,0.023952336549434565
test-5435,0.008194721918162163
test-54350,0.1422272814021546
test-54351,0.16256192306206924
test-54352,0.011803246860551822
test-54353,0.3876285558316951
test-54354,0.09787796055403811
test-54355,0.31273041091826287
test-54356,0.011920539256036696
test-54357,0.01617315629107247
test-54358,0.03629837188384011
test-54359,0.10812230317096443
test-5436,0.20383612521715558
test-54360,0.02014905052447598
test-54361,0.22996847128818868
test-54362,0.12992240088151571
test-54363,0.035940051147864624
test-54364,0.011270907749915337
test-54365,0.2105332958504483
test-54366,0.010991024401515202
test-54367,0.07050604183803323
test-54368,0.17574916308382335
test-54369,0.031517421584446585
test-5437,0.011045913735717226
test-54370,0.03284119368249791
test-54371,0.05015468531813707
test-54372,0.09787796055403811
test-54373,0.014721731784135784
test-54374,0.03957797408190487
test-54375,0.020468630093455273
test-54376,0.09787796055403811
test-54377,0.016356217674720227
test-54378,0.16695447271917302
test-54379,0.008489667824815639
test-5438,0.15295942477196064
test-54380,0.005864997006946785
test-54381,0.014251669165372897
test-54382,0.0669392073111586
test-54383,0.014785479463965879
test-54384,0.07571541313429064
test-54385,0.03549925549431718
test-54386,0.06719149267565015
test-54387,0.07881617991054099
test-54388,0.014449378104384989
test-54389,0.05053106596559426
test-5439,0.029115952135792354
test-54390,0.007095218109182395
test-54391,0.10797679989646634
test-54392,0.10459858811366371
test-54393,0.1767421804291832
test-54394,0.01223423381738066
test-54395,0.011171684817864626
test-54396,0.020112965291246482
test-54397,0.13061459443173212
test-54398,0.19203162890721892
test-54399,0.012295160759051458
test-544,0.05262000349273599
test-5440,0.04573711611258874
test-54400,0.014393168240554808
test-54401,0.13357185403306387
test-54402,0.040036434232552064
test-54403,0.014445483976445479
test-54404,0.0687732139720173
test-54405,0.011679309948148203
test-54406,0.040003294125408546
test-54407,0.13299771507880753
test-54408,0.010938763068309936
test-54409,0.016740870732518703
test-5441,0.050607702404658
test-54410,0.020730501466260202
test-54411,0.018759753779677053
test-54412,0.26371485876795103
test-54413,0.035111748493120716
test-54414,0.20761137872298321
test-54415,0.008877276589395956
test-54416,0.011820588051098981
test-54417,0.013383094462836491
test-54418,0.12718851936693726
test-54419,0.040532793689842556
test-5442,0.027913872445741613
test-54420,0.240660467244673
test-54421,0.034479997223566254
test-54422,0.15609928226063696
test-54423,0.02398962244139014
test-54424,0.27651754039730814
test-54425,0.07597101430311462
test-54426,0.02082402304522243
test-54427,0.15520740165833785
test-54428,0.06676008284922941
test-54429,0.06799151022186396
test-5443,0.014136373508152243
test-54430,0.024663375752763728
test-54431,0.02065650563778252
test-54432,0.011374973290934412
test-54433,0.040202895919939495
test-54434,0.37166907912227104
test-54435,0.01423211409246734
test-54436,0.3148252835080881
test-54437,0.03657477139843513
test-54438,0.27873740313811973
test-54439,0.10762610216729268
test-5444,0.10278743247462918
test-54440,0.20306068112668532
test-54441,0.012032359870092622
test-54442,0.07096446565888062
test-54443,0.12022751783154835
test-54444,0.008946816305919177
test-54445,0.2000923831544441
test-54446,0.05208457129373567
test-54447,0.12913253738235023
test-54448,0.00925803662767432
test-54449,0.06794476528463178
test-5445,0.023564361341999372
test-54450,0.010293197285930077
test-54451,0.2918898874612848
test-54452,0.017766750187933427
test-54453,0.08693042771975786
test-54454,0.02416837151317499
test-54455,0.0767143603949661
test-54456,0.14535525056269888
test-54457,0.2097282955517113
test-54458,0.049311175503878764
test-54459,0.006977776163856033
test-5446,0.016002657866801513
test-54460,0.13871389600675485
test-54461,0.0845135459612932
test-54462,0.057002833951133675
test-54463,0.05292059364532606
test-54464,0.05849542928708646
test-54465,0.138254967798283
test-54466,0.0052642294145295076
test-54467,0.04445644845018053
test-54468,0.15367332777355036
test-54469,0.02206799553251007
test-5447,0.01943986747308439
test-54470,0.024759814232610887
test-54471,0.05029581096973869
test-54472,0.014461758330756762
test-54473,0.01915204952432367
test-54474,0.13780251220359505
test-54475,0.16695447271917302
test-54476,0.015774652185970163
test-54477,0.048386476630313806
test-54478,0.01605638725158736
test-54479,0.21288233894264666
test-5448,0.061427217413244466
test-54480,0.1325908481624436
test-54481,0.018889342575130294
test-54482,0.015514309943200636
test-54483,0.07271648413950403
test-54484,0.011874309903035058
test-54485,0.014711644215959312
test-54486,0.016492935600351845
test-54487,0.010329387500377233
test-54488,0.02186559361364882
test-54489,0.042541387674799175
test-5449,0.03424180709443518
test-54490,0.03370749576437054
test-54491,0.21549462314533702
test-54492,0.03776885391726239
test-54493,0.023838468825116588
test-54494,0.03355403077527231
test-54495,0.02202177407025006
test-54496,0.0343589022913866
test-54497,0.2098552751020856
test-54498,0.022546837749173404
test-54499,0.13627186368508756
test-545,0.02744912407930588
test-5450,0.15675106052018356
test-54500,0.034059071723448915
test-54501,0.1543693773528168
test-54502,0.2683376918246786
test-54503,0.01708795377307525
test-54504,0.012848846583561222
test-54505,0.2943537819186007
test-54506,0.1267270290654796
test-54507,0.07154554671561687
test-54508,0.0777017658455544
test-54509,0.015106679509852084
test-5451,0.01362579590906642
test-54510,0.03128769407264955
test-54511,0.0856983539097059
test-54512,0.25541852355787653
test-54513,0.011181894023691349
test-54514,0.02770603068523842
test-54515,0.14687242711829068
test-54516,0.2352357764567006
test-54517,0.20490474069249415
test-54518,0.0173761038898696
test-54519,0.07498159567913477
test-5452,0.01160096903877367
test-54520,0.03957797408190487
test-54521,0.06870102300750512
test-54522,0.07505500726667728
test-54523,0.01573591401502423
test-54524,0.16389686144280036
test-54525,0.0667617332128144
test-54526,0.08947535898403998
test-54527,0.007963225328839363
test-54528,0.025429961316793627
test-54529,0.015227587877716078
test-5453,0.021429666358850557
test-54530,0.041557175529918444
test-54531,0.03225725208546367
test-54532,0.22294236261286865
test-54533,0.04468423038775441
test-54534,0.19161329105758582
test-54535,0.17411205945043515
test-54536,0.007127731985381665
test-54537,0.11256200323915286
test-54538,0.012750078353881809
test-54539,0.0368812105418498
test-5454,0.021869719819343273
test-54540,0.10849311745818162
test-54541,0.17810092093830981
test-54542,0.05840788400064799
test-54543,0.17136412077036645
test-54544,0.1239751526057153
test-54545,0.031992286187988044
test-54546,0.05339307069340168
test-54547,0.07454180806853551
test-54548,0.2578727466054428
test-54549,0.0258030441562941
test-5455,0.2996302160172384
test-54550,0.1501655086081887
test-54551,0.0071277652601250555
test-54552,0.21753487203461433
test-54553,0.009738410173290619
test-54554,0.020192620459502774
test-54555,0.021530393273041862
test-54556,0.16695447271917302
test-54557,0.007425821860385605
test-54558,0.044649535717264495
test-54559,0.159488066487377
test-5456,0.1501655086081887
test-54560,0.03411309725411415
test-54561,0.009268301333799857
test-54562,0.061577899304617906
test-54563,0.117276653086225
test-54564,0.34483674102449324
test-54565,0.044485353245159336
test-54566,0.20674059617269075
test-54567,0.041063853255502304
test-54568,0.027545699533449063
test-54569,0.01700697063035707
test-5457,0.010746940473996111
test-54570,0.014827393529463415
test-54571,0.06282477362200846
test-54572,0.048705798983757556
test-54573,0.014390477085816452
test-54574,0.15081910110497104
test-54575,0.1184941482567454
test-54576,0.019570761498231226
test-54577,0.3189027308864761
test-54578,0.024096545365370942
test-54579,0.0267131515732001
test-5458,0.12061688226950272
test-54580,0.029952567162603888
test-54581,0.25138529931620185
test-54582,0.010865154306093174
test-54583,0.08110413393213176
test-54584,0.1164434630110286
test-54585,0.018290525220486017
test-54586,0.2996162368309219
test-54587,0.1394463013726253
test-54588,0.16863140331983675
test-54589,0.042781742037783545
test-5459,0.29963814978759706
test-54590,0.2102049855014895
test-54591,0.38525091632176484
test-54592,0.011413886321069105
test-54593,0.006087827050344943
test-54594,0.04460871876098431
test-54595,0.31639113532117935
test-54596,0.19683817541355392
test-54597,0.1120303045694342
test-54598,0.30668518231662695
test-54599,0.010390044698351024
test-546,0.022353253853974235
test-5460,0.0105448410564779
test-54600,0.014423842832422913
test-54601,0.036550656717933734
test-54602,0.02710416574322473
test-54603,0.011417244999403591
test-54604,0.024153465663665198
test-54605,0.21709501679490018
test-54606,0.08108760466845946
test-54607,0.0329976129533215
test-54608,0.024311371219552725
test-54609,0.3301697560908203
test-5461,0.01229183887240377
test-54610,0.06423686515097136
test-54611,0.006151111407350198
test-54612,0.041193375683699504
test-54613,0.013752732858540862
test-54614,0.02283106503112394
test-54615,0.27645237717439647
test-54616,0.07637564854248848
test-54617,0.23471964439139448
test-54618,0.019846114743453522
test-54619,0.06551351904328022
test-5462,0.3551966811186103
test-54620,0.034210561934390794
test-54621,0.015846248989286014
test-54622,0.03152850737654181
test-54623,0.021591318349224897
test-54624,0.2561509459679947
test-54625,0.2520944155446072
test-54626,0.008474275643539121
test-54627,0.30710446018998244
test-54628,0.024763375491935205
test-54629,0.09885447874735091
test-5463,0.08541506873819635
test-54630,0.1418964298195254
test-54631,0.1302446070232294
test-54632,0.025044586742833785
test-54633,0.025893039648150727
test-54634,0.01845011831854662
test-54635,0.011465152755054046
test-54636,0.07958009128105223
test-54637,0.017615376371671397
test-54638,0.02541036929285332
test-54639,0.05378115542353582
test-5464,0.07233372634444932
test-54640,0.0896138703239691
test-54641,0.30437417783671544
test-54642,0.06981702566993575
test-54643,0.012608434595882583
test-54644,0.020105362678604067
test-54645,0.03999612281848788
test-54646,0.17867824740173796
test-54647,0.007103459395646547
test-54648,0.07584295858969656
test-54649,0.02273411513223965
test-5465,0.31031435814079444
test-54650,0.043631507262237475
test-54651,0.0795291451409869
test-54652,0.2103871678975931
test-54653,0.08313145872217456
test-54654,0.22285476052086933
test-54655,0.28256704567986324
test-54656,0.2694810074427193
test-54657,0.12819412947753134
test-54658,0.014101228933616218
test-54659,0.02040023263292976
test-5466,0.021263306335768277
test-54660,0.02491970991034308
test-54661,0.014414560129274097
test-54662,0.04328679322820245
test-54663,0.021876952991844972
test-54664,0.012287098800573505
test-54665,0.24122792347747563
test-54666,0.04850647399278072
test-54667,0.029352246102526514
test-54668,0.15614292641307986
test-54669,0.04892024870252464
test-5467,0.013063366478351462
test-54670,0.01674340214498572
test-54671,0.21072815418549992
test-54672,0.011844319783101178
test-54673,0.23321377473390856
test-54674,0.030419116154451902
test-54675,0.023733193720674933
test-54676,0.06932406619069881
test-54677,0.20952895320501613
test-54678,0.03189300139347545
test-54679,0.03481836348706266
test-5468,0.3142695718519875
test-54680,0.20368655124824386
test-54681,0.10163064986643279
test-54682,0.013980499275073636
test-54683,0.029581316050606023
test-54684,0.034517796922960385
test-54685,0.01860094647617388
test-54686,0.2509464776231174
test-54687,0.03426943249237818
test-54688,0.05273939999786985
test-54689,0.10200746347992094
test-5469,0.20368655124824386
test-54690,0.007212470816359605
test-54691,0.03355404763202613
test-54692,0.015464844067314583
test-54693,0.03758132345373125
test-54694,0.03720246025069621
test-54695,0.07101795161726386
test-54696,0.028589045745935782
test-54697,0.029589089253692424
test-54698,0.04051182369827448
test-54699,0.039579147011189184
test-547,0.03232593562424487
test-5470,0.010703823156936928
test-54700,0.028390060825545876
test-54701,0.02582207791941204
test-54702,0.34223675852065555
test-54703,0.03547748996562408
test-54704,0.029019008861732188
test-54705,0.014556186620116618
test-54706,0.3915781221280137
test-54707,0.1427565233467479
test-54708,0.17373533429039612
test-54709,0.05400256287771402
test-5471,0.20397147527842707
test-54710,0.08787585093911536
test-54711,0.009878841829129556
test-54712,0.10611439144084046
test-54713,0.3892874469683664
test-54714,0.022399083918691807
test-54715,0.02090111277714628
test-54716,0.012672750497912966
test-54717,0.00951397352036494
test-54718,0.021680426991290556
test-54719,0.27337144509997996
test-5472,0.03446253759755385
test-54720,0.13952041636661455
test-54721,0.006995565682995617
test-54722,0.007789394860771345
test-54723,0.09532766140482601
test-54724,0.09787796055403811
test-54725,0.2683376918246786
test-54726,0.009826666665175085
test-54727,0.04472957949159827
test-54728,0.15312758166961016
test-54729,0.09799967332069355
test-5473,0.3788549098223713
test-54730,0.01572519135660913
test-54731,0.033692144423042046
test-54732,0.01519524321004887
test-54733,0.02729310246731004
test-54734,0.05702276481777118
test-54735,0.02189360514640424
test-54736,0.016816225867549363
test-54737,0.0189715097349207
test-54738,0.16287240442104234
test-54739,0.009867388615050219
test-5474,0.31246331718000564
test-54740,0.15621021235226837
test-54741,0.25231888216252873
test-54742,0.15278705396159145
test-54743,0.02421738029527108
test-54744,0.04667106695649084
test-54745,0.04815304499224502
test-54746,0.011655638275615053
test-54747,0.009303318890616688
test-54748,0.0846182167635542
test-54749,0.12819412947753134
test-5475,0.03452257220574676
test-54750,0.07233506512637516
test-54751,0.24507191229995856
test-54752,0.01537446849486271
test-54753,0.02643752365656898
test-54754,0.019217457397288085
test-54755,0.07474491185628451
test-54756,0.03438391979839648
test-54757,0.22533292669315774
test-54758,0.008052484332869985
test-54759,0.024663900997276347
test-5476,0.04371739997126556
test-54760,0.10261551274109752
test-54761,0.06150977981023784
test-54762,0.09959587307804163
test-54763,0.09194310697337356
test-54764,0.18706150624425438
test-54765,0.17928128378744085
test-54766,0.01421906430454332
test-54767,0.01693111875027418
test-54768,0.06273935125976875
test-54769,0.19752160476840017
test-5477,0.05129896879592758
test-54770,0.04040713825639425
test-54771,0.20368655124824386
test-54772,0.10279217596403738
test-54773,0.01708795377307525
test-54774,0.007950148580566092
test-54775,0.05997031636792433
test-54776,0.10598382533957888
test-54777,0.04475351461529831
test-54778,0.11010384400004583
test-54779,0.00943182662075909
test-5478,0.2634286252196506
test-54780,0.08351391979003198
test-54781,0.1808444539321747
test-54782,0.12866674329731925
test-54783,0.05406285928652877
test-54784,0.013787221069786896
test-54785,0.041652364660911025
test-54786,0.011213342655911712
test-54787,0.030598738255551695
test-54788,0.02911035985776553
test-54789,0.03355724863031385
test-5479,0.11789641164114202
test-54790,0.01166729306717135
test-54791,0.02712053947067356
test-54792,0.1684043301191841
test-54793,0.03242352507069569
test-54794,0.180236185398356
test-54795,0.02517167588629617
test-54796,0.11731188802771474
test-54797,0.06183208280215057
test-54798,0.10506918926934176
test-54799,0.13771016827589383
test-548,0.015940929991692263
test-5480,0.026138683794814384
test-54800,0.025539205775786927
test-54801,0.11911931882595633
test-54802,0.013636947583377041
test-54803,0.03341148536246995
test-54804,0.024336851007404264
test-54805,0.3616112552673597
test-54806,0.11192954368951438
test-54807,0.03504610775457435
test-54808,0.04498419672122553
test-54809,0.057367702091606576
test-5481,0.06912309603190896
test-54810,0.10224195915081699
test-54811,0.03201523537571166
test-54812,0.033678921108516065
test-54813,0.047467725380945826
test-54814,0.03895619095237962
test-54815,0.07300415700059695
test-54816,0.00900513510810355
test-54817,0.05886003246688672
test-54818,0.0669392073111586
test-54819,0.016999967414620138
test-5482,0.0077327751780737934
test-54820,0.11635106144084761
test-54821,0.0066112284652752405
test-54822,0.1512602803157519
test-54823,0.011923716320363115
test-54824,0.023572298361922667
test-54825,0.03850498529229236
test-54826,0.04526910096224766
test-54827,0.024348731085372305
test-54828,0.009835718885900025
test-54829,0.07354371265310783
test-5483,0.22557339212051458
test-54830,0.01851963378844806
test-54831,0.040828518271503154
test-54832,0.0846182167635542
test-54833,0.07990520368371101
test-54834,0.09673533330374554
test-54835,0.22989627544083008
test-54836,0.05003697088968722
test-54837,0.2554044436003909
test-54838,0.04237365528321455
test-54839,0.01800490838012996
test-5484,0.033465491495889364
test-54840,0.024932301950687456
test-54841,0.25437097360736777
test-54842,0.11412015650690727
test-54843,0.14019608138645961
test-54844,0.021882713482676616
test-54845,0.02230607694838327
test-54846,0.04502985002393275
test-54847,0.008152022865336674
test-54848,0.01924557170142916
test-54849,0.02483301043595273
test-5485,0.08003083037374147
test-54850,0.02334601625075961
test-54851,0.04816329728775406
test-54852,0.21532414731026325
test-54853,0.11246601556151103
test-54854,0.02571334115228117
test-54855,0.0109414930903857
test-54856,0.11406573607985475
test-54857,0.017097818989967702
test-54858,0.03545806977591383
test-54859,0.05003697088968722
test-5486,0.024953578225078005
test-54860,0.013093536827606138
test-54861,0.018215047334944164
test-54862,0.06132468210479795
test-54863,0.05960952739542704
test-54864,0.23975475368616822
test-54865,0.18233921780840798
test-54866,0.12663596937894922
test-54867,0.02528417473675486
test-54868,0.18114757255006078
test-54869,0.25617523701832695
test-5487,0.028747739436958533
test-54870,0.009374436369182884
test-54871,0.015221312402950857
test-54872,0.14780509993588264
test-54873,0.07240425457499185
test-54874,0.06565466900428407
test-54875,0.16628639716760163
test-54876,0.023916729792297857
test-54877,0.33979090866333667
test-54878,0.021176670602333646
test-54879,0.2970232705986067
test-5488,0.29823509990253405
test-54880,0.017958449126683887
test-54881,0.024582645620563313
test-54882,0.0056624041393651976
test-54883,0.013449274926769263
test-54884,0.2862325906440258
test-54885,0.026968922041531923
test-54886,0.3092815091649232
test-54887,0.019736170150145723
test-54888,0.1425004619838877
test-54889,0.03263256366981311
test-5489,0.08739485527271336
test-54890,0.040356896647089385
test-54891,0.03392576713547782
test-54892,0.03623292733103202
test-54893,0.04622779322770884
test-54894,0.20894478746829978
test-54895,0.15823290013151686
test-54896,0.030401671386329796
test-54897,0.02757799736869128
test-54898,0.03774068204117009
test-54899,0.08676426786931425
test-549,0.16554399283725926
test-5490,0.014998950325453238
test-54900,0.19412838822713607
test-54901,0.027765971254354108
test-54902,0.17439512123595358
test-54903,0.08104436183233167
test-54904,0.024171764427823497
test-54905,0.019679839437010408
test-54906,0.2627667752415254
test-54907,0.16988424671439167
test-54908,0.03364522095430581
test-54909,0.08136091540977422
test-5491,0.0076923280727946
test-54910,0.04782812181748887
test-54911,0.013769529230522055
test-54912,0.05015468531813707
test-54913,0.1293635511377556
test-54914,0.2162194205878064
test-54915,0.09577148861252165
test-54916,0.16157117893977546
test-54917,0.10962648543678266
test-54918,0.053087756402652175
test-54919,0.06148093363491958
test-5492,0.04166971932024224
test-54920,0.012122039167862647
test-54921,0.02819651764089565
test-54922,0.18192639915893058
test-54923,0.10062551206765444
test-54924,0.0267348535230178
test-54925,0.02431661418585507
test-54926,0.36640663919411814
test-54927,0.009814803853421353
test-54928,0.030231811821770774
test-54929,0.11246601556151103
test-5493,0.18489321391937502
test-54930,0.050786460004133685
test-54931,0.2920417149647976
test-54932,0.3904836851331752
test-54933,0.009644095471519582
test-54934,0.038497929032631883
test-54935,0.018947075837533266
test-54936,0.020117100769118414
test-54937,0.0449782884592608
test-54938,0.011149354618530373
test-54939,0.022596137198556486
test-5494,0.014423307447664081
test-54940,0.06295860368448064
test-54941,0.13655388313616637
test-54942,0.043426535588116044
test-54943,0.027445786742491273
test-54944,0.20375945124330658
test-54945,0.04518614912790843
test-54946,0.2923265640510447
test-54947,0.02030926546596468
test-54948,0.16695447271917302
test-54949,0.20040820951485716
test-5495,0.02358963427693488
test-54950,0.01750294185479935
test-54951,0.4123612153931427
test-54952,0.06615982495733608
test-54953,0.3782961444772794
test-54954,0.020741469757303017
test-54955,0.021074747851161882
test-54956,0.024494548869393194
test-54957,0.025991586662280637
test-54958,0.013444946971638425
test-54959,0.2526761658637946
test-5496,0.2210812945987843
test-54960,0.03483289941305728
test-54961,0.019718980997108903
test-54962,0.061577899304617906
test-54963,0.020846516394319916
test-54964,0.09133455971328348
test-54965,0.09711643394161078
test-54966,0.10509029641039076
test-54967,0.02879768738411773
test-54968,0.018892185174023992
test-54969,0.022566215559996532
test-5497,0.09375794873914622
test-54970,0.08676426786931425
test-54971,0.010193489442070066
test-54972,0.08735279015836953
test-54973,0.014712834200383558
test-54974,0.029992248615745305
test-54975,0.014303296213651485
test-54976,0.04555250775121644
test-54977,0.009402932383184069
test-54978,0.011524928481758307
test-54979,0.1464066698664989
test-5498,0.009430948433226895
test-54980,0.026262592002976745
test-54981,0.03563965779772
test-54982,0.21594860839746274
test-54983,0.1821642501848056
test-54984,0.08051212377832638
test-54985,0.033027922198335696
test-54986,0.19659512370963317
test-54987,0.005558407941292475
test-54988,0.02594056512542691
test-54989,0.010721340125093718
test-5499,0.18334291983547038
test-54990,0.040036434232552064
test-54991,0.09921883879056644
test-54992,0.10954364836709111
test-54993,0.01845011831854662
test-54994,0.16948764875643343
test-54995,0.03793313222961808
test-54996,0.3202803639379476
test-54997,0.13882851687097617
test-54998,0.12387453735325919
test-54999,0.02299788997085712
test-55,0.07119220410274368
test-550,0.21534824947579595
test-5500,0.2668930614267642
test-55000,0.013661477967226133
test-55001,0.07736971131561239
test-55002,0.15396993191995278
test-55003,0.01113988751654404
test-55004,0.01715188061946813
test-55005,0.042622087932860084
test-55006,0.011307573783664988
test-55007,0.26127518769823077
test-55008,0.09776683496539343
test-55009,0.03247833308736117
test-5501,0.0669392073111586
test-55010,0.2097175660502435
test-55011,0.008893522455984727
test-55012,0.009641536660070933
test-55013,0.164816081151123
test-55014,0.09238432317454845
test-55015,0.1394463013726253
test-55016,0.0845112706904508
test-55017,0.010611211543265615
test-55018,0.016853472465928727
test-55019,0.09503873836229888
test-5502,0.025566884771551134
test-55020,0.17063539552866278
test-55021,0.2697507449282824
test-55022,0.08579001405311393
test-55023,0.018340628993920128
test-55024,0.02784835461398378
test-55025,0.18818656064677738
test-55026,0.01275346133462119
test-55027,0.029218878653864567
test-55028,0.05419815143092906
test-55029,0.04984605287855657
test-5503,0.05498965530279614
test-55030,0.1111975778868382
test-55031,0.0738270094194662
test-55032,0.019040933000043118
test-55033,0.06568862924189886
test-55034,0.026344157153257563
test-55035,0.16695447271917302
test-55036,0.02078194835325232
test-55037,0.04154351699599006
test-55038,0.02073436617812017
test-55039,0.01982600331489965
test-5504,0.09600477722173095
test-55040,0.08667552464164029
test-55041,0.07105152079611841
test-55042,0.09525904931671919
test-55043,0.12619456541899685
test-55044,0.01823975191496349
test-55045,0.22231228069260464
test-55046,0.04315587774234556
test-55047,0.1115324695658754
test-55048,0.04750716366796516
test-55049,0.3937301534634637
test-5505,0.014845289041289901
test-55050,0.01994587175762369
test-55051,0.052499391636985304
test-55052,0.013254518497574044
test-55053,0.0952487538610798
test-55054,0.05452883679831
test-55055,0.0720212086972049
test-55056,0.009545034553759282
test-55057,0.055306836524075705
test-55058,0.02598049569371233
test-55059,0.015616493869373128
test-5506,0.09397854738718359
test-55060,0.02403168801781399
test-55061,0.013892831984056305
test-55062,0.1286226581466802
test-55063,0.017169715141289368
test-55064,0.043653899513224625
test-55065,0.022296175960891534
test-55066,0.024276976984429908
test-55067,0.16118177903037845
test-55068,0.029277938579220834
test-55069,0.16882863782341825
test-5507,0.022868446235120264
test-55070,0.024439389727025557
test-55071,0.04947348397408301
test-55072,0.05930059350811367
test-55073,0.01645726229960979
test-55074,0.18645116020958893
test-55075,0.29504950673152175
test-55076,0.29173382660954567
test-55077,0.0751332706005262
test-55078,0.05667112368248725
test-55079,0.02502193614509595
test-5508,0.01314763440874231
test-55080,0.055353832410477095
test-55081,0.07882245436106063
test-55082,0.0335768628392846
test-55083,0.41953309661076543
test-55084,0.008933588382267687
test-55085,0.026954276667901966
test-55086,0.04630985546128157
test-55087,0.02864292078150784
test-55088,0.017298173660729818
test-55089,0.21972926859149694
test-5509,0.01910033015969743
test-55090,0.19737848576403597
test-55091,0.18262844240160467
test-55092,0.17294909886245266
test-55093,0.11406573607985475
test-55094,0.013950576316570297
test-55095,0.006689664744031734
test-55096,0.013548233310112179
test-55097,0.13485037610437464
test-55098,0.20379282278347918
test-55099,0.21797593163451404
test-551,0.021861346286751165
test-5510,0.022703482425644655
test-55100,0.15800163887838328
test-55101,0.016180805886857306
test-55102,0.09074716268413593
test-55103,0.030018899343782587
test-55104,0.2044799643817732
test-55105,0.11016348075601297
test-55106,0.0734238194770512
test-55107,0.05137338748154206
test-55108,0.14811326198206934
test-55109,0.36956540926548864
test-5511,0.19286334359055451
test-55110,0.026197504248528142
test-55111,0.011202733467274061
test-55112,0.030207897599118266
test-55113,0.02849930322532468
test-55114,0.053341850880775386
test-55115,0.02657466684338275
test-55116,0.21678991858611896
test-55117,0.07039556082839186
test-55118,0.018706699467387792
test-55119,0.11640231571006414
test-5512,0.061577899304617906
test-55120,0.3242611331474619
test-55121,0.30902669917001296
test-55122,0.04038996591749597
test-55123,0.02980127913271256
test-55124,0.1887471611815216
test-55125,0.010473543206030833
test-55126,0.06854320575244369
test-55127,0.022786185002799077
test-55128,0.18158272582885135
test-55129,0.03680520837139179
test-5513,0.009535280468203103
test-55130,0.026281584438149017
test-55131,0.008622997435851496
test-55132,0.22862492777119403
test-55133,0.15705573592747404
test-55134,0.017856527026678157
test-55135,0.026361877097283624
test-55136,0.11085505359183834
test-55137,0.02184070392216544
test-55138,0.030223106972383045
test-55139,0.010823358649941982
test-5514,0.06564334507454683
test-55140,0.01637697474636509
test-55141,0.017480831738929947
test-55142,0.0853103464573093
test-55143,0.09854591337476572
test-55144,0.2097282955517113
test-55145,0.03882480324538703
test-55146,0.10358190491739874
test-55147,0.2006349097984084
test-55148,0.04237541574386002
test-55149,0.2840521593470151
test-5515,0.18429853853215045
test-55150,0.12216535296546127
test-55151,0.028608448456488092
test-55152,0.0092119280546325
test-55153,0.04371739997126556
test-55154,0.007614978351067604
test-55155,0.024586251360195363
test-55156,0.06704906265796337
test-55157,0.04455476977367337
test-55158,0.009928707470995125
test-55159,0.11508191521961349
test-5516,0.37944571146512684
test-55160,0.059501922873155644
test-55161,0.07737288491503506
test-55162,0.23785414048817588
test-55163,0.19785562177302252
test-55164,0.016819430848251788
test-55165,0.13406049661288896
test-55166,0.009334258465619055
test-55167,0.10179144465122647
test-55168,0.09787796055403811
test-55169,0.14945940739886726
test-5517,0.022265233110058454
test-55170,0.04848503436592343
test-55171,0.08952779025173685
test-55172,0.10230583392443905
test-55173,0.05326015878532375
test-55174,0.09787796055403811
test-55175,0.016250437070915696
test-55176,0.02061349538904076
test-55177,0.026177659504498945
test-55178,0.09130212170580593
test-55179,0.0189114761991466
test-5518,0.011260140682667721
test-55180,0.00720124912559948
test-55181,0.06845179840037012
test-55182,0.09920627864204296
test-55183,0.02920576480527107
test-55184,0.011841520233121856
test-55185,0.036288919880370564
test-55186,0.013772449892618114
test-55187,0.08563143944380185
test-55188,0.17645226684991447
test-55189,0.040265697977749426
test-5519,0.03376808888379797
test-55190,0.033516589218509446
test-55191,0.056479305367595406
test-55192,0.15221873258211768
test-55193,0.03248735038399386
test-55194,0.021213463850150945
test-55195,0.03970043854441222
test-55196,0.15071261327754834
test-55197,0.07300415700059695
test-55198,0.009480074856998148
test-55199,0.01517552446226218
test-552,0.015562762043461607
test-5520,0.10720414461486592
test-55200,0.24278861685360972
test-55201,0.01019435428557345
test-55202,0.012913762425895882
test-55203,0.09860381645007209
test-55204,0.033132991778290516
test-55205,0.016270184024423318
test-55206,0.07717321049652556
test-55207,0.020665047854502877
test-55208,0.03177318876925488
test-55209,0.05339307069340168
test-5521,0.24687799999935114
test-55210,0.07792985377993111
test-55211,0.04410930343563196
test-55212,0.17305536701289886
test-55213,0.08245214750606714
test-55214,0.17645226684991447
test-55215,0.048881510336202236
test-55216,0.1521325635001935
test-55217,0.07922747086822908
test-55218,0.011856442211232972
test-55219,0.03286716334690705
test-5522,0.12819412947753134
test-55220,0.028071869279690718
test-55221,0.29915679383787624
test-55222,0.0083251271552742
test-55223,0.07799433853261355
test-55224,0.023615232498109363
test-55225,0.07215369986590787
test-55226,0.1181891789181939
test-55227,0.07802819961977205
test-55228,0.0143960792969313
test-55229,0.023292771739372956
test-5523,0.04992602504619911
test-55230,0.019620615246685468
test-55231,0.10559517341699114
test-55232,0.06769089613322582
test-55233,0.17271814818521514
test-55234,0.0902956222819571
test-55235,0.02099531731576139
test-55236,0.011792102812088508
test-55237,0.1141708961223849
test-55238,0.017766449260914648
test-55239,0.06989588257000236
test-5524,0.017533523634030237
test-55240,0.0712625966926202
test-55241,0.20714357927128105
test-55242,0.08628643516533775
test-55243,0.010025175757988326
test-55244,0.0705135476962783
test-55245,0.3473311046381655
test-55246,0.014348141296132468
test-55247,0.009110555670711038
test-55248,0.13214605863509218
test-55249,0.02224177431698411
test-5525,0.21577748897889396
test-55250,0.03355403077527231
test-55251,0.17551938704080666
test-55252,0.047304894717805364
test-55253,0.06794476528463178
test-55254,0.04163741928217171
test-55255,0.037134631767729874
test-55256,0.044200675822435566
test-55257,0.02042302183730795
test-55258,0.10151779096905766
test-55259,0.21918413631800254
test-5526,0.2659728640896202
test-55260,0.007466184549137537
test-55261,0.13900678209946057
test-55262,0.016986864718310412
test-55263,0.055546609621607436
test-55264,0.04252105837468247
test-55265,0.11534856991835835
test-55266,0.0470541194742211
test-55267,0.33237016745917264
test-55268,0.1878853637479475
test-55269,0.007670107894692098
test-5527,0.06533089556667467
test-55270,0.3399115432973241
test-55271,0.015710386062030148
test-55272,0.07455680586283805
test-55273,0.1398388875173638
test-55274,0.02413752569469882
test-55275,0.013916734412251415
test-55276,0.021263646890880988
test-55277,0.016137574322781772
test-55278,0.0787718604191346
test-55279,0.018640723275663948
test-5528,0.011081113691221467
test-55280,0.25754665304063634
test-55281,0.05382826530370033
test-55282,0.1545841629544605
test-55283,0.08260182777979576
test-55284,0.21743890768947802
test-55285,0.0190902466233434
test-55286,0.11155795198820675
test-55287,0.034462792400414846
test-55288,0.11670533939664895
test-55289,0.03542090223640247
test-5529,0.059501922873155644
test-55290,0.05959235513548363
test-55291,0.27930813838708396
test-55292,0.022235759188700563
test-55293,0.17637710583654165
test-55294,0.383532030181582
test-55295,0.03009383363727262
test-55296,0.2806379484259208
test-55297,0.26905772254220034
test-55298,0.36488633000170795
test-55299,0.12523201730013997
test-553,0.0948396067528075
test-5530,0.12466564908881349
test-55300,0.2186271648032219
test-55301,0.05047714203040243
test-55302,0.12663596937894922
test-55303,0.14909694591201741
test-55304,0.23203154109969254
test-55305,0.027148237276201435
test-55306,0.08986893859796763
test-55307,0.0895814877619895
test-55308,0.00885714230540158
test-55309,0.01749138381696771
test-5531,0.026051780674406045
test-55310,0.03654104591740333
test-55311,0.058555291549651736
test-55312,0.060621173986290355
test-55313,0.17942591900817922
test-55314,0.04704312740228737
test-55315,0.009834215228138052
test-55316,0.012712956844850309
test-55317,0.28641784713248625
test-55318,0.02968468352589666
test-55319,0.017708070705569744
test-5532,0.15089502127800802
test-55320,0.011761128455391581
test-55321,0.010265106622140703
test-55322,0.036279117385264244
test-55323,0.038656765868651195
test-55324,0.009546440519245122
test-55325,0.06350134856352249
test-55326,0.08989173003361624
test-55327,0.09242941728911187
test-55328,0.005896814012058332
test-55329,0.02739906031649345
test-5533,0.007259238051114236
test-55330,0.023348959010401113
test-55331,0.011976145588838782
test-55332,0.04475351461529831
test-55333,0.03511161884169612
test-55334,0.019910029249631814
test-55335,0.08120451083510116
test-55336,0.05015468531813707
test-55337,0.13775918575813118
test-55338,0.08634463618227499
test-55339,0.1335128383096948
test-5534,0.03427747901925157
test-55340,0.19557583124131472
test-55341,0.019631670880976625
test-55342,0.09122904506890733
test-55343,0.027112312228015648
test-55344,0.013666201958098036
test-55345,0.08091840458510943
test-55346,0.09242978149388596
test-55347,0.01657402983889894
test-55348,0.09538853959833127
test-55349,0.007624628117751953
test-5535,0.1758985415831207
test-55350,0.21065464471013468
test-55351,0.05274225833823164
test-55352,0.10332550872205291
test-55353,0.1542053657775312
test-55354,0.023845913535303964
test-55355,0.037211025947255096
test-55356,0.12663596937894922
test-55357,0.04911292867257182
test-55358,0.25693559837454594
test-55359,0.31615508057445774
test-5536,0.01875601145321983
test-55360,0.009482856086595772
test-55361,0.014306002372027522
test-55362,0.028231343595340297
test-55363,0.022278862997029338
test-55364,0.2149116277557612
test-55365,0.0812480973782408
test-55366,0.0163721499563329
test-55367,0.0559103285581388
test-55368,0.12808666153931675
test-55369,0.08987093064248657
test-5537,0.11709343371842393
test-55370,0.06802386403915235
test-55371,0.0217691364085727
test-55372,0.018184271366048468
test-55373,0.019444993816206506
test-55374,0.3417827137225313
test-55375,0.021935965635050354
test-55376,0.15644328139772729
test-55377,0.026125021856884912
test-55378,0.018242833628021118
test-55379,0.2332885994520164
test-5538,0.01743231908402901
test-55380,0.09461053780887678
test-55381,0.3071526752192034
test-55382,0.017023028369148745
test-55383,0.01420747640398104
test-55384,0.034846286765317674
test-55385,0.09299334550036202
test-55386,0.041644692851619175
test-55387,0.021912278809305873
test-55388,0.031006711578291355
test-55389,0.021370624655672955
test-5539,0.112326537443472
test-55390,0.12472830242054916
test-55391,0.061303257737519094
test-55392,0.1620083278541084
test-55393,0.024989864675868497
test-55394,0.035052285392903136
test-55395,0.11412015650690727
test-55396,0.01225211025166231
test-55397,0.012084274732838221
test-55398,0.3136040974364507
test-55399,0.15594270400283508
test-554,0.034555897844975564
test-5540,0.03957797408190487
test-55400,0.019851290641076134
test-55401,0.09095363519959088
test-55402,0.04095538478435022
test-55403,0.03844314234371321
test-55404,0.009796153405959409
test-55405,0.0669392073111586
test-55406,0.01152452388048024
test-55407,0.1387912684604512
test-55408,0.021111922174369736
test-55409,0.014564924089356298
test-5541,0.17928128378744085
test-55410,0.16429353043764877
test-55411,0.033220947084565446
test-55412,0.2701438559940286
test-55413,0.21215486156395133
test-55414,0.012942735812613413
test-55415,0.3328253372369291
test-55416,0.012343274359191607
test-55417,0.04104340032989423
test-55418,0.009839388098530208
test-55419,0.0881528246744881
test-5542,0.14564907175744427
test-55420,0.03479829880539599
test-55421,0.013065806117734098
test-55422,0.11134257778953977
test-55423,0.07382104281697081
test-55424,0.09787796055403811
test-55425,0.058128449677796
test-55426,0.008803894852956283
test-55427,0.018420889742220368
test-55428,0.007948579210243233
test-55429,0.016157961477912434
test-5543,0.14693661720994938
test-55430,0.04563335350131595
test-55431,0.05920961658450859
test-55432,0.0687732139720173
test-55433,0.30311173782463047
test-55434,0.03170912372369171
test-55435,0.05015468531813707
test-55436,0.03512980941010137
test-55437,0.025396044134555203
test-55438,0.27053886183789116
test-55439,0.016226216210655977
test-5544,0.23313255838177574
test-55440,0.017705077139470265
test-55441,0.03809956878838903
test-55442,0.33237016745917264
test-55443,0.018049446888792793
test-55444,0.016137574322781772
test-55445,0.03573616798361581
test-55446,0.02064173466419979
test-55447,0.09426242042194304
test-55448,0.2597677620565802
test-55449,0.10651050269226958
test-5545,0.07187779451907506
test-55450,0.012371288840592572
test-55451,0.010034071505393316
test-55452,0.06589512710378981
test-55453,0.02558065867729579
test-55454,0.07014673511928562
test-55455,0.023676471151441635
test-55456,0.017279515207497497
test-55457,0.08676426786931425
test-55458,0.1397316642977996
test-55459,0.11152269013488464
test-5546,0.21567342122570762
test-55460,0.022215811459373756
test-55461,0.01699296175221749
test-55462,0.1976442827080825
test-55463,0.010724148735403932
test-55464,0.15478777333310217
test-55465,0.1835518712678432
test-55466,0.015514309943200636
test-55467,0.024716726541841913
test-55468,0.02756324778020101
test-55469,0.02045696985901155
test-5547,0.02726566904393707
test-55470,0.02252153963573208
test-55471,0.1613394059686605
test-55472,0.023109182658623093
test-55473,0.011374594655167198
test-55474,0.08383160960922797
test-55475,0.02751105564048439
test-55476,0.194717333791295
test-55477,0.01898448455687775
test-55478,0.08489251561461744
test-55479,0.4063727899228229
test-5548,0.20274245429682122
test-55480,0.0352216441467667
test-55481,0.2841916820042579
test-55482,0.013726990733104372
test-55483,0.01614848536816466
test-55484,0.13292193093672713
test-55485,0.011857842433996114
test-55486,0.18080951728938083
test-55487,0.2120645297924191
test-55488,0.019608525591206398
test-55489,0.04517595124316359
test-5549,0.25955317583110055
test-55490,0.040749367449237336
test-55491,0.06854068642831915
test-55492,0.02380841463217579
test-55493,0.01434580370300793
test-55494,0.09261553399077478
test-55495,0.1530053626978643
test-55496,0.042687660912862975
test-55497,0.1666025006369793
test-55498,0.0269519129843276
test-55499,0.043868449305201625
test-555,0.014765389212891814
test-5550,0.09673533330374554
test-55500,0.01975315287464747
test-55501,0.04867731809212056
test-55502,0.15534799891709514
test-55503,0.09673533330374554
test-55504,0.054178985817942456
test-55505,0.02054569920893457
test-55506,0.23397263131986537
test-55507,0.03620946734111481
test-55508,0.01644210962601622
test-55509,0.01036636732248958
test-5551,0.019473068125667056
test-55510,0.029654028140163647
test-55511,0.024369266593117233
test-55512,0.008198592029365933
test-55513,0.19319438777168021
test-55514,0.02235476076526124
test-55515,0.058773129625966126
test-55516,0.11255360137593563
test-55517,0.07300415700059695
test-55518,0.022539219922531602
test-55519,0.010894143460365022
test-5552,0.3496894114393817
test-55520,0.025540855546325895
test-55521,0.6004210829948008
test-55522,0.010019288567208913
test-55523,0.09860381645007209
test-55524,0.010931425552173673
test-55525,0.06837716154279296
test-55526,0.016169273991559922
test-55527,0.12820585654822525
test-55528,0.06866260127631668
test-55529,0.03134742949344751
test-5553,0.018801654940052766
test-55530,0.01318311332107295
test-55531,0.06709878207500149
test-55532,0.0188633697285239
test-55533,0.022893712433732102
test-55534,0.03591162686152082
test-55535,0.01522334625391773
test-55536,0.05339307069340168
test-55537,0.08890115724917734
test-55538,0.005911302396931302
test-55539,0.26977466293045965
test-5554,0.04252105837468247
test-55540,0.05339307069340168
test-55541,0.013536012921073417
test-55542,0.17820205542073778
test-55543,0.31639113532117935
test-55544,0.09217023634609918
test-55545,0.015757557476928606
test-55546,0.0846182167635542
test-55547,0.0465541924868547
test-55548,0.015125252706988914
test-55549,0.4123612153931427
test-5555,0.16117800335293292
test-55550,0.01323511088045578
test-55551,0.017097493019357812
test-55552,0.012327448442231857
test-55553,0.23145489665949875
test-55554,0.011082051018715226
test-55555,0.22274983826365902
test-55556,0.017503348817284443
test-55557,0.010249205822156663
test-55558,0.03196244953875619
test-55559,0.19261025553019798
test-5556,0.13226453890177925
test-55560,0.2717588825600514
test-55561,0.1397714337663704
test-55562,0.2274050332466561
test-55563,0.0085027878816854
test-55564,0.14534326559007538
test-55565,0.014217704812579212
test-55566,0.03337136291541534
test-55567,0.032247044202883594
test-55568,0.17203056153425067
test-55569,0.26656390859261436
test-5557,0.1084737992035077
test-55570,0.011465152755054046
test-55571,0.01953846145278959
test-55572,0.029050937617878945
test-55573,0.0164934355381801
test-55574,0.1886959288050594
test-55575,0.00690536154928743
test-55576,0.021409856550416145
test-55577,0.14584971832814003
test-55578,0.031371133691300714
test-55579,0.17259363028086805
test-5558,0.18839032327357197
test-55580,0.034147267623992804
test-55581,0.24753854141974652
test-55582,0.2630475873372386
test-55583,0.009913963062076035
test-55584,0.04268435468898257
test-55585,0.11685640160569279
test-55586,0.01948099343649746
test-55587,0.16003739305454873
test-55588,0.08945981984662399
test-55589,0.05968934362847104
test-5559,0.014622936338569656
test-55590,0.20557351254148754
test-55591,0.019139098672406422
test-55592,0.03605731874066555
test-55593,0.2921408309036412
test-55594,0.02055607859142553
test-55595,0.0088884644069392
test-55596,0.0426240029720509
test-55597,0.010553787197866489
test-55598,0.022397973449528256
test-55599,0.09537997607970812
test-556,0.018740175157378202
test-5560,0.0477224674844013
test-55600,0.21781458326343048
test-55601,0.018633525379544935
test-55602,0.030324535960043784
test-55603,0.033131842666517856
test-55604,0.19044778914481764
test-55605,0.09618825434262546
test-55606,0.016740870732518703
test-55607,0.10647071093501637
test-55608,0.23872377668845116
test-55609,0.022944535181318705
test-5561,0.14132883506858265
test-55610,0.04252105837468247
test-55611,0.019068809769134887
test-55612,0.039056486816039286
test-55613,0.14584971832814003
test-55614,0.028129446397234234
test-55615,0.06232053961884201
test-55616,0.0312491150848541
test-55617,0.006391234204029791
test-55618,0.08654061718605506
test-55619,0.038810084116722654
test-5562,0.08345035645319317
test-55620,0.08046310382999218
test-55621,0.0687732139720173
test-55622,0.04252582300466431
test-55623,0.14419345204562198
test-55624,0.03494176973610006
test-55625,0.09123103626434727
test-55626,0.32372745703757216
test-55627,0.04486554286296101
test-55628,0.0178568946379167
test-55629,0.07300415700059695
test-5563,0.052300246375189076
test-55630,0.016778284688104713
test-55631,0.021346821693959576
test-55632,0.10557536123792964
test-55633,0.01026917100739405
test-55634,0.008940824532284513
test-55635,0.011674688081454661
test-55636,0.01492761066681292
test-55637,0.31031435814079444
test-55638,0.019587472439942143
test-55639,0.3019349332815188
test-5564,0.2900110847482954
test-55640,0.058161835636395494
test-55641,0.12913253738235023
test-55642,0.07153589652994255
test-55643,0.1135625185927531
test-55644,0.08223371600103453
test-55645,0.020620485830769995
test-55646,0.01805716656498124
test-55647,0.023844142772539084
test-55648,0.41727580565738814
test-55649,0.23567563869500388
test-5565,0.05339307069340168
test-55650,0.15644328139772729
test-55651,0.03835717689443398
test-55652,0.02893351922011484
test-55653,0.011308921997780209
test-55654,0.017766034624741366
test-55655,0.04099987846933746
test-55656,0.15960023390875358
test-55657,0.024749238794340253
test-55658,0.028759878353670058
test-55659,0.2753581837078324
test-5566,0.028098450361464383
test-55660,0.027900727980637488
test-55661,0.17774023712369885
test-55662,0.2601123455675482
test-55663,0.1527919355446522
test-55664,0.24751737360503032
test-55665,0.02903667080386942
test-55666,0.018807787057313775
test-55667,0.036571524295900784
test-55668,0.1268572231381339
test-55669,0.229544998805182
test-5567,0.2158245032153357
test-55670,0.013341016380945094
test-55671,0.14692603092410214
test-55672,0.008913385401829961
test-55673,0.006872667425661669
test-55674,0.17154134847826547
test-55675,0.25525551313393147
test-55676,0.007463879085555414
test-55677,0.11020819463070436
test-55678,0.013515535242915478
test-55679,0.046303783060715684
test-5568,0.008391584304000404
test-55680,0.2010157652829108
test-55681,0.0669392073111586
test-55682,0.1762976970914442
test-55683,0.0073227001068794295
test-55684,0.39064653648224834
test-55685,0.022713975414563988
test-55686,0.09126805270809048
test-55687,0.30781741796877665
test-55688,0.19632024349265403
test-55689,0.2591525267843325
test-5569,0.3177209780356649
test-55690,0.011454542336213415
test-55691,0.016874110572868216
test-55692,0.11033746221167733
test-55693,0.04385792523137415
test-55694,0.02417780606331787
test-55695,0.31519264485908316
test-55696,0.31519264485908316
test-55697,0.13383045787698739
test-55698,0.04051182369827448
test-55699,0.037056248963493514
test-557,0.19789283671953314
test-5570,0.17821712146643046
test-55700,0.03619678109860591
test-55701,0.06854068642831915
test-55702,0.13632316857259644
test-55703,0.02061689692456837
test-55704,0.14289282395317948
test-55705,0.1757422496245874
test-55706,0.31380257983712506
test-55707,0.19017283561363632
test-55708,0.352922080758562
test-55709,0.25625779338675786
test-5571,0.015023738588895753
test-55710,0.02223769407164099
test-55711,0.018591971202962135
test-55712,0.021715646288854834
test-55713,0.0669392073111586
test-55714,0.010196066518519007
test-55715,0.18557952149268764
test-55716,0.0662090039064847
test-55717,0.034922495955870825
test-55718,0.22271357547750656
test-55719,0.009538998399251233
test-5572,0.12157437350200034
test-55720,0.006814675730205213
test-55721,0.18663155029871586
test-55722,0.010487810748402633
test-55723,0.059501922873155644
test-55724,0.06755530027494268
test-55725,0.014743435660381249
test-55726,0.028005693083191993
test-55727,0.19709608256298763
test-55728,0.14281387885522065
test-55729,0.042177592605093295
test-5573,0.02301758724059971
test-55730,0.31484137116195604
test-55731,0.05147142648096484
test-55732,0.14865992126850122
test-55733,0.1543693773528168
test-55734,0.07257501273659295
test-55735,0.17297223112707583
test-55736,0.017737493714901163
test-55737,0.06769227346933265
test-55738,0.01628452491347001
test-55739,0.03458039200966888
test-5574,0.019715799281923622
test-55740,0.026685084217038735
test-55741,0.0669392073111586
test-55742,0.03146611064526416
test-55743,0.10022332301988479
test-55744,0.012547513336539402
test-55745,0.21350697090786552
test-55746,0.006151111407350198
test-55747,0.016300953882714922
test-55748,0.07666413761860694
test-55749,0.016843751104028613
test-5575,0.29792664816874215
test-55750,0.028673365026880827
test-55751,0.1078718952065046
test-55752,0.06273315642477328
test-55753,0.024382488827626017
test-55754,0.11867326273059002
test-55755,0.011263501918168823
test-55756,0.026424429060477466
test-55757,0.32072693085634246
test-55758,0.10543005377924404
test-55759,0.008874387337223389
test-5576,0.01351173456392666
test-55760,0.014953627596337712
test-55761,0.014111062079894135
test-55762,0.13499016563175323
test-55763,0.03598784573739425
test-55764,0.04788040776783772
test-55765,0.1408720562296899
test-55766,0.022038418734482333
test-55767,0.09787796055403811
test-55768,0.020184049019556536
test-55769,0.030174160685397192
test-5577,0.0689911106684602
test-55770,0.03957797408190487
test-55771,0.19880774776985727
test-55772,0.25195081953175
test-55773,0.15507354915434332
test-55774,0.10715218945594494
test-55775,0.03413954865034765
test-55776,0.22912187702110695
test-55777,0.03699978349197085
test-55778,0.0669392073111586
test-55779,0.12544862537061968
test-5578,0.03089664169809485
test-55780,0.10319130282466066
test-55781,0.021233282255417225
test-55782,0.13820257169952077
test-55783,0.03502731509251281
test-55784,0.11964374386173784
test-55785,0.15783485006953693
test-55786,0.0303831757997348
test-55787,0.13556395072773172
test-55788,0.17903802988922818
test-55789,0.07569367751831951
test-5579,0.010129709652247194
test-55790,0.04146363876789005
test-55791,0.013390715579808346
test-55792,0.014178545104405003
test-55793,0.03798902524557895
test-55794,0.031907900709979
test-55795,0.10619296777728174
test-55796,0.1926759491092683
test-55797,0.08884410264358726
test-55798,0.3031432078595421
test-55799,0.0821545753746488
test-558,0.009492601885685875
test-5580,0.2798575383779075
test-55800,0.36227104668924276
test-55801,0.009516335726023253
test-55802,0.022101414484786308
test-55803,0.26166880769099937
test-55804,0.3954551042427276
test-55805,0.22307807201386678
test-55806,0.11374930793577469
test-55807,0.018918060995150057
test-55808,0.012475134887050371
test-55809,0.021504178619105835
test-5581,0.07013717606758778
test-55810,0.015789000741116672
test-55811,0.01665508928443295
test-55812,0.02232157744853897
test-55813,0.01034046826081715
test-55814,0.1450772362985514
test-55815,0.09834732228907224
test-55816,0.031327303605217474
test-55817,0.014050299353605387
test-55818,0.020626456209953556
test-55819,0.12796851635119139
test-5582,0.36021628662976973
test-55820,0.05608161125235809
test-55821,0.2535768162166169
test-55822,0.018958867849339044
test-55823,0.04133319784078021
test-55824,0.009945544235989269
test-55825,0.022595199623276666
test-55826,0.05888346208492502
test-55827,0.024572508847722878
test-55828,0.16432234821867855
test-55829,0.031160711419322834
test-5583,0.10681131750185764
test-55830,0.05819309831677985
test-55831,0.009461553684584335
test-55832,0.014199816202658965
test-55833,0.07315977856517841
test-55834,0.02537791633039902
test-55835,0.03500623183050008
test-55836,0.037834696295149774
test-55837,0.021922357450339724
test-55838,0.021524950544356207
test-55839,0.008641064286134504
test-5584,0.0762518705331093
test-55840,0.00986224489119214
test-55841,0.010518515789053254
test-55842,0.04315587774234556
test-55843,0.40674954881879777
test-55844,0.06107244868006746
test-55845,0.027877718218022235
test-55846,0.14244240145037065
test-55847,0.0860771758552563
test-55848,0.0669392073111586
test-55849,0.022144743882979188
test-5585,0.11709343371842393
test-55850,0.16476004911797443
test-55851,0.013300458516489035
test-55852,0.024151492415766394
test-55853,0.037658600636406254
test-55854,0.0422182468700952
test-55855,0.00639113071403613
test-55856,0.013162296875049865
test-55857,0.29285601947937484
test-55858,0.24377892274916005
test-55859,0.011575147426244636
test-5586,0.024071105215252273
test-55860,0.027573172893225712
test-55861,0.1004026575418073
test-55862,0.038046285321950694
test-55863,0.24314593308477808
test-55864,0.027713306037690476
test-55865,0.03585500297871069
test-55866,0.010807487542722592
test-55867,0.017658083363345022
test-55868,0.021413243768594232
test-55869,0.008355720333960207
test-5587,0.03205837904009463
test-55870,0.12804273945079675
test-55871,0.02945522670427268
test-55872,0.028033683056580886
test-55873,0.014052700015859542
test-55874,0.013099658013125768
test-55875,0.10022332301988479
test-55876,0.032577869726701625
test-55877,0.08091840458510943
test-55878,0.013225891972198242
test-55879,0.3204248508334958
test-5588,0.010087629570798855
test-55880,0.009705203620655195
test-55881,0.02449644764351692
test-55882,0.09894217917792562
test-55883,0.2885732476737947
test-55884,0.029126060080186138
test-55885,0.052208106578915815
test-55886,0.01194023015386165
test-55887,0.16455847608153998
test-55888,0.10552710525509791
test-55889,0.0732858674232542
test-5589,0.007970219986948128
test-55890,0.25121184318481943
test-55891,0.135782090192584
test-55892,0.20086109194782423
test-55893,0.0639018749705506
test-55894,0.021959421984186992
test-55895,0.23146387035422142
test-55896,0.05420696106458327
test-55897,0.013455267908654025
test-55898,0.21173376904662133
test-55899,0.3041944442163833
test-559,0.07300415700059695
test-5590,0.02745800031255125
test-55900,0.03957797408190487
test-55901,0.009376314901231723
test-55902,0.01562906671149757
test-55903,0.01465661378284884
test-55904,0.039436315855095404
test-55905,0.197286025661373
test-55906,0.0846182167635542
test-55907,0.009428850889518964
test-55908,0.027288778137133866
test-55909,0.011043429187046679
test-5591,0.05629557239959121
test-55910,0.117367921499345
test-55911,0.023608318105475323
test-55912,0.046474244023831705
test-55913,0.22058657988506114
test-55914,0.032147435043153
test-55915,0.04747040276500319
test-55916,0.007445008607510543
test-55917,0.1498790469677485
test-55918,0.018242833628021118
test-55919,0.016795155088714736
test-5592,0.035156021433398625
test-55920,0.054699418263845244
test-55921,0.08663116307831019
test-55922,0.11267038546659737
test-55923,0.0831432758637533
test-55924,0.22129895083122203
test-55925,0.02204262042837307
test-55926,0.0400438511946669
test-55927,0.06032241078921974
test-55928,0.3439570825930454
test-55929,0.02099531731576139
test-5593,0.018693603947734973
test-55930,0.01989451482165451
test-55931,0.3788549098223713
test-55932,0.01903522405233202
test-55933,0.0069981036259064554
test-55934,0.01320680625884723
test-55935,0.0367382205495151
test-55936,0.10334819584761594
test-55937,0.01380283697856903
test-55938,0.0293352096907147
test-55939,0.020131546015231705
test-5594,0.07929551414768299
test-55940,0.029505841429245165
test-55941,0.2758987289551091
test-55942,0.1498790469677485
test-55943,0.011826736320984351
test-55944,0.014750717841193058
test-55945,0.10585041074254349
test-55946,0.047983082896466335
test-55947,0.11808447535448159
test-55948,0.2031244006541054
test-55949,0.034407341242524904
test-5595,0.28225216771047823
test-55950,0.008826980135030145
test-55951,0.0347643984570362
test-55952,0.05819923255494231
test-55953,0.038481858833742
test-55954,0.24308970329325885
test-55955,0.11803087843920418
test-55956,0.016638323948265303
test-55957,0.05608161125235809
test-55958,0.03849385307396757
test-55959,0.041900047528629164
test-5596,0.014080232656244744
test-55960,0.14691457934049365
test-55961,0.12302911203415068
test-55962,0.022357170005065347
test-55963,0.034993582374342753
test-55964,0.10135147787955867
test-55965,0.020446234033832653
test-55966,0.0888687870523802
test-55967,0.015104498436050589
test-55968,0.02416793083510357
test-55969,0.020126331917915213
test-5597,0.014998950325453238
test-55970,0.018735991283994415
test-55971,0.0230214600045553
test-55972,0.15537420910783709
test-55973,0.023749883124601568
test-55974,0.07955672582119087
test-55975,0.020741469757303017
test-55976,0.2770800442277227
test-55977,0.06769227346933265
test-55978,0.043524589171632815
test-55979,0.0669392073111586
test-5598,0.31535906065202596
test-55980,0.020217073328169945
test-55981,0.011831644525822213
test-55982,0.09673533330374554
test-55983,0.1093484018218484
test-55984,0.1408487658022275
test-55985,0.06213951463164097
test-55986,0.37885569173512196
test-55987,0.04688163618239434
test-55988,0.0421182655116236
test-55989,0.1387564677932596
test-5599,0.04688163618239434
test-55990,0.022367616230377887
test-55991,0.012942735812613413
test-55992,0.07613509031510507
test-55993,0.2214995084509551
test-55994,0.07287513663214307
test-55995,0.17218792190722687
test-55996,0.017886584226709672
test-55997,0.016182573046227677
test-55998,0.07896917855603469
test-55999,0.16877736478612745
test-56,0.17645226684991447
test-560,0.2757074132295775
test-5600,0.03849385307396757
test-56000,0.009375981930322333
test-56001,0.1579372054043708
test-56002,0.035552431144824106
test-56003,0.012248963596979174
test-56004,0.11857138902398584
test-56005,0.1734578271876279
test-56006,0.11386417119732363
test-56007,0.0413542806863883
test-56008,0.012889950234583175
test-56009,0.016874110572868216
test-5601,0.019739615540691906
test-56010,0.0669392073111586
test-56011,0.05529545856778622
test-56012,0.01812803890406793
test-56013,0.054560086544449916
test-56014,0.052587175427313934
test-56015,0.016179504138475676
test-56016,0.20347436259019525
test-56017,0.07754956639506833
test-56018,0.008163275631005506
test-56019,0.3242622176878931
test-5602,0.2049681152135336
test-56020,0.06183208280215057
test-56021,0.29365057137550116
test-56022,0.047389331204436815
test-56023,0.1549268853600366
test-56024,0.01517560622566719
test-56025,0.026197970126899468
test-56026,0.1337950575038826
test-56027,0.02873180143027126
test-56028,0.09860381645007209
test-56029,0.2946176846039395
test-5603,0.23292599559790678
test-56030,0.20240081376553773
test-56031,0.10160714228234251
test-56032,0.0121436449611177
test-56033,0.22301422968636153
test-56034,0.025583960618588492
test-56035,0.0225177806859726
test-56036,0.008309180459622124
test-56037,0.1085651633615474
test-56038,0.07736971131561239
test-56039,0.2600372097738678
test-5604,0.006673077943457947
test-56040,0.12815638368753415
test-56041,0.08843325214388309
test-56042,0.2166473735579518
test-56043,0.0669392073111586
test-56044,0.033062955998837046
test-56045,0.038680422700490574
test-56046,0.016985293603781548
test-56047,0.05015468531813707
test-56048,0.21846147485002815
test-56049,0.25541852355787653
test-5605,0.06689815860488185
test-56050,0.023322656444846605
test-56051,0.07523121465068199
test-56052,0.26531561601619463
test-56053,0.02371575810540193
test-56054,0.019480858856035566
test-56055,0.019271569257165996
test-56056,0.024485997598392442
test-56057,0.17919933235240545
test-56058,0.019326937525337786
test-56059,0.17205055090922464
test-5606,0.05015468531813707
test-56060,0.3550053689726055
test-56061,0.13587692604339394
test-56062,0.021006891901688793
test-56063,0.008749935787416925
test-56064,0.02712610431248483
test-56065,0.09787796055403811
test-56066,0.029061535996752357
test-56067,0.02738448223255793
test-56068,0.030335608896396832
test-56069,0.07283857716050303
test-5607,0.06769227346933265
test-56070,0.01840541286808132
test-56071,0.2227531271803918
test-56072,0.05688849726502286
test-56073,0.3230964926115124
test-56074,0.29768633729161476
test-56075,0.10039257018384737
test-56076,0.014985448976983846
test-56077,0.2303835105438987
test-56078,0.10652112136228191
test-56079,0.41338463643058293
test-5608,0.013541010566906833
test-56080,0.11529425139481725
test-56081,0.04434025965316465
test-56082,0.10022332301988479
test-56083,0.03950915470502685
test-56084,0.04403612200979331
test-56085,0.03253783055702789
test-56086,0.08845955258678599
test-56087,0.38896581255828416
test-56088,0.07120792707542299
test-56089,0.017658696705089925
test-5609,0.05788389988605286
test-56090,0.2336452266037807
test-56091,0.12769429453021608
test-56092,0.16013021811964984
test-56093,0.3136040974364507
test-56094,0.05950017199337657
test-56095,0.01188571593250187
test-56096,0.23108063216799665
test-56097,0.019511129130500432
test-56098,0.17947703356262656
test-56099,0.1980827443420929
test-561,0.009664707633465079
test-5610,0.006040582711392576
test-56100,0.02514482573558963
test-56101,0.05273939999786985
test-56102,0.1320912296088894
test-56103,0.02602507029278916
test-56104,0.03700526734245091
test-56105,0.34175045750396016
test-56106,0.02202280979505807
test-56107,0.014814402248996519
test-56108,0.23188431335706694
test-56109,0.1536122238442513
test-5611,0.04967409777594563
test-56110,0.14584971832814003
test-56111,0.011698065364121064
test-56112,0.014935587337971089
test-56113,0.02663298210448609
test-56114,0.19374329233478677
test-56115,0.18418539639569032
test-56116,0.016434656322086804
test-56117,0.13340724998385714
test-56118,0.01610030719791377
test-56119,0.0221221723127745
test-5612,0.012284779747125489
test-56120,0.09635361586517208
test-56121,0.013450442458460816
test-56122,0.023170643878121865
test-56123,0.3408244931606195
test-56124,0.0472850857558718
test-56125,0.13989744106971427
test-56126,0.21994828312465983
test-56127,0.0438745928126783
test-56128,0.04475351461529831
test-56129,0.15160570030804818
test-5613,0.26756917789023005
test-56130,0.01237402092432682
test-56131,0.05980271122164695
test-56132,0.25353824409387926
test-56133,0.2519907039033014
test-56134,0.12731282802536217
test-56135,0.0669392073111586
test-56136,0.03623798271844692
test-56137,0.053444264396783764
test-56138,0.020446234033832653
test-56139,0.04595769398031722
test-5614,0.052595986954850744
test-56140,0.04212604322347563
test-56141,0.03294434915764273
test-56142,0.05300577485512337
test-56143,0.03299823331142975
test-56144,0.19310951968801315
test-56145,0.013769303639073333
test-56146,0.10430983388871583
test-56147,0.10998659784914115
test-56148,0.2542043044406898
test-56149,0.03125174394975723
test-5615,0.03270772256645408
test-56150,0.03998067648465671
test-56151,0.1949115173705774
test-56152,0.12460507488050093
test-56153,0.05714343691764572
test-56154,0.017091132485487628
test-56155,0.26370373121033924
test-56156,0.30267579708757164
test-56157,0.11129539011136583
test-56158,0.32824228475983563
test-56159,0.015657640882844062
test-5616,0.03688417271013314
test-56160,0.33689340257018224
test-56161,0.03596079923705484
test-56162,0.0669392073111586
test-56163,0.051642530544525056
test-56164,0.1821833535496362
test-56165,0.04517948474194607
test-56166,0.018242833628021118
test-56167,0.020192620459502774
test-56168,0.05184893308646004
test-56169,0.017073873004080406
test-5617,0.03217148106861156
test-56170,0.05177888891577263
test-56171,0.10849311745818162
test-56172,0.009981597838884646
test-56173,0.009854360665433552
test-56174,0.3158847214000046
test-56175,0.07231820865946705
test-56176,0.022893820716603504
test-56177,0.03438636867278362
test-56178,0.029612652196152257
test-56179,0.15415400286576159
test-5618,0.11563221989550485
test-56180,0.008651415063227351
test-56181,0.08003083037374147
test-56182,0.009463516035548592
test-56183,0.021041907932176813
test-56184,0.20368655124824386
test-56185,0.14660621249274897
test-56186,0.03957797408190487
test-56187,0.32072693085634246
test-56188,0.01595785140581346
test-56189,0.09394507126896243
test-5619,0.07300415700059695
test-56190,0.025863010948913797
test-56191,0.03536243825699267
test-56192,0.07013717606758778
test-56193,0.1818840408880384
test-56194,0.11094171495979958
test-56195,0.08003083037374147
test-56196,0.1621861983212856
test-56197,0.02215898494137528
test-56198,0.01436041717582385
test-56199,0.0048568587542042645
test-562,0.008149002485368602
test-5620,0.009616228406185697
test-56200,0.37312655576213777
test-56201,0.2443685493978068
test-56202,0.0211182188556448
test-56203,0.04572752928641162
test-56204,0.01583198470750254
test-56205,0.029136887941977076
test-56206,0.01602445763544339
test-56207,0.16205251356606518
test-56208,0.17051252096451902
test-56209,0.04188470743806243
test-5621,0.03983969495459095
test-56210,0.017345132202650715
test-56211,0.08002819373207122
test-56212,0.017673099870171106
test-56213,0.0909214877705174
test-56214,0.025557467738463034
test-56215,0.0687732139720173
test-56216,0.014676641169762812
test-56217,0.20438892131538713
test-56218,0.08250780604650723
test-56219,0.17764014869651854
test-5622,0.10030762879805459
test-56220,0.17350559657029066
test-56221,0.007400595811529125
test-56222,0.023342480944296622
test-56223,0.04359287908963689
test-56224,0.00797848145749947
test-56225,0.09176261292934748
test-56226,0.23677653577871752
test-56227,0.05887853651153406
test-56228,0.04681779923079974
test-56229,0.009883487754349317
test-5623,0.10061140798356767
test-56230,0.024332435407312104
test-56231,0.08196973207204497
test-56232,0.013297670862006596
test-56233,0.1543693773528168
test-56234,0.0275104703988797
test-56235,0.15984925797522326
test-56236,0.008759425455784637
test-56237,0.037920534296144594
test-56238,0.059390652357415495
test-56239,0.3044392356865613
test-5624,0.09787796055403811
test-56240,0.020065663656077103
test-56241,0.08318470054355681
test-56242,0.04084823084784538
test-56243,0.023624612957714394
test-56244,0.016440725272850527
test-56245,0.09786473449168923
test-56246,0.09121908985046823
test-56247,0.048052877812402
test-56248,0.013494842243974087
test-56249,0.08329007024317751
test-5625,0.07537877961267475
test-56250,0.03884272409958795
test-56251,0.017157483594215258
test-56252,0.013325722619306596
test-56253,0.022808414110406162
test-56254,0.03741567133834944
test-56255,0.02073517807539679
test-56256,0.15851784339849367
test-56257,0.19283635848856753
test-56258,0.10812230317096443
test-56259,0.020799032628603456
test-5626,0.0687732139720173
test-56260,0.05055530363131904
test-56261,0.011864158390484322
test-56262,0.09389319133298815
test-56263,0.03235545395299992
test-56264,0.12663596937894922
test-56265,0.14121487240199462
test-56266,0.025300631984814522
test-56267,0.19051692644460086
test-56268,0.010439931228802648
test-56269,0.031141542681424886
test-5627,0.06153950603494202
test-56270,0.15081963495468872
test-56271,0.06983136155849988
test-56272,0.019780143595890632
test-56273,0.018657925257279898
test-56274,0.06195447085430162
test-56275,0.014721773897653351
test-56276,0.009644095471519582
test-56277,0.12614711902775436
test-56278,0.031021021773263574
test-56279,0.07154554671561687
test-5628,0.008551183781861892
test-56280,0.09459023001880597
test-56281,0.02779540435225721
test-56282,0.013105046027466991
test-56283,0.11543498080582862
test-56284,0.017102937296446644
test-56285,0.07416811793494571
test-56286,0.020097512884935147
test-56287,0.0846182167635542
test-56288,0.013151145380773291
test-56289,0.08452789071845002
test-5629,0.014574867661032278
test-56290,0.02941142090490085
test-56291,0.020059423119276394
test-56292,0.12011743339774686
test-56293,0.3257253218515523
test-56294,0.00889097404378676
test-56295,0.06041530419075192
test-56296,0.05800782789664318
test-56297,0.010721340125093718
test-56298,0.01036636732248958
test-56299,0.1308228545413995
test-563,0.007296557972949313
test-5630,0.035943097156359495
test-56300,0.011336671513004949
test-56301,0.18991510865421662
test-56302,0.07809173989581883
test-56303,0.14163774441485913
test-56304,0.017350200646543957
test-56305,0.02827290585949746
test-56306,0.038226533456545184
test-56307,0.04786703209926639
test-56308,0.0554638618311662
test-56309,0.024559759325614064
test-5631,0.031189105334535148
test-56310,0.32753504127809585
test-56311,0.02971590858643524
test-56312,0.014721343737789905
test-56313,0.06354305654776571
test-56314,0.12663596937894922
test-56315,0.02635350111330472
test-56316,0.014759947694278418
test-56317,0.022491101613567377
test-56318,0.1519103133624904
test-56319,0.11118701416311819
test-5632,0.009909638886317941
test-56320,0.029142684230977208
test-56321,0.2845498349255844
test-56322,0.1865082788601735
test-56323,0.2753307804409248
test-56324,0.03179543082745864
test-56325,0.08003083037374147
test-56326,0.010346556129648925
test-56327,0.03517554983071838
test-56328,0.18605840033112314
test-56329,0.005839546818740927
test-5633,0.05015468531813707
test-56330,0.15698426306926397
test-56331,0.06742700730069828
test-56332,0.14761870477613945
test-56333,0.03480089571208302
test-56334,0.0071927767374809996
test-56335,0.015060818684105751
test-56336,0.1461490489916173
test-56337,0.13844485831116107
test-56338,0.009811551901944698
test-56339,0.10581835680506305
test-5634,0.10265277242272271
test-56340,0.08219192647824698
test-56341,0.20737734328226967
test-56342,0.18814902908765005
test-56343,0.0348840094622634
test-56344,0.03285945051804334
test-56345,0.03908733504221732
test-56346,0.04252105837468247
test-56347,0.13613556557811773
test-56348,0.03501075578367721
test-56349,0.03757305945914235
test-5635,0.16865027512702863
test-56350,0.056859920776473664
test-56351,0.016778284688104713
test-56352,0.03229494624654664
test-56353,0.028234711164561742
test-56354,0.03392625034547449
test-56355,0.014564924089356298
test-56356,0.0306095484914011
test-56357,0.03279412086918874
test-56358,0.010083085105058637
test-56359,0.026270816381263613
test-5636,0.020982787513930384
test-56360,0.013876298874662227
test-56361,0.029939962074001417
test-56362,0.22098232360062423
test-56363,0.2864074867950925
test-56364,0.11204912317577316
test-56365,0.06099464978755942
test-56366,0.011177145736505046
test-56367,0.201297743099903
test-56368,0.08672258408403163
test-56369,0.010219005593030841
test-5637,0.04305098493546306
test-56370,0.2530078040577391
test-56371,0.14196468253304959
test-56372,0.051370968891943036
test-56373,0.014881073597383204
test-56374,0.12434937464178475
test-56375,0.02016013429823433
test-56376,0.2093007860325666
test-56377,0.1543693773528168
test-56378,0.01583508209762896
test-56379,0.015173689453877603
test-5638,0.14627912645245977
test-56380,0.03048860749950722
test-56381,0.03967477230047162
test-56382,0.03189362526590254
test-56383,0.010576402729274716
test-56384,0.021307844945815915
test-56385,0.010483322119411108
test-56386,0.07896917855603469
test-56387,0.009397093497874971
test-56388,0.01727800185889868
test-56389,0.05339307069340168
test-5639,0.05339307069340168
test-56390,0.3309603859539164
test-56391,0.0441471356813607
test-56392,0.011993268328680232
test-56393,0.06386255384308624
test-56394,0.09985649801372733
test-56395,0.02412313455723868
test-56396,0.006556786352010096
test-56397,0.02057260259164862
test-56398,0.020239342584142315
test-56399,0.07342824346133077
test-564,0.20071720559379008
test-5640,0.11689655380419271
test-56400,0.08888341091711299
test-56401,0.028288215439958114
test-56402,0.011907012241034442
test-56403,0.02008160462423752
test-56404,0.09435854111353265
test-56405,0.06033906355133095
test-56406,0.2564721760748661
test-56407,0.2736229399764712
test-56408,0.060382601877571815
test-56409,0.183401950087722
test-5641,0.02069816065737929
test-56410,0.09787796055403811
test-56411,0.017312574045304067
test-56412,0.09231870597344345
test-56413,0.0687732139720173
test-56414,0.0438088654381367
test-56415,0.18755115274706
test-56416,0.08762573747677466
test-56417,0.12756464018589395
test-56418,0.22452237119900292
test-56419,0.040695030576269844
test-5642,0.09849133956218122
test-56420,0.20249761541529523
test-56421,0.06314758580988933
test-56422,0.014476609843095295
test-56423,0.11703182533321861
test-56424,0.10846262970976613
test-56425,0.0068444192476402035
test-56426,0.025528615314962606
test-56427,0.18049641224675858
test-56428,0.12999450024731185
test-56429,0.16011208957418996
test-5643,0.013140755745581571
test-56430,0.15599946901778988
test-56431,0.07647527445739381
test-56432,0.009962686243584222
test-56433,0.014399707778487845
test-56434,0.02101076599134961
test-56435,0.11713477935122965
test-56436,0.257839423201132
test-56437,0.07135517093035257
test-56438,0.3467783596740798
test-56439,0.029289774478095425
test-5644,0.021015532186565794
test-56440,0.22664435651139206
test-56441,0.2215793228051177
test-56442,0.16169289749246474
test-56443,0.045609851206342804
test-56444,0.07111609496557471
test-56445,0.07238908482002955
test-56446,0.25443235457957014
test-56447,0.05154293821340045
test-56448,0.20573604242699883
test-56449,0.012931651798011423
test-5645,0.09139753198058895
test-56450,0.015435356659239997
test-56451,0.06570097851696756
test-56452,0.022042988618774937
test-56453,0.03991427570930743
test-56454,0.02438226833849102
test-56455,0.01785577451021296
test-56456,0.01405919678476139
test-56457,0.01963140519380784
test-56458,0.02164800719740231
test-56459,0.015516916219973555
test-5646,0.009236858182187875
test-56460,0.19450856604872882
test-56461,0.028574629863023723
test-56462,0.013987217844320393
test-56463,0.10459265641893063
test-56464,0.11709868014142845
test-56465,0.17870582652338796
test-56466,0.016494877408888102
test-56467,0.014329602522944341
test-56468,0.028214078710427422
test-56469,0.039197036761980705
test-5647,0.02105043452516333
test-56470,0.02343408329465558
test-56471,0.04799792693009516
test-56472,0.02889438709477188
test-56473,0.12896442345857917
test-56474,0.02204331659649439
test-56475,0.030473521192476715
test-56476,0.11416832821659863
test-56477,0.12162022935471772
test-56478,0.019993071526381374
test-56479,0.25714488703870136
test-5648,0.020285414654015108
test-56480,0.041994584683696344
test-56481,0.01042434441053322
test-56482,0.1134323282648734
test-56483,0.027502334181830863
test-56484,0.3147502131079928
test-56485,0.01903767255552862
test-56486,0.00910819398433914
test-56487,0.01845011831854662
test-56488,0.01277868925240935
test-56489,0.11285103058112154
test-5649,0.02916110598926978
test-56490,0.058046225944750125
test-56491,0.055291242129189205
test-56492,0.21782763488261797
test-56493,0.09577148861252165
test-56494,0.2938824088879956
test-56495,0.03545269027333006
test-56496,0.012501386521213152
test-56497,0.22537756793525202
test-56498,0.00855656131795698
test-56499,0.019783196995504602
test-565,0.008555423056016297
test-5650,0.025344772820055574
test-56500,0.011875156634886109
test-56501,0.041460093419086894
test-56502,0.21161043845544886
test-56503,0.13785704571392932
test-56504,0.013075207187910222
test-56505,0.019973305356006124
test-56506,0.06769227346933265
test-56507,0.03960319073692646
test-56508,0.19075731066152435
test-56509,0.008104545779943101
test-5651,0.009350827430862263
test-56510,0.018340374805704336
test-56511,0.2556273505967787
test-56512,0.06700027669642404
test-56513,0.22756044694902233
test-56514,0.014605529388197366
test-56515,0.024851359025927642
test-56516,0.06007031728018209
test-56517,0.008076148716094168
test-56518,0.04879649916088639
test-56519,0.06955021610245078
test-5652,0.11689486162534918
test-56520,0.32378193754496765
test-56521,0.2663304261633801
test-56522,0.37782441890022317
test-56523,0.10323443246788663
test-56524,0.16695447271917302
test-56525,0.01926439626826359
test-56526,0.11759692308979115
test-56527,0.07896917855603469
test-56528,0.1651424852916215
test-56529,0.009245174011529076
test-5653,0.055602381133427824
test-56530,0.2520967144608476
test-56531,0.01849413226534858
test-56532,0.02417272624232542
test-56533,0.006561740927802278
test-56534,0.31621057372049344
test-56535,0.01374330804737118
test-56536,0.23678440823561928
test-56537,0.13629711547407297
test-56538,0.07241950022194892
test-56539,0.20236453346366068
test-5654,0.02229831005669836
test-56540,0.09894217917792562
test-56541,0.06568631415520411
test-56542,0.053341850880775386
test-56543,0.014519302053540196
test-56544,0.020018951180582088
test-56545,0.10000315538152091
test-56546,0.048386476630313806
test-56547,0.021377771108325384
test-56548,0.009249052267733213
test-56549,0.023742458586117853
test-5655,0.053188313545472425
test-56550,0.006344104929574126
test-56551,0.04475351461529831
test-56552,0.010271446939034371
test-56553,0.09673533330374554
test-56554,0.0340354194969478
test-56555,0.07885370404606426
test-56556,0.020846888339431862
test-56557,0.016741129377362964
test-56558,0.04097469976222685
test-56559,0.04977410726724733
test-5656,0.01963575143290049
test-56560,0.09479451787519136
test-56561,0.009519453674328368
test-56562,0.17821011544310122
test-56563,0.15516784161906633
test-56564,0.19792670375653068
test-56565,0.03735658314780355
test-56566,0.0764882952350655
test-56567,0.011495290009624778
test-56568,0.04532838571933084
test-56569,0.1435105825311841
test-5657,0.019393124963274774
test-56570,0.02098352940538822
test-56571,0.016343395209032812
test-56572,0.16865673940657414
test-56573,0.11135330805120408
test-56574,0.022274751448591975
test-56575,0.07018973747665648
test-56576,0.10234412975382218
test-56577,0.013116882579809778
test-56578,0.24818635142643755
test-56579,0.0687732139720173
test-5658,0.008336300677247294
test-56580,0.15241633641152563
test-56581,0.09126493877976406
test-56582,0.019166950003365477
test-56583,0.012736081462317146
test-56584,0.10536854682222686
test-56585,0.048194488452354384
test-56586,0.009928707470995125
test-56587,0.19125004733975978
test-56588,0.34371639914246893
test-56589,0.12475271700555336
test-5659,0.06627484285463289
test-56590,0.21341144539356774
test-56591,0.02477745810333874
test-56592,0.2448478676179891
test-56593,0.36100346200954414
test-56594,0.0669392073111586
test-56595,0.03544080451276304
test-56596,0.018368208641024574
test-56597,0.04779479247596132
test-56598,0.03555937306400875
test-56599,0.043400727931734384
test-566,0.03273310188058774
test-5660,0.010031276531528261
test-56600,0.18891258008228135
test-56601,0.06047910814810354
test-56602,0.12517750588571847
test-56603,0.2764216086593701
test-56604,0.026056617088719137
test-56605,0.0734238194770512
test-56606,0.02275267961773482
test-56607,0.021128491926411204
test-56608,0.005630971916488631
test-56609,0.1074971734971917
test-5661,0.0517219876670514
test-56610,0.015386342723956984
test-56611,0.026183064007975706
test-56612,0.035793619573317434
test-56613,0.02798689227954706
test-56614,0.05592063013761467
test-56615,0.041344837171656185
test-56616,0.006814675730205213
test-56617,0.012750078353881809
test-56618,0.018069762540299864
test-56619,0.2536492976647394
test-5662,0.03359366193196698
test-56620,0.31550847351172256
test-56621,0.28983356173263497
test-56622,0.1818615854268997
test-56623,0.027196825730237004
test-56624,0.04730945722026558
test-56625,0.028428778085263243
test-56626,0.05971953079681097
test-56627,0.014166685606275877
test-56628,0.03891389777786949
test-56629,0.02003843258395867
test-5663,0.1869213515024209
test-56630,0.17645226684991447
test-56631,0.09935030145420644
test-56632,0.010177141905790289
test-56633,0.007164653140379086
test-56634,0.16695447271917302
test-56635,0.013027725435463293
test-56636,0.011030138218203044
test-56637,0.011728786032918449
test-56638,0.1593948171287818
test-56639,0.12270433673523132
test-5664,0.19904873028490636
test-56640,0.01644443832879783
test-56641,0.030755184473253122
test-56642,0.011868116856013074
test-56643,0.023907366382159966
test-56644,0.15876221022711104
test-56645,0.028133378691617597
test-56646,0.16774772875701977
test-56647,0.06979330447796106
test-56648,0.027889555626431174
test-56649,0.1394463013726253
test-5665,0.19843730224367798
test-56650,0.035013109366513945
test-56651,0.0846182167635542
test-56652,0.17653232300015576
test-56653,0.1507599590329003
test-56654,0.05015468531813707
test-56655,0.2858808485723715
test-56656,0.17972616547771234
test-56657,0.14209332451283022
test-56658,0.010271977519613574
test-56659,0.0846182167635542
test-5666,0.03836627440842406
test-56660,0.043447753026877894
test-56661,0.02127396441158239
test-56662,0.04252105837468247
test-56663,0.31031435814079444
test-56664,0.02669091143868391
test-56665,0.024651173017278136
test-56666,0.15446344753695251
test-56667,0.32426638082932074
test-56668,0.029464430150035102
test-56669,0.20190344073972805
test-5667,0.4001140406804215
test-56670,0.08046310382999218
test-56671,0.17917949271122455
test-56672,0.032147435043153
test-56673,0.10812230317096443
test-56674,0.017911450521737017
test-56675,0.010958292325487512
test-56676,0.0669392073111586
test-56677,0.021897757146381508
test-56678,0.0853697270855536
test-56679,0.024941683277562663
test-5668,0.01810870785829155
test-56680,0.36246401316252463
test-56681,0.16350900768949814
test-56682,0.18687730553258447
test-56683,0.02300677840632576
test-56684,0.08871214198778701
test-56685,0.02091851777621576
test-56686,0.1998018579289118
test-56687,0.024565623805509744
test-56688,0.1656505227427219
test-56689,0.05339307069340168
test-5669,0.06040243651821825
test-56690,0.06108085344638038
test-56691,0.02189360514640424
test-56692,0.046009648738188004
test-56693,0.035997805787409014
test-56694,0.01420852975322766
test-56695,0.07392012107149741
test-56696,0.012686757246188524
test-56697,0.01605638725158736
test-56698,0.07717533005649466
test-56699,0.31939396202793396
test-567,0.029898820979739373
test-5670,0.009778700471584783
test-56700,0.04705308229262964
test-56701,0.1387564677932596
test-56702,0.08933732738820892
test-56703,0.17317886427885948
test-56704,0.0832145459870759
test-56705,0.16121831270344772
test-56706,0.042165067798921325
test-56707,0.0853103464573093
test-56708,0.03230583003977085
test-56709,0.08091840458510943
test-5671,0.07474038758063956
test-56710,0.08025925778605172
test-56711,0.05298077011789729
test-56712,0.016771338481968222
test-56713,0.03975802090400712
test-56714,0.12819412947753134
test-56715,0.01847902272639745
test-56716,0.043653899513224625
test-56717,0.022307046377781657
test-56718,0.17839559737897584
test-56719,0.13687915834836525
test-5672,0.19140944140075408
test-56720,0.36254900207665997
test-56721,0.06183208280215057
test-56722,0.029778034879541795
test-56723,0.15400485148126594
test-56724,0.07175847056033825
test-56725,0.09089842202003334
test-56726,0.063134153308654
test-56727,0.15292573625749104
test-56728,0.04223398412288758
test-56729,0.05689351885319899
test-5673,0.031595080666096835
test-56730,0.020279948216653076
test-56731,0.26974772657256535
test-56732,0.10622949152178152
test-56733,0.3908129249743189
test-56734,0.01648147253079594
test-56735,0.03776239359769859
test-56736,0.07390631742990281
test-56737,0.021105053890553584
test-56738,0.22111760598993782
test-56739,0.1857098455832815
test-5674,0.1716700195896152
test-56740,0.017784828409473978
test-56741,0.02423757797379107
test-56742,0.02695036692577566
test-56743,0.014606832165642208
test-56744,0.22691807553436913
test-56745,0.03428316841415857
test-56746,0.03356989327243176
test-56747,0.15518543676127855
test-56748,0.03482036080109397
test-56749,0.13727830078472306
test-5675,0.02978143866815267
test-56750,0.027581578436005193
test-56751,0.16695447271917302
test-56752,0.12418322251003519
test-56753,0.043447753026877894
test-56754,0.04815304499224502
test-56755,0.09860381645007209
test-56756,0.0684512737830664
test-56757,0.017986821308932643
test-56758,0.08227451499418223
test-56759,0.37166907912227104
test-5676,0.12324112093709258
test-56760,0.04162559143241215
test-56761,0.025236408989198704
test-56762,0.014839948276011695
test-56763,0.2549239792640603
test-56764,0.02584050191635358
test-56765,0.0879074846866187
test-56766,0.020625719642552942
test-56767,0.19582333449856587
test-56768,0.007637708677477841
test-56769,0.14520455316433584
test-5677,0.13232310798476832
test-56770,0.06107244868006746
test-56771,0.02229968876388335
test-56772,0.010948002620202601
test-56773,0.0738887301975771
test-56774,0.08095130207476509
test-56775,0.09167730621581338
test-56776,0.24337597218912918
test-56777,0.012276425946694076
test-56778,0.04429998345886417
test-56779,0.009586617652141183
test-5678,0.1808028999102389
test-56780,0.011693705080045353
test-56781,0.2080814426321466
test-56782,0.08469207989574525
test-56783,0.056399782717407705
test-56784,0.023123743783719432
test-56785,0.14587967497347845
test-56786,0.13380581753225992
test-56787,0.0390171101000063
test-56788,0.031333297647929324
test-56789,0.30626614632850524
test-5679,0.22536505892613537
test-56790,0.03258303940077757
test-56791,0.024531212309392494
test-56792,0.018884238960562745
test-56793,0.00880067725196279
test-56794,0.03312111797692708
test-56795,0.041147550518420783
test-56796,0.013641262972171199
test-56797,0.12796851635119139
test-56798,0.07759423374560459
test-56799,0.08986997352777899
test-568,0.1265834329482006
test-5680,0.05743146320960089
test-56800,0.02979478293267492
test-56801,0.1370015660525275
test-56802,0.047083153576891495
test-56803,0.025067896941645768
test-56804,0.03515528726997978
test-56805,0.012498948537645601
test-56806,0.00941973487783537
test-56807,0.024786528660708327
test-56808,0.06238614522186134
test-56809,0.04534827432853624
test-5681,0.019667142651944344
test-56810,0.026081545128771148
test-56811,0.09597399037127358
test-56812,0.197286025661373
test-56813,0.12663596937894922
test-56814,0.32072693085634246
test-56815,0.17210634717548712
test-56816,0.05557858031813647
test-56817,0.13240354865841666
test-56818,0.049730586623896345
test-56819,0.10807265993734592
test-5682,0.01958123176380992
test-56820,0.26954507424562274
test-56821,0.09224844294113915
test-56822,0.022666567426622663
test-56823,0.03295659692017121
test-56824,0.061577899304617906
test-56825,0.17703325993846206
test-56826,0.0197392166720879
test-56827,0.027923248992310343
test-56828,0.092645646454815
test-56829,0.09932863066694289
test-5683,0.15996287020082994
test-56830,0.1144593136138608
test-56831,0.09018768370481542
test-56832,0.012590285885513797
test-56833,0.011967284757413672
test-56834,0.0336802015179034
test-56835,0.0290427749266055
test-56836,0.03452966540667761
test-56837,0.016621749928505944
test-56838,0.21535918533225884
test-56839,0.014182442773459028
test-5684,0.17406507591669926
test-56840,0.01812474411394534
test-56841,0.12756464018589395
test-56842,0.030335608896396832
test-56843,0.03341847573915413
test-56844,0.0321450721279735
test-56845,0.01997490555879045
test-56846,0.0836160361599026
test-56847,0.08855448568457788
test-56848,0.13844485831116107
test-56849,0.011915342082579017
test-5685,0.06845989712526372
test-56850,0.13310971929791401
test-56851,0.14564893371215845
test-56852,0.20881669979119794
test-56853,0.04744836284985823
test-56854,0.2589412871425663
test-56855,0.0172516846453715
test-56856,0.028661159372572815
test-56857,0.11655893027213471
test-56858,0.06794476528463178
test-56859,0.00950766297110149
test-5686,0.031573277611457166
test-56860,0.031041109772080164
test-56861,0.018931760892590972
test-56862,0.19487811487857204
test-56863,0.008489297964154792
test-56864,0.05008066144387745
test-56865,0.08095047415008268
test-56866,0.014371662010114477
test-56867,0.03017887201525699
test-56868,0.05258255134474475
test-56869,0.02436531142295488
test-5687,0.31415819104273895
test-56870,0.01778039265409511
test-56871,0.10316907001589061
test-56872,0.329242187655879
test-56873,0.01797842591899582
test-56874,0.022037289439981813
test-56875,0.006082761606607363
test-56876,0.054990822058557105
test-56877,0.25453752245194944
test-56878,0.011747790537068255
test-56879,0.021227967037602696
test-5688,0.13844485831116107
test-56880,0.01623716187630027
test-56881,0.148840082485034
test-56882,0.01641216261705096
test-56883,0.040653708581573925
test-56884,0.08514629203610594
test-56885,0.07765548192385864
test-56886,0.010618289261591068
test-56887,0.18534431801415807
test-56888,0.0922489215631687
test-56889,0.08191652920601417
test-5689,0.015221262061206383
test-56890,0.10503832580910014
test-56891,0.11512351736983528
test-56892,0.008532844621562225
test-56893,0.04391736032116602
test-56894,0.1098040878393745
test-56895,0.01817352993640695
test-56896,0.05593462366368904
test-56897,0.16309705556593507
test-56898,0.01828626082243847
test-56899,0.0476529173519008
test-569,0.011986929507316325
test-5690,0.14865992126850122
test-56900,0.0072683921671210594
test-56901,0.15747148719799225
test-56902,0.009179586159445426
test-56903,0.2129752933442284
test-56904,0.0669392073111586
test-56905,0.06663122696760175
test-56906,0.0687732139720173
test-56907,0.03927152459434952
test-56908,0.0665366530142756
test-56909,0.019282984525144174
test-5691,0.10702109326737747
test-56910,0.027774844583870573
test-56911,0.009134365760800362
test-56912,0.023166132222061223
test-56913,0.0466643743370875
test-56914,0.08354008058041675
test-56915,0.07706400364475845
test-56916,0.07643216403273174
test-56917,0.02145659933021896
test-56918,0.02685650130879285
test-56919,0.1709433836522881
test-5692,0.09787796055403811
test-56920,0.03991427570930743
test-56921,0.07396612243156744
test-56922,0.04773541850611833
test-56923,0.11268322006430714
test-56924,0.03929470470625339
test-56925,0.047506517175063004
test-56926,0.06866260127631668
test-56927,0.006219090003841039
test-56928,0.037200361086020435
test-56929,0.010425899838628745
test-5693,0.03216238944204181
test-56930,0.018679639665580706
test-56931,0.06803412447426488
test-56932,0.030049197138696134
test-56933,0.00928544500432389
test-56934,0.028774654736953113
test-56935,0.02379012028083456
test-56936,0.21142134274904764
test-56937,0.04019935806004712
test-56938,0.14729709612929096
test-56939,0.02064487087934156
test-5694,0.1858348116307845
test-56940,0.12342472052336875
test-56941,0.014008075504383237
test-56942,0.11553770653888651
test-56943,0.3172518186728974
test-56944,0.03663929182239009
test-56945,0.12041818884702499
test-56946,0.06613128233036399
test-56947,0.041734823372546505
test-56948,0.009976517028229267
test-56949,0.39170022132050114
test-5695,0.024840373135949417
test-56950,0.0073227001068794295
test-56951,0.03494710551141526
test-56952,0.03419142497097163
test-56953,0.19829554136274313
test-56954,0.01008649787488996
test-56955,0.01167278100143212
test-56956,0.18181705102217585
test-56957,0.01152913626061813
test-56958,0.024690438571479983
test-56959,0.011639510370513922
test-5696,0.09854802392054506
test-56960,0.032037386213171315
test-56961,0.017198997462388923
test-56962,0.025683740065355825
test-56963,0.300199160574459
test-56964,0.029904072745382947
test-56965,0.3230034379679884
test-56966,0.01101841723229883
test-56967,0.047881690385177825
test-56968,0.0687732139720173
test-56969,0.024383898292820755
test-5697,0.15609928226063696
test-56970,0.011414941965456836
test-56971,0.1623692921882188
test-56972,0.20916917573580832
test-56973,0.06941710265252364
test-56974,0.011244964723833458
test-56975,0.10080069172025212
test-56976,0.0156576976785392
test-56977,0.02379724283915029
test-56978,0.12922025378347957
test-56979,0.20793987034012437
test-5698,0.02179211603736884
test-56980,0.14123315048652285
test-56981,0.023335436321573255
test-56982,0.06769227346933265
test-56983,0.052610868146050725
test-56984,0.06795998476261364
test-56985,0.14086291398007306
test-56986,0.1826756418860849
test-56987,0.01787324844662315
test-56988,0.020838829628169457
test-56989,0.31699788978884863
test-5699,0.16936063709087829
test-56990,0.016251432512097205
test-56991,0.06229890767860763
test-56992,0.01763468132482481
test-56993,0.019995931054884144
test-56994,0.04019935806004712
test-56995,0.013880949974863726
test-56996,0.07154554671561687
test-56997,0.03653432935877463
test-56998,0.1807298889486939
test-56999,0.010240463449236884
test-57,0.008969455267787644
test-570,0.30498660218790236
test-5700,0.032620055584339176
test-57000,0.053754304208366986
test-57001,0.01500456187788692
test-57002,0.08219192647824698
test-57003,0.08431901443777458
test-57004,0.07522285480025154
test-57005,0.045749712469492734
test-57006,0.08048127156358388
test-57007,0.07305911273342602
test-57008,0.16725775175328272
test-57009,0.016622352651816445
test-5701,0.018487488274364652
test-57010,0.014498203059716408
test-57011,0.021897757146381508
test-57012,0.12959325629233212
test-57013,0.029250201351111692
test-57014,0.023029103897902522
test-57015,0.015987071509901286
test-57016,0.034462792400414846
test-57017,0.13919012465966588
test-57018,0.16204161190125843
test-57019,0.01595785140581346
test-5702,0.14967054205686
test-57020,0.04850548188959575
test-57021,0.04986867221739923
test-57022,0.18710005249115103
test-57023,0.3136040974364507
test-57024,0.017503348817284443
test-57025,0.036592687707977335
test-57026,0.16368367357544486
test-57027,0.0669392073111586
test-57028,0.06794476528463178
test-57029,0.19161182801288848
test-5703,0.21994453525162677
test-57030,0.013002090664451342
test-57031,0.014984312049082371
test-57032,0.02856400851468876
test-57033,0.006379786884988972
test-57034,0.009260342702221069
test-57035,0.041057871821470804
test-57036,0.2698980085225857
test-57037,0.06371298830690843
test-57038,0.01507626559910104
test-57039,0.11543498080582862
test-5704,0.009306503831521864
test-57040,0.042948450791573924
test-57041,0.03972828508747737
test-57042,0.36607864215893016
test-57043,0.025711572986659437
test-57044,0.014008075504383237
test-57045,0.14500195139586197
test-57046,0.07263866287586394
test-57047,0.1849330537454731
test-57048,0.06577799124139887
test-57049,0.1320656759053036
test-5705,0.010997960926486099
test-57050,0.09473502150601747
test-57051,0.05922833133772596
test-57052,0.2500377714379982
test-57053,0.32068619210808536
test-57054,0.16302545884898484
test-57055,0.00685925843184367
test-57056,0.0155300191097796
test-57057,0.009611646185608448
test-57058,0.021519207337361863
test-57059,0.12608308344441232
test-5706,0.015092024658918804
test-57060,0.09819530379273998
test-57061,0.011712700157931915
test-57062,0.012095289286446292
test-57063,0.15479962059149371
test-57064,0.2906967740096192
test-57065,0.046193311201849295
test-57066,0.02372289305257482
test-57067,0.0189424466607962
test-57068,0.013185480505559113
test-57069,0.25294102967749194
test-5707,0.29365057137550116
test-57070,0.0183676909995029
test-57071,0.06613128233036399
test-57072,0.0331736738511463
test-57073,0.03882782471225247
test-57074,0.14739607630046048
test-57075,0.20059041243103878
test-57076,0.14040323817650532
test-57077,0.0305102904745406
test-57078,0.04697445004942352
test-57079,0.013075058165898268
test-5708,0.012255612849318073
test-57080,0.031972606114097656
test-57081,0.03226300987756369
test-57082,0.021111922174369736
test-57083,0.11750974984087038
test-57084,0.03364034052066517
test-57085,0.028210010376239724
test-57086,0.13894576638422704
test-57087,0.0647612520813217
test-57088,0.011017351369872141
test-57089,0.141822405396432
test-5709,0.1905487264227409
test-57090,0.008842835319236741
test-57091,0.020730501466260202
test-57092,0.009532025911916263
test-57093,0.18687730553258447
test-57094,0.009828826429199383
test-57095,0.028753298127034446
test-57096,0.01836406597564652
test-57097,0.10558641805424131
test-57098,0.1408487658022275
test-57099,0.0687732139720173
test-571,0.16844322927054853
test-5710,0.012820822438310921
test-57100,0.012482374380147468
test-57101,0.060803045439995165
test-57102,0.2236513616105421
test-57103,0.20241334147224102
test-57104,0.023329083784839298
test-57105,0.03671887494292443
test-57106,0.010129517923563636
test-57107,0.33651518616029824
test-57108,0.015177506595349293
test-57109,0.10527409264415057
test-5711,0.1479087410162551
test-57110,0.039060086196327365
test-57111,0.039407807709189224
test-57112,0.01691622496001687
test-57113,0.1149361689822159
test-57114,0.049707498328060214
test-57115,0.029026970570784728
test-57116,0.2050450232603389
test-57117,0.11543498080582862
test-57118,0.12093970775713028
test-57119,0.0857741190725743
test-5712,0.1333153882048676
test-57120,0.22976140992839292
test-57121,0.03235545395299992
test-57122,0.16695447271917302
test-57123,0.4130322048524721
test-57124,0.1123743335115735
test-57125,0.2529803975314515
test-57126,0.016184065413100555
test-57127,0.01303340623869867
test-57128,0.019995099606380143
test-57129,0.048927241954952405
test-5713,0.22176659268681023
test-57130,0.037428902356375554
test-57131,0.008165258996352934
test-57132,0.029420785860737906
test-57133,0.009866013399109102
test-57134,0.11607553849948815
test-57135,0.10591550843100792
test-57136,0.011420969283328584
test-57137,0.008601662532173756
test-57138,0.01608725436698435
test-57139,0.07503946124773335
test-5714,0.04720796771681569
test-57140,0.04455879549956729
test-57141,0.13148177717193257
test-57142,0.0801121513206125
test-57143,0.007018432577134194
test-57144,0.03303001853562246
test-57145,0.0131459111303747
test-57146,0.03324267969699785
test-57147,0.010745448128978348
test-57148,0.06255783088384002
test-57149,0.010205853183037352
test-5715,0.40797511440265344
test-57150,0.2708818665047007
test-57151,0.203735640436555
test-57152,0.02773637777793892
test-57153,0.0828227923423039
test-57154,0.3320068670439635
test-57155,0.018368208641024574
test-57156,0.2092210019511642
test-57157,0.17129083844865026
test-57158,0.028839030421301797
test-57159,0.01787324844662315
test-5716,0.009964530400422401
test-57160,0.02152003917332471
test-57161,0.006389839739396347
test-57162,0.017719355149768044
test-57163,0.15914862512701128
test-57164,0.08096110748823805
test-57165,0.022869652016017306
test-57166,0.02516059563249993
test-57167,0.13968460309054775
test-57168,0.03714988897915884
test-57169,0.04535040951722223
test-5717,0.02506013054648495
test-57170,0.012322059388830076
test-57171,0.04234682816706602
test-57172,0.24206050142207158
test-57173,0.05382826530370033
test-57174,0.010633926293722274
test-57175,0.024512883487094312
test-57176,0.25252503407177396
test-57177,0.020678466941057898
test-57178,0.058364204530631056
test-57179,0.03341374159547907
test-5718,0.03988918678724534
test-57180,0.013197325191116965
test-57181,0.012218060149371414
test-57182,0.012572665905477549
test-57183,0.061577899304617906
test-57184,0.0475288919726052
test-57185,0.18996676450393962
test-57186,0.02184831550795163
test-57187,0.3338386623126168
test-57188,0.02158116200353274
test-57189,0.10301811979682896
test-5719,0.08626888026528272
test-57190,0.023213230392894652
test-57191,0.09250899166067347
test-57192,0.2899977890098337
test-57193,0.03626152053537199
test-57194,0.09039907525541196
test-57195,0.11355752529276913
test-57196,0.009492601885685875
test-57197,0.052206679298670185
test-57198,0.011649461521885238
test-57199,0.009102268274465117
test-572,0.01408914203668026
test-5720,0.021893384198728834
test-57200,0.025777137593027966
test-57201,0.043631896223758786
test-57202,0.13207564119353027
test-57203,0.022800843993758986
test-57204,0.13844485831116107
test-57205,0.030503657013464528
test-57206,0.03589605059997915
test-57207,0.017088830278074393
test-57208,0.02232157744853897
test-57209,0.01604561454987872
test-5721,0.03523842662507612
test-57210,0.02314629319252834
test-57211,0.009664707633465079
test-57212,0.40564985403316506
test-57213,0.053874271618334094
test-57214,0.05171327794330279
test-57215,0.14761870477613945
test-57216,0.013830245231886053
test-57217,0.19328917402952706
test-57218,0.013876298874662227
test-57219,0.011242157601198089
test-5722,0.1039886259345888
test-57220,0.06164427346577812
test-57221,0.29808949637202276
test-57222,0.1851083442244527
test-57223,0.015372451396224845
test-57224,0.01569945267850606
test-57225,0.037420583803923185
test-57226,0.04549637689829626
test-57227,0.02490807328426238
test-57228,0.32412656905913556
test-57229,0.02835827549963901
test-5723,0.13858751146268392
test-57230,0.12418623206010543
test-57231,0.16990126442474965
test-57232,0.10812230317096443
test-57233,0.04845511880185748
test-57234,0.03339580667451314
test-57235,0.04484820883364802
test-57236,0.01770455157899776
test-57237,0.020740993810499906
test-57238,0.03275191848090016
test-57239,0.08091840458510943
test-5724,0.07931836740810959
test-57240,0.08603785274655606
test-57241,0.1754470196754547
test-57242,0.1740201257271949
test-57243,0.03263469040064984
test-57244,0.11356938026923977
test-57245,0.36881380218906024
test-57246,0.09111925773301384
test-57247,0.011133091143300772
test-57248,0.00608164766535341
test-57249,0.011242951009948638
test-5725,0.14584971832814003
test-57250,0.012605798991638249
test-57251,0.009355249574142802
test-57252,0.28136339599439303
test-57253,0.014534864527156436
test-57254,0.03494710551141526
test-57255,0.2926168619199914
test-57256,0.01959444625530337
test-57257,0.05368058579374111
test-57258,0.05834464318206397
test-57259,0.09465502719296445
test-5726,0.029656728963933416
test-57260,0.053804629554070754
test-57261,0.07647466864316846
test-57262,0.06583208675339053
test-57263,0.11965149935047688
test-57264,0.029930728541296137
test-57265,0.17977420673233846
test-57266,0.044534795793035306
test-57267,0.04732730168634199
test-57268,0.16896030265080497
test-57269,0.01339563690644194
test-5727,0.016640677182420547
test-57270,0.05618846159027504
test-57271,0.028747215902649857
test-57272,0.08196973207204497
test-57273,0.31053405448863486
test-57274,0.020969683933471372
test-57275,0.025550424009941352
test-57276,0.1486211957756497
test-57277,0.013434430826743652
test-57278,0.0669392073111586
test-57279,0.019952244586726706
test-5728,0.1285727876993293
test-57280,0.06332583598609046
test-57281,0.0749588299774694
test-57282,0.028639671841936422
test-57283,0.07572894768295543
test-57284,0.055826005560442045
test-57285,0.02131000711093378
test-57286,0.012854469904569656
test-57287,0.029188912204367985
test-57288,0.03186042947298741
test-57289,0.31294680897713034
test-5729,0.014853934403557279
test-57290,0.18945415996561543
test-57291,0.010616698983529283
test-57292,0.18463146426553853
test-57293,0.026715184817633703
test-57294,0.1421975063519123
test-57295,0.23567469554777584
test-57296,0.030390863799865317
test-57297,0.03153234990309935
test-57298,0.013416881453787258
test-57299,0.05015468531813707
test-573,0.007747379893608566
test-5730,0.024858374302280415
test-57300,0.07488166885227464
test-57301,0.08018508715969953
test-57302,0.018966620628984222
test-57303,0.032039855717219984
test-57304,0.2729863174903387
test-57305,0.04874077730584714
test-57306,0.08855129238180084
test-57307,0.019499581489345538
test-57308,0.018481299207761252
test-57309,0.029364538864758077
test-5731,0.27840180833384587
test-57310,0.2145879341766416
test-57311,0.16695447271917302
test-57312,0.01770605095868658
test-57313,0.17387638956206644
test-57314,0.1784089747037841
test-57315,0.05761742624419511
test-57316,0.01735818675208142
test-57317,0.016090477810575817
test-57318,0.1688407280308688
test-57319,0.14411355878808735
test-5732,0.18951631437423627
test-57320,0.1869213515024209
test-57321,0.09710963653099186
test-57322,0.042224264207508765
test-57323,0.12342363858373043
test-57324,0.035096533966448414
test-57325,0.0955966801524942
test-57326,0.15829030434939656
test-57327,0.02231113177081693
test-57328,0.07990520368371101
test-57329,0.0898096641529636
test-5733,0.027921732946401073
test-57330,0.019016407243113192
test-57331,0.2450205043051321
test-57332,0.008535694893407074
test-57333,0.012391115546916567
test-57334,0.019861271061935724
test-57335,0.010971570550852034
test-57336,0.06769227346933265
test-57337,0.014268931553433698
test-57338,0.018085021481306803
test-57339,0.16859211318185702
test-5734,0.048277832223533296
test-57340,0.024538195040365925
test-57341,0.15746545351136518
test-57342,0.2536642076872409
test-57343,0.11541192791024246
test-57344,0.13451094192606847
test-57345,0.1345481021706817
test-57346,0.05400256287771402
test-57347,0.030239423344417572
test-57348,0.03649203681005784
test-57349,0.13665685904017863
test-5735,0.15916330007662174
test-57350,0.009110555670711038
test-57351,0.03650207902511723
test-57352,0.03223269245735937
test-57353,0.3067262923086378
test-57354,0.025525885312450744
test-57355,0.16696100891292529
test-57356,0.013398477517942268
test-57357,0.045917817188121
test-57358,0.3985236840280423
test-57359,0.02791160638888264
test-5736,0.021485138444668955
test-57360,0.0687732139720173
test-57361,0.09754967174663995
test-57362,0.030100424207054208
test-57363,0.014663331218710903
test-57364,0.009558518648880677
test-57365,0.01549662995656424
test-57366,0.010051032067685338
test-57367,0.013557074641511057
test-57368,0.01662255531956045
test-57369,0.018862451484140202
test-5737,0.11378069649606996
test-57370,0.1543693773528168
test-57371,0.04315587774234556
test-57372,0.06803412447426488
test-57373,0.08469207989574525
test-57374,0.17106317781570557
test-57375,0.03243446920725269
test-57376,0.2240743481497298
test-57377,0.0669392073111586
test-57378,0.05134669625474701
test-57379,0.07096446565888062
test-5738,0.06632691261361182
test-57380,0.226504450721427
test-57381,0.0835982154656649
test-57382,0.14254337233494985
test-57383,0.05237537782130947
test-57384,0.010074455909949832
test-57385,0.016310571505758955
test-57386,0.14762222462810423
test-57387,0.08469207989574525
test-57388,0.02847271672709279
test-57389,0.012255174050204347
test-5739,0.014262576177336775
test-57390,0.013986263810306382
test-57391,0.012048648594747816
test-57392,0.060830464168921544
test-57393,0.007679443983961846
test-57394,0.18457283253098264
test-57395,0.2398811663625322
test-57396,0.02099720793040632
test-57397,0.12642646153763223
test-57398,0.026294666533280133
test-57399,0.020422162528164523
test-574,0.05249355188937802
test-5740,0.01227233665942525
test-57400,0.15208482657425365
test-57401,0.011044226794620332
test-57402,0.03700747818762282
test-57403,0.1445890101145828
test-57404,0.021918733008291048
test-57405,0.26862723190720145
test-57406,0.028489030502051305
test-57407,0.020122910832308806
test-57408,0.031012648907099087
test-57409,0.32385419183920494
test-5741,0.026898825673306145
test-57410,0.08752019470863416
test-57411,0.3185449074935451
test-57412,0.3490241275964279
test-57413,0.045898246331221144
test-57414,0.017267198853186453
test-57415,0.03004486003734187
test-57416,0.33897997336483093
test-57417,0.010343889471935248
test-57418,0.11015785284667695
test-57419,0.0386267576165067
test-5742,0.2686105865994178
test-57420,0.04643370561807839
test-57421,0.0721902850783383
test-57422,0.1906321336995455
test-57423,0.20548434186816858
test-57424,0.13962834866143878
test-57425,0.013748709520506969
test-57426,0.01519524321004887
test-57427,0.011712708327836654
test-57428,0.021168903045602372
test-57429,0.016853598286197955
test-5743,0.16695447271917302
test-57430,0.020235441841606392
test-57431,0.0087858828388333
test-57432,0.02634243799400829
test-57433,0.13398804890893506
test-57434,0.04567277345200228
test-57435,0.14584971832814003
test-57436,0.09774890188639068
test-57437,0.021426730651664935
test-57438,0.04511995366402893
test-57439,0.027943342246259995
test-5744,0.0440031395899203
test-57440,0.01266498772083467
test-57441,0.02186939543771562
test-57442,0.10062586810174658
test-57443,0.09442793442436977
test-57444,0.017247980600876525
test-57445,0.16695447271917302
test-57446,0.29744889649700407
test-57447,0.09787796055403811
test-57448,0.21585627418944497
test-57449,0.03150648016634842
test-5745,0.35941851533142805
test-57450,0.030379286457587744
test-57451,0.01069040066337619
test-57452,0.21622182892743025
test-57453,0.1719990832057293
test-57454,0.0292304179847011
test-57455,0.020840019356036157
test-57456,0.027958472765452113
test-57457,0.00992182221162321
test-57458,0.07113242595505281
test-57459,0.03551122882812857
test-5746,0.011761128455391581
test-57460,0.016050838511654994
test-57461,0.01995432097312435
test-57462,0.2744733150084083
test-57463,0.0707119985986715
test-57464,0.012436045165365197
test-57465,0.14113609452557957
test-57466,0.033765874238408114
test-57467,0.08788120190007584
test-57468,0.07869327484354549
test-57469,0.1819759905484217
test-5747,0.013893304776490529
test-57470,0.03267404080676994
test-57471,0.01273934715982744
test-57472,0.007406839662077669
test-57473,0.06613128233036399
test-57474,0.03280236076672631
test-57475,0.014376196787636424
test-57476,0.01063858971082535
test-57477,0.018837074084927453
test-57478,0.1813407884346541
test-57479,0.04123920946165631
test-5748,0.013661636577303285
test-57480,0.01044977021518455
test-57481,0.26827200442406246
test-57482,0.007764180895029008
test-57483,0.14857076041853085
test-57484,0.1976080235671968
test-57485,0.020153041418474488
test-57486,0.02874157781611735
test-57487,0.00769326002327535
test-57488,0.09095363519959088
test-57489,0.1346437455193104
test-5749,0.32072693085634246
test-57490,0.022889894917842973
test-57491,0.11149778789522773
test-57492,0.008796480038007155
test-57493,0.0669392073111586
test-57494,0.11961241575370897
test-57495,0.05887632855059816
test-57496,0.02259202332719421
test-57497,0.009202825987603587
test-57498,0.04363145236447255
test-57499,0.14790504279192454
test-575,0.03688887321121353
test-5750,0.06662155691573299
test-57500,0.052310895032443815
test-57501,0.2361276311087043
test-57502,0.06041168964453779
test-57503,0.016547801765748993
test-57504,0.19982076307592675
test-57505,0.4252554837280234
test-57506,0.1270928586689132
test-57507,0.02641497041942468
test-57508,0.12684719436184405
test-57509,0.02205146650534211
test-5751,0.009356417081042316
test-57510,0.01815811835685329
test-57511,0.07564187602682827
test-57512,0.15844139835805696
test-57513,0.36935351429623403
test-57514,0.12357266649134994
test-57515,0.09435854111353265
test-57516,0.23961642582827639
test-57517,0.05690020926889295
test-57518,0.14928289879624207
test-57519,0.0700969898591733
test-5752,0.15936930488989104
test-57520,0.2114339140559571
test-57521,0.18501855716765855
test-57522,0.05424061239266369
test-57523,0.018538876812287143
test-57524,0.015092024658918804
test-57525,0.2262887729828075
test-57526,0.027940201429365704
test-57527,0.10062551206765444
test-57528,0.28928609586679827
test-57529,0.28433431846359375
test-5753,0.009395635629308287
test-57530,0.060170166430728984
test-57531,0.031410354286019404
test-57532,0.020558421983795504
test-57533,0.10806172500934087
test-57534,0.17141376689225699
test-57535,0.06969667053173745
test-57536,0.09787796055403811
test-57537,0.14816074124499928
test-57538,0.007607468001184499
test-57539,0.01319448506027144
test-5754,0.019930238431451936
test-57540,0.025118932233056387
test-57541,0.028039938756476753
test-57542,0.09269243956335815
test-57543,0.18872059469741287
test-57544,0.021875831073785608
test-57545,0.061577899304617906
test-57546,0.01589004096020753
test-57547,0.02962476177144258
test-57548,0.010463413149435026
test-57549,0.07570544771894107
test-5755,0.16558275990497262
test-57550,0.06596179900050075
test-57551,0.19018402637712978
test-57552,0.07434876058816794
test-57553,0.022325314887500974
test-57554,0.0858525905708778
test-57555,0.08680671570506247
test-57556,0.20383612521715558
test-57557,0.03722215104813557
test-57558,0.022193962283723247
test-57559,0.07184354683521023
test-5756,0.148840082485034
test-57560,0.08003083037374147
test-57561,0.018324320183961587
test-57562,0.024918513578815558
test-57563,0.20509796447886236
test-57564,0.008016443067951544
test-57565,0.020009907906181398
test-57566,0.15745613415769705
test-57567,0.00789158964462993
test-57568,0.023477140999081714
test-57569,0.1586802256377835
test-5757,0.02096775178431045
test-57570,0.1538954543665039
test-57571,0.07154554671561687
test-57572,0.09640097791601851
test-57573,0.2262887729828075
test-57574,0.09752979142781895
test-57575,0.1372707695065023
test-57576,0.054528660164177414
test-57577,0.025273986165066164
test-57578,0.03658809461043078
test-57579,0.1928048203648684
test-5758,0.03859326974944383
test-57580,0.01571376461364049
test-57581,0.12078585077078577
test-57582,0.20438892131538713
test-57583,0.06608328233629213
test-57584,0.04929032193591795
test-57585,0.02567850723016093
test-57586,0.061577899304617906
test-57587,0.02101966031391355
test-57588,0.030286099597336663
test-57589,0.007683728651565676
test-5759,0.013022725105213203
test-57590,0.24351930789891824
test-57591,0.16695447271917302
test-57592,0.17645226684991447
test-57593,0.13762784862635752
test-57594,0.02060061432796849
test-57595,0.23994987282404948
test-57596,0.03879125468618899
test-57597,0.09349253332596916
test-57598,0.16829856423639364
test-57599,0.020140303426965114
test-576,0.03957797408190487
test-5760,0.09079877083786915
test-57600,0.024546866258489064
test-57601,0.04688163618239434
test-57602,0.12342818987560011
test-57603,0.1838690019786068
test-57604,0.010356051572309247
test-57605,0.11543498080582862
test-57606,0.13915976724655785
test-57607,0.009508479553801814
test-57608,0.022059873307602514
test-57609,0.007747039021264375
test-5761,0.010752344122721014
test-57610,0.013754777565603608
test-57611,0.059501922873155644
test-57612,0.014953627596337712
test-57613,0.011169354561387639
test-57614,0.034315493992620294
test-57615,0.19106663416765113
test-57616,0.1497063856838055
test-57617,0.007159468233837078
test-57618,0.11639989958859638
test-57619,0.08080188377216856
test-5762,0.08355618657700331
test-57620,0.030755259014961907
test-57621,0.01096267934219778
test-57622,0.017741246842243322
test-57623,0.03748795402564252
test-57624,0.03425671839354735
test-57625,0.20368655124824386
test-57626,0.029942164495747856
test-57627,0.16088565573089
test-57628,0.13618884538152443
test-57629,0.007211857768652451
test-5763,0.010922563486814944
test-57630,0.03562798081380685
test-57631,0.22964504445474215
test-57632,0.11764546501866649
test-57633,0.04750714643462983
test-57634,0.05848193316365644
test-57635,0.02729438341543402
test-57636,0.027974902461167957
test-57637,0.017313172952611512
test-57638,0.019622702242611055
test-57639,0.00831841778191277
test-5764,0.008937301196708346
test-57640,0.030860211436749246
test-57641,0.10272239045555796
test-57642,0.15477497020520073
test-57643,0.025627368448287082
test-57644,0.0912119951789895
test-57645,0.023247333103388595
test-57646,0.013698550610088952
test-57647,0.02744377829458528
test-57648,0.009975814094294853
test-57649,0.044720539410332744
test-5765,0.06357479741967532
test-57650,0.13895755260448694
test-57651,0.031785607263198054
test-57652,0.022859745894235468
test-57653,0.06803412447426488
test-57654,0.025392124423140844
test-57655,0.012661721449254962
test-57656,0.05791195712475384
test-57657,0.07096446565888062
test-57658,0.14278695959692955
test-57659,0.1601796702369662
test-5766,0.11543498080582862
test-57660,0.2379401611419384
test-57661,0.17071623808348785
test-57662,0.075564592323887
test-57663,0.03834972556214505
test-57664,0.015130595507052012
test-57665,0.06093112363233028
test-57666,0.07788223547533908
test-57667,0.052587175427313934
test-57668,0.23405123173663217
test-57669,0.30269555056045844
test-5767,0.2014911767264218
test-57670,0.03721665136112557
test-57671,0.023373420382206373
test-57672,0.08781294946799593
test-57673,0.08219192647824698
test-57674,0.11543498080582862
test-57675,0.013010483830463947
test-57676,0.025638095566412788
test-57677,0.022056466302850405
test-57678,0.1145562784460311
test-57679,0.050425691050088685
test-5768,0.027014312529422282
test-57680,0.015192526347702002
test-57681,0.012730272120009831
test-57682,0.03950915470502685
test-57683,0.0669392073111586
test-57684,0.011899744368140942
test-57685,0.0077671263096711326
test-57686,0.25263856132578566
test-57687,0.040716368739064736
test-57688,0.031046298679188494
test-57689,0.19580106384605983
test-5769,0.16859068219828577
test-57690,0.1910324596128437
test-57691,0.18537389170185092
test-57692,0.06387397221773229
test-57693,0.09787796055403811
test-57694,0.13710842677811563
test-57695,0.08196973207204497
test-57696,0.10700869202409537
test-57697,0.022310594021961186
test-57698,0.13484396217591946
test-57699,0.023932770902114195
test-577,0.07633978031323745
test-5770,0.041994584683696344
test-57700,0.042784248284128294
test-57701,0.21205940292262238
test-57702,0.11439441316603526
test-57703,0.0836160361599026
test-57704,0.12045314423973086
test-57705,0.09834833360942144
test-57706,0.018630921969124033
test-57707,0.009672986816219831
test-57708,0.059642505963956614
test-57709,0.01666473914999864
test-5771,0.251054818167635
test-57710,0.13165911902329328
test-57711,0.033767770849542925
test-57712,0.026251311696892647
test-57713,0.12789054283338833
test-57714,0.01229160343772414
test-57715,0.05468690415835357
test-57716,0.012409932517250888
test-57717,0.25544753589238806
test-57718,0.02276245320638881
test-57719,0.018290525220486017
test-5772,0.024710306935953188
test-57720,0.012350567923643805
test-57721,0.03837464351501511
test-57722,0.02398206986845058
test-57723,0.1656661181125142
test-57724,0.019283065441719073
test-57725,0.3128169474526866
test-57726,0.02666375500620232
test-57727,0.07878025185129729
test-57728,0.06887612955073807
test-57729,0.05571308796615826
test-5773,0.032232332198355695
test-57730,0.08437643831290924
test-57731,0.09506859871238603
test-57732,0.15241633641152563
test-57733,0.27630856954428795
test-57734,0.00887709608893385
test-57735,0.09487183770871345
test-57736,0.19797678941950625
test-57737,0.4001140406804215
test-57738,0.08855448568457788
test-57739,0.007762639592198995
test-5774,0.32636068099577664
test-57740,0.01624287666451105
test-57741,0.01330012918932975
test-57742,0.012266983999878953
test-57743,0.09626909263750956
test-57744,0.00910319379897418
test-57745,0.05649380224027271
test-57746,0.07896917855603469
test-57747,0.24273728637003267
test-57748,0.15414270405829908
test-57749,0.013282026442624776
test-5775,0.26538078350470296
test-57750,0.1517739320791256
test-57751,0.022323393383420823
test-57752,0.13830406861014471
test-57753,0.081492611414678
test-57754,0.3298126248115024
test-57755,0.40494507332578167
test-57756,0.033767770849542925
test-57757,0.025177930079933568
test-57758,0.05069978720688922
test-57759,0.022760335883328854
test-5776,0.09787796055403811
test-57760,0.14060534218208606
test-57761,0.18854594163896007
test-57762,0.041893144749429595
test-57763,0.15105897779361205
test-57764,0.20998008954999556
test-57765,0.021340410030459812
test-57766,0.27454873323279955
test-57767,0.026424429060477466
test-57768,0.013102429018510749
test-57769,0.04314066837216202
test-5777,0.15975284767489464
test-57770,0.06240362658614604
test-57771,0.009849473995068738
test-57772,0.020785413051632375
test-57773,0.18574556226366246
test-57774,0.012667680709144325
test-57775,0.14235860384157564
test-57776,0.14623320297721715
test-57777,0.019895866573638624
test-57778,0.01940291065669022
test-57779,0.055470025552013094
test-5778,0.11010384400004583
test-57780,0.018585687000344124
test-57781,0.009770016988797751
test-57782,0.01681085626989673
test-57783,0.004750830298266732
test-57784,0.3319920105153593
test-57785,0.29565865013475195
test-57786,0.01415526578396354
test-57787,0.013015335209671184
test-57788,0.05735171697147534
test-57789,0.019005111624465512
test-5779,0.011577182572743174
test-57790,0.12914827111504307
test-57791,0.03200947172923596
test-57792,0.02724318173068321
test-57793,0.020536387702861165
test-57794,0.030553138135739857
test-57795,0.13199179982482126
test-57796,0.021964027145571826
test-57797,0.1662312810645753
test-57798,0.012119203612595403
test-57799,0.019348603246307293
test-578,0.17645226684991447
test-5780,0.054513569268125325
test-57800,0.1727213733928387
test-57801,0.011227458571290013
test-57802,0.08091840458510943
test-57803,0.31639113532117935
test-57804,0.0791013179167286
test-57805,0.13960999292512333
test-57806,0.020194098072555792
test-57807,0.0070255302413999654
test-57808,0.03592846913595172
test-57809,0.13349053717114892
test-5781,0.17438337087664463
test-57810,0.17645226684991447
test-57811,0.0699374953382708
test-57812,0.08003083037374147
test-57813,0.032147435043153
test-57814,0.12664208732174687
test-57815,0.03920977039181531
test-57816,0.0846182167635542
test-57817,0.22879733623674972
test-57818,0.03068267097932613
test-57819,0.197286025661373
test-5782,0.01021532250173569
test-57820,0.03740628843490586
test-57821,0.17884041838722128
test-57822,0.035458841621458764
test-57823,0.03486415065020565
test-57824,0.04049681048766659
test-57825,0.16254786971857102
test-57826,0.2591525112914079
test-57827,0.009804037420679172
test-57828,0.18881822412438695
test-57829,0.2212863907157686
test-5783,0.030898632135304225
test-57830,0.027111292853204603
test-57831,0.022649936340936136
test-57832,0.14940995769187718
test-57833,0.066524445748113
test-57834,0.11825987903141363
test-57835,0.05140216954803887
test-57836,0.014051650453786212
test-57837,0.12669521753714805
test-57838,0.023371188863169218
test-57839,0.11602480957941265
test-5784,0.12965957950451437
test-57840,0.025577779192014646
test-57841,0.09385941239334844
test-57842,0.1490516569896876
test-57843,0.011447637916771287
test-57844,0.01628724284418081
test-57845,0.05664596258866644
test-57846,0.02237207512070724
test-57847,0.033798395998471675
test-57848,0.015479578809583849
test-57849,0.033185046033733574
test-5785,0.00968939418267906
test-57850,0.16695447271917302
test-57851,0.011901446325131227
test-57852,0.02063829913603275
test-57853,0.07285352056167836
test-57854,0.2377040527164077
test-57855,0.13935815518148237
test-57856,0.058431258059673474
test-57857,0.1431442000178186
test-57858,0.01873294993860443
test-57859,0.2045606843490868
test-5786,0.006426738597336798
test-57860,0.02473823488938435
test-57861,0.01241042803969998
test-57862,0.0691827100574332
test-57863,0.016553501815742278
test-57864,0.010457999697545385
test-57865,0.007907626153145834
test-57866,0.01091039320100741
test-57867,0.05635361139240093
test-57868,0.0504181768999684
test-57869,0.03546657684252972
test-5787,0.02391753014989002
test-57870,0.18548011232707035
test-57871,0.18744090689994658
test-57872,0.029365399000494747
test-57873,0.00884173276981484
test-57874,0.1661640447909133
test-57875,0.06986194723583708
test-57876,0.15836785858368146
test-57877,0.0410820465035571
test-57878,0.2044799643817732
test-57879,0.024528012956211594
test-5788,0.035623656466017846
test-57880,0.09299847794257497
test-57881,0.006653997616820272
test-57882,0.010865154306093174
test-57883,0.023573673487474713
test-57884,0.03546352782233932
test-57885,0.09967505524039096
test-57886,0.17462511378907408
test-57887,0.016186416369884243
test-57888,0.2322105984229857
test-57889,0.10082238422752848
test-5789,0.010329044779124977
test-57890,0.3144495347946632
test-57891,0.019282984525144174
test-57892,0.004420022986623221
test-57893,0.021323810157429905
test-57894,0.03723401862342753
test-57895,0.022108764299838726
test-57896,0.13830406861014471
test-57897,0.02332676229215686
test-57898,0.045131729984200536
test-57899,0.2524843720960434
test-579,0.03126811185959847
test-5790,0.03562798081380685
test-57900,0.015827237132750593
test-57901,0.11816291268595576
test-57902,0.28805357012724264
test-57903,0.01758168842211923
test-57904,0.008353149318286249
test-57905,0.14618789953990205
test-57906,0.10022332301988479
test-57907,0.06109782476173791
test-57908,0.131827197279822
test-57909,0.04790313926118735
test-5791,0.006746479793541179
test-57910,0.11961032749525508
test-57911,0.023881638740919774
test-57912,0.03151219103490667
test-57913,0.1895893326263332
test-57914,0.11640510268310741
test-57915,0.1301834787344984
test-57916,0.31083046157369376
test-57917,0.06647720861902062
test-57918,0.07010211855807186
test-57919,0.04279329389244931
test-5792,0.17156839764071777
test-57920,0.24141769013451234
test-57921,0.018242833628021118
test-57922,0.018471092268104443
test-57923,0.029292181129680767
test-57924,0.020937903655841562
test-57925,0.1309334231595709
test-57926,0.17645226684991447
test-57927,0.005370064787434184
test-57928,0.012880484808920602
test-57929,0.08469207989574525
test-5793,0.304094742674046
test-57930,0.04004936069700666
test-57931,0.007549042960258118
test-57932,0.011082051018715226
test-57933,0.12529905228316307
test-57934,0.02605174802248293
test-57935,0.12443245381528309
test-57936,0.11891478736413588
test-57937,0.07931836740810959
test-57938,0.1944346418129891
test-57939,0.01614848536816466
test-5794,0.1810381715440166
test-57940,0.025748246606089754
test-57941,0.1944346418129891
test-57942,0.09525612845614326
test-57943,0.2011161915427558
test-57944,0.04688163618239434
test-57945,0.008742792663244275
test-57946,0.07736953252942919
test-57947,0.04446009786050561
test-57948,0.02554982719400863
test-57949,0.12958919782220565
test-5795,0.19491855321471255
test-57950,0.0853103464573093
test-57951,0.016390345491928724
test-57952,0.020336083286434003
test-57953,0.028224925443446482
test-57954,0.034462792400414846
test-57955,0.10149896140473258
test-57956,0.29842139173938925
test-57957,0.023742458586117853
test-57958,0.020881261108922834
test-57959,0.03275043836770197
test-5796,0.007546998174911658
test-57960,0.27562997228782593
test-57961,0.01295109350482895
test-57962,0.08641359945096186
test-57963,0.0498107587180011
test-57964,0.04687241728370488
test-57965,0.052883180241077674
test-57966,0.23227092183712209
test-57967,0.23264734967518816
test-57968,0.03332342879888587
test-57969,0.026563561047884925
test-5797,0.1412202018499298
test-57970,0.1543693773528168
test-57971,0.06848340680220068
test-57972,0.00960861623822585
test-57973,0.2932087524788104
test-57974,0.04166971932024224
test-57975,0.03518557693180691
test-57976,0.0734238194770512
test-57977,0.04273125576329276
test-57978,0.04115917379384021
test-57979,0.0263802024301669
test-5798,0.02996606264588555
test-57980,0.010162674393930163
test-57981,0.014600619165259609
test-57982,0.07300415700059695
test-57983,0.011374594655167198
test-57984,0.15506810989390019
test-57985,0.03513264788487959
test-57986,0.043068067715877366
test-57987,0.06863749836428276
test-57988,0.03142339203577585
test-57989,0.13844485831116107
test-5799,0.012009067386282308
test-57990,0.0180615437198935
test-57991,0.009444089841612402
test-57992,0.015656634955523097
test-57993,0.036415278558449116
test-57994,0.03991427570930743
test-57995,0.015596957820802013
test-57996,0.033414051685165994
test-57997,0.041994584683696344
test-57998,0.009818900575629352
test-57999,0.010591068838213554
test-58,0.15338201925055583
test-580,0.013631076096040038
test-5800,0.018364256421671186
test-58000,0.06769227346933265
test-58001,0.04252105837468247
test-58002,0.010457343400237693
test-58003,0.0592503243198575
test-58004,0.15491800201691475
test-58005,0.14450712315146674
test-58006,0.03376238721335045
test-58007,0.07291295060841685
test-58008,0.08804686346547687
test-58009,0.014518216060955557
test-5801,0.011368298248094674
test-58010,0.05397308579669014
test-58011,0.07769762784074197
test-58012,0.13726071573070886
test-58013,0.00881648116978953
test-58014,0.02283106503112394
test-58015,0.0759619875030652
test-58016,0.07013717606758778
test-58017,0.21375838203345873
test-58018,0.07512180394517347
test-58019,0.12758786262445412
test-5802,0.17141055309188907
test-58020,0.023021849586446746
test-58021,0.19090805717607864
test-58022,0.0383034548535911
test-58023,0.03808926221621729
test-58024,0.011152167924512676
test-58025,0.02348747615976516
test-58026,0.1958297863064588
test-58027,0.012850368964538166
test-58028,0.013628959187246449
test-58029,0.30260410077192784
test-5803,0.036280960268652664
test-58030,0.00896844664069702
test-58031,0.010900363515837905
test-58032,0.20232929044259962
test-58033,0.07896917855603469
test-58034,0.12861831992358175
test-58035,0.031967777894199766
test-58036,0.018855629132945473
test-58037,0.23537229299367246
test-58038,0.07799433853261355
test-58039,0.01634089692373384
test-5804,0.023817454296578267
test-58040,0.13799731011977132
test-58041,0.278201667381778
test-58042,0.08041847563848667
test-58043,0.12483822089434844
test-58044,0.018938211852676617
test-58045,0.197286025661373
test-58046,0.05339307069340168
test-58047,0.054134789311696394
test-58048,0.16368367357544486
test-58049,0.022647351054483053
test-5805,0.031991857716613684
test-58050,0.009452960506448243
test-58051,0.037802933463891165
test-58052,0.021662740263430697
test-58053,0.014181796979341143
test-58054,0.39582872887643566
test-58055,0.14028664076841985
test-58056,0.27682117879233664
test-58057,0.04143148093664252
test-58058,0.03182873996803667
test-58059,0.07811077505862955
test-5806,0.02163687962712324
test-58060,0.010576097592789394
test-58061,0.02456566434670438
test-58062,0.012174818131914714
test-58063,0.03349497996758371
test-58064,0.013341016380945094
test-58065,0.010019288567208913
test-58066,0.060066854657855474
test-58067,0.02991603334973258
test-58068,0.03546352782233932
test-58069,0.06960818370233879
test-5807,0.02235476076526124
test-58070,0.3884785708976933
test-58071,0.009233180652287428
test-58072,0.33638974456817866
test-58073,0.01873337984220738
test-58074,0.12347502764968793
test-58075,0.04064612051246049
test-58076,0.1843523604825597
test-58077,0.1731275762049315
test-58078,0.01648248813669058
test-58079,0.03242352507069569
test-5808,0.02576253633520363
test-58080,0.30014160684871727
test-58081,0.026330710100582837
test-58082,0.2749397714041012
test-58083,0.02061349538904076
test-58084,0.0745517952399271
test-58085,0.019262712192757773
test-58086,0.011803246860551822
test-58087,0.2462415874015413
test-58088,0.015139798494788501
test-58089,0.16750900454372322
test-5809,0.13632552889340477
test-58090,0.23602909985316592
test-58091,0.013047277094766179
test-58092,0.05008008272102578
test-58093,0.048296744777960136
test-58094,0.11015556175435293
test-58095,0.013525171804240767
test-58096,0.06634358790172522
test-58097,0.03936564914973921
test-58098,0.08035226909004813
test-58099,0.010267291975303168
test-581,0.2690305951301553
test-5810,0.012334963189695009
test-58100,0.03208041488073907
test-58101,0.10926847022019902
test-58102,0.02374711262760543
test-58103,0.1900258626328395
test-58104,0.06259100480523434
test-58105,0.13830406861014471
test-58106,0.19789182254109844
test-58107,0.2395318885299092
test-58108,0.04626574158376681
test-58109,0.0765176442062777
test-5811,0.05391702509745398
test-58110,0.12614711902775436
test-58111,0.12342363858373043
test-58112,0.01742136148405629
test-58113,0.009062799725185146
test-58114,0.31639113532117935
test-58115,0.028832947378221476
test-58116,0.021190920246188256
test-58117,0.18556719522946744
test-58118,0.08818574483968362
test-58119,0.0687732139720173
test-5812,0.12474652021959103
test-58120,0.054482086227913305
test-58121,0.13260001532546944
test-58122,0.02672821735416902
test-58123,0.18353335061249762
test-58124,0.017942506472507492
test-58125,0.01608725436698435
test-58126,0.15701630716024761
test-58127,0.024513576951196915
test-58128,0.009446872536829147
test-58129,0.2816031368114811
test-5813,0.03187717598682272
test-58130,0.0322560369895652
test-58131,0.030093691795844032
test-58132,0.16770892351417926
test-58133,0.2523020984925409
test-58134,0.1360099245293686
test-58135,0.018245072013977338
test-58136,0.22862492777119403
test-58137,0.13844485831116107
test-58138,0.36061604142392334
test-58139,0.15841744571944305
test-5814,0.09697256493189678
test-58140,0.007047054242216026
test-58141,0.08052575533510135
test-58142,0.029590846643909582
test-58143,0.06312310430385563
test-58144,0.02385064932740481
test-58145,0.0729066628245875
test-58146,0.13380987096607141
test-58147,0.023400789822452465
test-58148,0.015306798524884431
test-58149,0.042173540203612976
test-5815,0.008372419969303253
test-58150,0.13158837312389987
test-58151,0.021200399219649085
test-58152,0.012452930359618815
test-58153,0.013223269200023974
test-58154,0.02459128538537083
test-58155,0.015352728339772975
test-58156,0.04352628228284838
test-58157,0.13500590275353752
test-58158,0.03094087674238521
test-58159,0.03238700276180606
test-5816,0.025718441755628353
test-58160,0.11413662588879345
test-58161,0.2932563605476191
test-58162,0.36112377675618623
test-58163,0.06845179840037012
test-58164,0.20944363530164797
test-58165,0.09119538886473173
test-58166,0.1714857754614675
test-58167,0.3067262923086378
test-58168,0.1016089945636339
test-58169,0.0451367327511598
test-5817,0.0187753112418278
test-58170,0.019349186746139235
test-58171,0.023127028209597333
test-58172,0.03109095407172133
test-58173,0.15863945790430067
test-58174,0.03648173071962281
test-58175,0.32940031742774223
test-58176,0.07278892182117214
test-58177,0.3152323267167199
test-58178,0.255871996555417
test-58179,0.02323288595281765
test-5818,0.2044660400281232
test-58180,0.012728885005369341
test-58181,0.011879989203129944
test-58182,0.020899182867982483
test-58183,0.24782615735307742
test-58184,0.04360592267073708
test-58185,0.16695447271917302
test-58186,0.1582643329359579
test-58187,0.09578091814074853
test-58188,0.07781457099818978
test-58189,0.009789518411346948
test-5819,0.2663236381715071
test-58190,0.0526892374520386
test-58191,0.06008505861291078
test-58192,0.17575745799321818
test-58193,0.10251507034744838
test-58194,0.012688441379880507
test-58195,0.04039430621750288
test-58196,0.02173227989977162
test-58197,0.31939396202793396
test-58198,0.11613386193331729
test-58199,0.06726772733828854
test-582,0.22669385188502028
test-5820,0.04317215629977886
test-58200,0.0669392073111586
test-58201,0.039907421522098696
test-58202,0.03667886671461944
test-58203,0.18369133813284566
test-58204,0.0495469087695115
test-58205,0.012121479248384257
test-58206,0.16695447271917302
test-58207,0.042595293438419654
test-58208,0.03305874398837522
test-58209,0.12143263438525861
test-5821,0.13567229027363817
test-58210,0.06837716154279296
test-58211,0.33141803274691434
test-58212,0.1845527826614402
test-58213,0.04134514706220052
test-58214,0.02397218999390243
test-58215,0.06980830189606753
test-58216,0.2189456020705078
test-58217,0.14019608138645961
test-58218,0.01143531231392637
test-58219,0.2308504134884755
test-5822,0.025158365750827357
test-58220,0.10355569081858587
test-58221,0.01769061177916896
test-58222,0.14107122997406438
test-58223,0.027534517551033633
test-58224,0.02467091103096993
test-58225,0.07300415700059695
test-58226,0.029050569767360496
test-58227,0.014183183621428772
test-58228,0.014805686473646586
test-58229,0.04197358489689312
test-5823,0.018869493855396997
test-58230,0.02617530929364093
test-58231,0.012521038012760617
test-58232,0.05015468531813707
test-58233,0.021413396653488796
test-58234,0.07896917855603469
test-58235,0.020878925772226154
test-58236,0.31939396202793396
test-58237,0.03138890024085001
test-58238,0.011969420250044155
test-58239,0.1457386451206169
test-5824,0.020938424587523794
test-58240,0.315107226151039
test-58241,0.02850442323038833
test-58242,0.18522048584626935
test-58243,0.017609651419739292
test-58244,0.10251507034744838
test-58245,0.1886560896407149
test-58246,0.04306298827614307
test-58247,0.05130493496282605
test-58248,0.037959443995385055
test-58249,0.07287513663214307
test-5825,0.0885340608750168
test-58250,0.0669392073111586
test-58251,0.014346713922119067
test-58252,0.05400256287771402
test-58253,0.08704405757738395
test-58254,0.31699788978884863
test-58255,0.01743269039560767
test-58256,0.31566973342995347
test-58257,0.02372776992999568
test-58258,0.009216103251135567
test-58259,0.014724542747993187
test-5826,0.013541010566906833
test-58260,0.05681482636132213
test-58261,0.023386030871808756
test-58262,0.010722247350078718
test-58263,0.06177492334600899
test-58264,0.27471045109863046
test-58265,0.0322560369895652
test-58266,0.02967202764778305
test-58267,0.14438138015374313
test-58268,0.02790593459437063
test-58269,0.08046310382999218
test-5827,0.18414597806079488
test-58270,0.02083636572700637
test-58271,0.27162887267547664
test-58272,0.06569996053521503
test-58273,0.012475270070065693
test-58274,0.019793775639509518
test-58275,0.022387067868375004
test-58276,0.050294083506756335
test-58277,0.08469207989574525
test-58278,0.18877797228648707
test-58279,0.10609796482074266
test-5828,0.10891174903670928
test-58280,0.2991643298016279
test-58281,0.020048015602156258
test-58282,0.1577069444037339
test-58283,0.03171851916311565
test-58284,0.12056362792764973
test-58285,0.09956429419609518
test-58286,0.25347480830705915
test-58287,0.015139798494788501
test-58288,0.023826204181634506
test-58289,0.015170255109324179
test-5829,0.04475351461529831
test-58290,0.026515644851235563
test-58291,0.009446872536829147
test-58292,0.16468101951043318
test-58293,0.12395432690365542
test-58294,0.013428843715478823
test-58295,0.09204347970106215
test-58296,0.019933032170278975
test-58297,0.0669392073111586
test-58298,0.14846563339033064
test-58299,0.018740863865080327
test-583,0.13339486168297818
test-5830,0.03772930020037507
test-58300,0.02265801338254342
test-58301,0.042295851362397774
test-58302,0.07462803487437973
test-58303,0.13137796933582985
test-58304,0.08003083037374147
test-58305,0.08521604520528558
test-58306,0.008616421308530414
test-58307,0.009197182293421303
test-58308,0.011989571227462326
test-58309,0.22672739451827054
test-5831,0.19036924629263882
test-58310,0.211628798870495
test-58311,0.21686389509767084
test-58312,0.0669392073111586
test-58313,0.022793413152147543
test-58314,0.018063223135158863
test-58315,0.020331889964933385
test-58316,0.012433189936027829
test-58317,0.016159898727863352
test-58318,0.1043649550718716
test-58319,0.03729194141400005
test-5832,0.06748835798025454
test-58320,0.020225279408882583
test-58321,0.021524950544356207
test-58322,0.05501716771512078
test-58323,0.2954234403200605
test-58324,0.009113582595050903
test-58325,0.35486093625600845
test-58326,0.022205167946047037
test-58327,0.03611663395578433
test-58328,0.3218035564290218
test-58329,0.01815416363929246
test-5833,0.09194310697337356
test-58330,0.01842193025859687
test-58331,0.039056486816039286
test-58332,0.14584971832814003
test-58333,0.0414953855924854
test-58334,0.17749807232828183
test-58335,0.020027935015360238
test-58336,0.024861510136267192
test-58337,0.010628599034939701
test-58338,0.1501655086081887
test-58339,0.25559389283524714
test-5834,0.01763869938500904
test-58340,0.022152092737338647
test-58341,0.07187525905993888
test-58342,0.011911170297357875
test-58343,0.011362464394539367
test-58344,0.023602988878239407
test-58345,0.18800666622096485
test-58346,0.04866929848035318
test-58347,0.10466980317581549
test-58348,0.028368019087305154
test-58349,0.012032359870092622
test-5835,0.09126251351419568
test-58350,0.05006110409835646
test-58351,0.015309513774473461
test-58352,0.062335148864845154
test-58353,0.09638214611063238
test-58354,0.011863228307218993
test-58355,0.04054485704662308
test-58356,0.03663461263098909
test-58357,0.029230176460906802
test-58358,0.041760720624100627
test-58359,0.010663423301942157
test-5836,0.022566215559996532
test-58360,0.09895389744950145
test-58361,0.013016126849533134
test-58362,0.056135331681187145
test-58363,0.20732617818998594
test-58364,0.05368685471395719
test-58365,0.11084624888241132
test-58366,0.012458647078720578
test-58367,0.040722476410401054
test-58368,0.2512533501367951
test-58369,0.08719755038109307
test-5837,0.06857230184425392
test-58370,0.11246601556151103
test-58371,0.012313181839364284
test-58372,0.190113359740506
test-58373,0.016501655961733218
test-58374,0.24539249937590493
test-58375,0.020626215664151886
test-58376,0.13844485831116107
test-58377,0.014399398384314688
test-58378,0.2906473831226123
test-58379,0.14795217368082156
test-5838,0.021914460267612818
test-58380,0.15709859321375938
test-58381,0.11512351736983528
test-58382,0.30444262689773127
test-58383,0.12608308344441232
test-58384,0.0669392073111586
test-58385,0.021784031723357876
test-58386,0.02660265239640799
test-58387,0.13830743809882362
test-58388,0.02656762140145933
test-58389,0.014194530703566192
test-5839,0.12510469029505078
test-58390,0.021143664408983822
test-58391,0.0065579466761082
test-58392,0.01470155729677045
test-58393,0.03568987558849863
test-58394,0.0418687257379962
test-58395,0.2038949481761069
test-58396,0.17252921911698002
test-58397,0.027743151461345306
test-58398,0.009496689040701934
test-58399,0.162567307530442
test-584,0.031573277611457166
test-5840,0.06353606463577964
test-58400,0.022945620684455506
test-58401,0.20975804399003245
test-58402,0.10270697481318937
test-58403,0.009331969729270301
test-58404,0.32072693085634246
test-58405,0.21435684379974593
test-58406,0.023907962976586372
test-58407,0.01788642423716596
test-58408,0.18424405344474568
test-58409,0.04981321007638599
test-5841,0.023650449737664312
test-58410,0.019828277784809414
test-58411,0.244520290518531
test-58412,0.024538255600268018
test-58413,0.034462792400414846
test-58414,0.06569882115573068
test-58415,0.035380500594752444
test-58416,0.16850094237936697
test-58417,0.15291743395249696
test-58418,0.09787796055403811
test-58419,0.11462521997949539
test-5842,0.06508992638066717
test-58420,0.07530698548391887
test-58421,0.04602675104607365
test-58422,0.08084821586869169
test-58423,0.018101404012891793
test-58424,0.2715541865320858
test-58425,0.38101455748438967
test-58426,0.07382987930138314
test-58427,0.24038040825725593
test-58428,0.012571462185178087
test-58429,0.023023460359101713
test-5843,0.019588180344716405
test-58430,0.020839204574241623
test-58431,0.0147081918207209
test-58432,0.02895170539175848
test-58433,0.08003083037374147
test-58434,0.007467254798115618
test-58435,0.2186271648032219
test-58436,0.07779925044998214
test-58437,0.0789863481188268
test-58438,0.09927926013771185
test-58439,0.01614965601030027
test-5844,0.01295210511041841
test-58440,0.14658755386509728
test-58441,0.019313315363517387
test-58442,0.2521108127363853
test-58443,0.02344951091011373
test-58444,0.09003131024566825
test-58445,0.02918051399446568
test-58446,0.03561499597900052
test-58447,0.03223269245735937
test-58448,0.23274239533536642
test-58449,0.383532030181582
test-5845,0.015584093803771324
test-58450,0.020730501466260202
test-58451,0.17850146088271795
test-58452,0.02116474851150581
test-58453,0.05262855009831404
test-58454,0.12756464018589395
test-58455,0.06603126161032678
test-58456,0.05779077841861447
test-58457,0.16780212609422623
test-58458,0.021034926239984427
test-58459,0.03383717344144755
test-5846,0.08469207989574525
test-58460,0.014973102987293846
test-58461,0.05339307069340168
test-58462,0.021176670602333646
test-58463,0.36005181360654215
test-58464,0.00681569656065105
test-58465,0.22271965850263056
test-58466,0.05132684032129074
test-58467,0.2565782347551598
test-58468,0.20276581986925826
test-58469,0.09667288438228616
test-5847,0.013002611805010394
test-58470,0.01705957866238227
test-58471,0.03494710551141526
test-58472,0.022481258651351962
test-58473,0.28738868066617845
test-58474,0.07147209925182384
test-58475,0.016020232182825667
test-58476,0.021230607795006993
test-58477,0.14584971832814003
test-58478,0.01909646935893478
test-58479,0.09984521867913673
test-5848,0.0852671730503366
test-58480,0.33198130928615566
test-58481,0.3202803639379476
test-58482,0.24278861685360972
test-58483,0.16695447271917302
test-58484,0.30827866551685157
test-58485,0.06444741698519815
test-58486,0.12243265641665092
test-58487,0.0199398142697467
test-58488,0.026257944347103292
test-58489,0.21868766932114675
test-5849,0.26158795165651366
test-58490,0.10361579324162123
test-58491,0.011255326747475989
test-58492,0.07532131400615029
test-58493,0.12328786225866496
test-58494,0.016023709858410642
test-58495,0.046875532067646664
test-58496,0.008892087744652576
test-58497,0.14312994474159868
test-58498,0.03547515288990306
test-58499,0.16695447271917302
test-585,0.014446851431957402
test-5850,0.010224082031410935
test-58500,0.05199786947650491
test-58501,0.07723694747610733
test-58502,0.01983333475165455
test-58503,0.009993294789528892
test-58504,0.1869213515024209
test-58505,0.034757337559228586
test-58506,0.2827178373490535
test-58507,0.2146944748382324
test-58508,0.08897961754239042
test-58509,0.05929868568292899
test-5851,0.041955473883358775
test-58510,0.018706727508961466
test-58511,0.012721250138098763
test-58512,0.20063684951320837
test-58513,0.03926479148955904
test-58514,0.015465158321333826
test-58515,0.0114365284042474
test-58516,0.014691096788032655
test-58517,0.024952389106155777
test-58518,0.01066251364764319
test-58519,0.03714988897915884
test-5852,0.09860381645007209
test-58520,0.09585058803061489
test-58521,0.027471521470755177
test-58522,0.12243265641665092
test-58523,0.06444938257328164
test-58524,0.09216216973837994
test-58525,0.04288935294060568
test-58526,0.019284181046780514
test-58527,0.3010362708190766
test-58528,0.021700944982932895
test-58529,0.024096545365370942
test-5853,0.11167607299036778
test-58530,0.08468537971204138
test-58531,0.07886389856148882
test-58532,0.03292887540943377
test-58533,0.2547036481481821
test-58534,0.10761863990803235
test-58535,0.08788120190007584
test-58536,0.0627327157697179
test-58537,0.011880951982182668
test-58538,0.05020050663719134
test-58539,0.015777918530848027
test-5854,0.024599852230692998
test-58540,0.06192124242188942
test-58541,0.030542840281789056
test-58542,0.11178660607852962
test-58543,0.013373528687812476
test-58544,0.01734339194779329
test-58545,0.07420175824613516
test-58546,0.051667928548338724
test-58547,0.01985214196321581
test-58548,0.011524896074431893
test-58549,0.03723802561473373
test-5855,0.041606166002836155
test-58550,0.021736014219496152
test-58551,0.007675644588652618
test-58552,0.3173294302919748
test-58553,0.09787796055403811
test-58554,0.020893913690186963
test-58555,0.008443481737337723
test-58556,0.03211277025086865
test-58557,0.09787796055403811
test-58558,0.08790538968635002
test-58559,0.06317551945785756
test-5856,0.1288439440204255
test-58560,0.15436008050395866
test-58561,0.14210845403207742
test-58562,0.036770688727036524
test-58563,0.06769227346933265
test-58564,0.10994072050734374
test-58565,0.022254609618746216
test-58566,0.030697253751811954
test-58567,0.32367752417250684
test-58568,0.05319090884142519
test-58569,0.02980127913271256
test-5857,0.012760122482665401
test-58570,0.02594056512542691
test-58571,0.19866754438274062
test-58572,0.3031432078595421
test-58573,0.07305911273342602
test-58574,0.11813825404616116
test-58575,0.030955388149165045
test-58576,0.03343418318199008
test-58577,0.05139015363089292
test-58578,0.1341145964966123
test-58579,0.04647357467778124
test-5858,0.06114277677936581
test-58580,0.08086385461013587
test-58581,0.060310586808575144
test-58582,0.05591491040930066
test-58583,0.08549318337279413
test-58584,0.14553694076409418
test-58585,0.03733465872982028
test-58586,0.08110413393213176
test-58587,0.02059350844869929
test-58588,0.184751139416945
test-58589,0.015228327352687272
test-5859,0.01884723318085074
test-58590,0.17081670631152476
test-58591,0.016378536108696072
test-58592,0.07547804577690705
test-58593,0.12981501887066932
test-58594,0.12559900311095964
test-58595,0.022049577976407792
test-58596,0.17901278411711138
test-58597,0.09673533330374554
test-58598,0.012133503616937012
test-58599,0.027511832068450044
test-586,0.01094565576196457
test-5860,0.036592687707977335
test-58600,0.2513817672604566
test-58601,0.18009565202541117
test-58602,0.04447422246876447
test-58603,0.05141769479004909
test-58604,0.21623936444291536
test-58605,0.08091840458510943
test-58606,0.007674698377043513
test-58607,0.010078712906788054
test-58608,0.008058483389750105
test-58609,0.2532466875176765
test-5861,0.011021998400094891
test-58610,0.18062770985805704
test-58611,0.015208063370406982
test-58612,0.08496234326577232
test-58613,0.12588936641571402
test-58614,0.0765176442062777
test-58615,0.3382752711646779
test-58616,0.07886389856148882
test-58617,0.013755065001972301
test-58618,0.05096201783869144
test-58619,0.3565036093678387
test-5862,0.013181255295594906
test-58620,0.08091840458510943
test-58621,0.015516916219973555
test-58622,0.0743969687009448
test-58623,0.034700893102032435
test-58624,0.01598346177726185
test-58625,0.03930261356671758
test-58626,0.025275746707910135
test-58627,0.036592687707977335
test-58628,0.038382651072094584
test-58629,0.3179245159544634
test-5863,0.045954602071945565
test-58630,0.1760572496176857
test-58631,0.006152407535526934
test-58632,0.04402187412228945
test-58633,0.05082161785835444
test-58634,0.028712111181379184
test-58635,0.1691890326310609
test-58636,0.054149922208614615
test-58637,0.019231176081365643
test-58638,0.027046086040838913
test-58639,0.07932609422007855
test-5864,0.041557175529918444
test-58640,0.2657218004999186
test-58641,0.14461542606478833
test-58642,0.33292620595638384
test-58643,0.17818127041337758
test-58644,0.07135859418473546
test-58645,0.03428316841415857
test-58646,0.06950563916069319
test-58647,0.022866670692999476
test-58648,0.028231716388710044
test-58649,0.016345124560538757
test-5865,0.02365318957879279
test-58650,0.016885287257782655
test-58651,0.012041883760553141
test-58652,0.16695447271917302
test-58653,0.06905498194640307
test-58654,0.010489253254732926
test-58655,0.0644671746323486
test-58656,0.02730417841146338
test-58657,0.2380372962858309
test-58658,0.21208850349486993
test-58659,0.024975757078388457
test-5866,0.041331611272476886
test-58660,0.12045676913121782
test-58661,0.12869593394241352
test-58662,0.04475351461529831
test-58663,0.023240846149684947
test-58664,0.13162182790869603
test-58665,0.2833442497227527
test-58666,0.05329388126316482
test-58667,0.0201951562955021
test-58668,0.05339307069340168
test-58669,0.018375683246684406
test-5867,0.19947960319887648
test-58670,0.010529148921142104
test-58671,0.007540097341074415
test-58672,0.1955395272515161
test-58673,0.02725062824321897
test-58674,0.052200052337157424
test-58675,0.11803087843920418
test-58676,0.009236858182187875
test-58677,0.02270157941118113
test-58678,0.045712317360931766
test-58679,0.01391083456113727
test-5868,0.012088833752995902
test-58680,0.11462746771338529
test-58681,0.02635019801692255
test-58682,0.02262851192043021
test-58683,0.07154554671561687
test-58684,0.02009528051670963
test-58685,0.008670368817791091
test-58686,0.023766118201954154
test-58687,0.018737893141683577
test-58688,0.010716948631754217
test-58689,0.1152948976995882
test-5869,0.03200837570880132
test-58690,0.03668834300033589
test-58691,0.28397998118167156
test-58692,0.31639113532117935
test-58693,0.011327938387251596
test-58694,0.02521947854973878
test-58695,0.06268003691201403
test-58696,0.12663596937894922
test-58697,0.014598653263084174
test-58698,0.1543693773528168
test-58699,0.06160805720134237
test-587,0.01931218157713079
test-5870,0.022169529903338616
test-58700,0.019109651404223275
test-58701,0.02424455288895962
test-58702,0.0248220495759502
test-58703,0.012297201071248863
test-58704,0.022600825893071805
test-58705,0.12615353015864939
test-58706,0.0309320610300965
test-58707,0.10776904972813794
test-58708,0.06803412447426488
test-58709,0.2035683834718002
test-5871,0.019600484234192524
test-58710,0.03258155418476127
test-58711,0.2727404931453027
test-58712,0.03670189167955589
test-58713,0.0846182167635542
test-58714,0.04400312293856123
test-58715,0.03288281317649495
test-58716,0.14288160778593437
test-58717,0.015482953379985526
test-58718,0.2420625591583068
test-58719,0.006795410743675347
test-5872,0.013522827941961862
test-58720,0.19091496966739407
test-58721,0.01276260134004072
test-58722,0.22764894056965138
test-58723,0.2401853697455498
test-58724,0.02456508668908155
test-58725,0.04973803027372902
test-58726,0.06427802281009569
test-58727,0.1725086374701741
test-58728,0.12937902834704781
test-58729,0.039805619258782635
test-5873,0.010872206871221637
test-58730,0.021995709796784342
test-58731,0.05400256287771402
test-58732,0.026839509675260186
test-58733,0.06597188285016674
test-58734,0.023766118201954154
test-58735,0.012447329947712093
test-58736,0.01474423284503955
test-58737,0.1026993022337136
test-58738,0.010865154306093174
test-58739,0.05339307069340168
test-5874,0.02364033980118572
test-58740,0.209217345652331
test-58741,0.01787324844662315
test-58742,0.0230774050246095
test-58743,0.02861979525321291
test-58744,0.015740363985845957
test-58745,0.22706597415360696
test-58746,0.198144145984739
test-58747,0.15823290013151686
test-58748,0.07495300243762337
test-58749,0.010181828203564652
test-5875,0.1498790469677485
test-58750,0.019023644640876802
test-58751,0.02705181331808694
test-58752,0.08003083037374147
test-58753,0.1001728034970038
test-58754,0.26842950675279253
test-58755,0.016899477371867363
test-58756,0.008856168022737152
test-58757,0.03460117488585673
test-58758,0.007367407806630141
test-58759,0.09868983059608064
test-5876,0.018082689318126465
test-58760,0.06308244727325393
test-58761,0.07287513663214307
test-58762,0.01229160343772414
test-58763,0.022374925438071347
test-58764,0.01708648305783684
test-58765,0.08530929480921848
test-58766,0.17148327115470793
test-58767,0.01288430834034381
test-58768,0.048700097293697994
test-58769,0.05773592236138722
test-5877,0.03703889742404347
test-58770,0.08846853144470727
test-58771,0.06784886647208478
test-58772,0.20193602282983164
test-58773,0.0687482976347801
test-58774,0.20314859444765693
test-58775,0.08442075867534088
test-58776,0.03428316841415857
test-58777,0.05400256287771402
test-58778,0.06500936174689127
test-58779,0.013566517641700847
test-5878,0.026155410700578374
test-58780,0.013341016380945094
test-58781,0.01598107967627873
test-58782,0.00894099161009265
test-58783,0.03953006827667283
test-58784,0.05339307069340168
test-58785,0.46967806722243133
test-58786,0.06567759168335784
test-58787,0.23006022162151624
test-58788,0.00923365094747651
test-58789,0.017816205450150783
test-5879,0.02817894509461913
test-58790,0.13002717522725285
test-58791,0.019568569249593906
test-58792,0.17676913793907537
test-58793,0.06107244868006746
test-58794,0.01945920316086934
test-58795,0.08617897369164487
test-58796,0.1145562784460311
test-58797,0.015434368316946261
test-58798,0.006447033704584914
test-58799,0.0691827100574332
test-588,0.010059284234746684
test-5880,0.03949457103604048
test-58800,0.11689655380419271
test-58801,0.1782732512409616
test-58802,0.36336236004260664
test-58803,0.12397692544968679
test-58804,0.18978400708623988
test-58805,0.010052132553226317
test-58806,0.3073407352524223
test-58807,0.27719598484665503
test-58808,0.08526520720413418
test-58809,0.4034161808085848
test-5881,0.033767770849542925
test-58810,0.03670812973319131
test-58811,0.20741280046072674
test-58812,0.033739843983134156
test-58813,0.18703219665321794
test-58814,0.01644443832879783
test-58815,0.24241846192434374
test-58816,0.011876264551242395
test-58817,0.030710391314618606
test-58818,0.04969528492790458
test-58819,0.03667886671461944
test-5882,0.16133376141032715
test-58820,0.20112534528635206
test-58821,0.011918700329841679
test-58822,0.01215591389279613
test-58823,0.018059304094507712
test-58824,0.27903622753450075
test-58825,0.03189300139347545
test-58826,0.07932180879337365
test-58827,0.012304975118949789
test-58828,0.06803412447426488
test-58829,0.029002749202891868
test-5883,0.16695447271917302
test-58830,0.061577899304617906
test-58831,0.14584971832814003
test-58832,0.05526594703928838
test-58833,0.15866643380837853
test-58834,0.07896917855603469
test-58835,0.14368481778091494
test-58836,0.2191038275745938
test-58837,0.17204879923548766
test-58838,0.008591114418953213
test-58839,0.01480756615799255
test-5884,0.014178545104405003
test-58840,0.03433631438997168
test-58841,0.019820846539124068
test-58842,0.010929006495183245
test-58843,0.11380477524097334
test-58844,0.2017878685553672
test-58845,0.034053317418724235
test-58846,0.0531118492179254
test-58847,0.12604542757623594
test-58848,0.25615169423469525
test-58849,0.024418213784376166
test-5885,0.14035612768234712
test-58850,0.15350582849525157
test-58851,0.1546561779634526
test-58852,0.05093417845013508
test-58853,0.011764012496262686
test-58854,0.04864376274953059
test-58855,0.2578727466054428
test-58856,0.07356995325196859
test-58857,0.03009067908680905
test-58858,0.01759938517048187
test-58859,0.0888687870523802
test-5886,0.04085591920298983
test-58860,0.2621934959312076
test-58861,0.12663596937894922
test-58862,0.11246601556151103
test-58863,0.0344396858746866
test-58864,0.16770255083589444
test-58865,0.019282309710651372
test-58866,0.109960023311268
test-58867,0.032657910032353195
test-58868,0.01418702562179643
test-58869,0.26174380259051183
test-5887,0.010002462056467694
test-58870,0.018438718253854035
test-58871,0.020956077446233737
test-58872,0.12366632774524698
test-58873,0.12852248678323422
test-58874,0.14072511725318046
test-58875,0.06011960673483049
test-58876,0.09697256493189678
test-58877,0.09967505524039096
test-58878,0.06107244868006746
test-58879,0.03786007027405641
test-5888,0.10849311745818162
test-58880,0.014998950325453238
test-58881,0.01615203145350154
test-58882,0.07251461126716183
test-58883,0.02954110162916164
test-58884,0.05273939999786985
test-58885,0.12482761523608636
test-58886,0.007397641965320704
test-58887,0.33403243703055774
test-58888,0.12894041527998862
test-58889,0.019599142386095628
test-5889,0.12422096363096609
test-58890,0.057550521777238
test-58891,0.15945327468848955
test-58892,0.0744759739511813
test-58893,0.02995035109827545
test-58894,0.017192401127575144
test-58895,0.03313822801071949
test-58896,0.010380794096933339
test-58897,0.08003083037374147
test-58898,0.04544370228706168
test-58899,0.09986337980364335
test-589,0.12955076413389505
test-5890,0.015271954056403123
test-58900,0.010212594462711291
test-58901,0.04650743246244876
test-58902,0.2328232560369614
test-58903,0.20523412207816144
test-58904,0.12456179376616706
test-58905,0.07479815158758202
test-58906,0.024067628493159215
test-58907,0.016723881855092843
test-58908,0.2594520287480248
test-58909,0.08196973207204497
test-5891,0.16682501222542145
test-58910,0.03383905649178967
test-58911,0.031138253527602567
test-58912,0.046009648738188004
test-58913,0.033784920758737014
test-58914,0.016925505079576277
test-58915,0.06687591078501293
test-58916,0.18995464079678237
test-58917,0.15280866975946342
test-58918,0.1107367050351432
test-58919,0.02376237024818215
test-5892,0.13268233466689863
test-58920,0.01792476674193912
test-58921,0.007124351741153167
test-58922,0.06896316683150534
test-58923,0.06803412447426488
test-58924,0.008290314297052896
test-58925,0.00818450604636993
test-58926,0.13139337153578512
test-58927,0.04017908038010613
test-58928,0.02607553978479456
test-58929,0.14480009894638957
test-5893,0.24829226922063005
test-58930,0.0826851081009842
test-58931,0.010939272850159948
test-58932,0.06043852798343721
test-58933,0.010320673674506993
test-58934,0.029005356254334383
test-58935,0.025128733605893957
test-58936,0.19835057040568194
test-58937,0.17700933041481307
test-58938,0.022086465361080394
test-58939,0.03313831027371023
test-5894,0.0451367327511598
test-58940,0.016605708601417118
test-58941,0.033767770849542925
test-58942,0.31031435814079444
test-58943,0.37858329078023994
test-58944,0.08852531117295614
test-58945,0.0321990013698337
test-58946,0.012162948990057387
test-58947,0.06613128233036399
test-58948,0.22188901860474566
test-58949,0.04663421899254999
test-5895,0.014978243471531831
test-58950,0.04101762179712537
test-58951,0.09884898042355647
test-58952,0.12203902533072954
test-58953,0.010397420974949112
test-58954,0.013341458467498775
test-58955,0.07372949072255144
test-58956,0.22467914845046486
test-58957,0.006185236891296367
test-58958,0.2871276205150301
test-58959,0.012198968772181027
test-5896,0.29864366372313816
test-58960,0.18991510865421662
test-58961,0.011068253337298715
test-58962,0.04252105837468247
test-58963,0.011165923494816052
test-58964,0.12466564908881349
test-58965,0.03936528888355024
test-58966,0.0496981473874399
test-58967,0.06449972261026428
test-58968,0.03398605017376409
test-58969,0.01986792500617798
test-5897,0.21684647505181948
test-58970,0.045097470073118096
test-58971,0.22711034178619
test-58972,0.06695771918569533
test-58973,0.048461475713048124
test-58974,0.03637573619355389
test-58975,0.3088846073371973
test-58976,0.15257506474590599
test-58977,0.03895447257504666
test-58978,0.2139110061344034
test-58979,0.014733568871867601
test-5898,0.04353623862426673
test-58980,0.012572665905477549
test-58981,0.061577899304617906
test-58982,0.022823482338470067
test-58983,0.02661552235626104
test-58984,0.07491579852371377
test-58985,0.29126375835488166
test-58986,0.14045666954397498
test-58987,0.04051182369827448
test-58988,0.010033790503639705
test-58989,0.12750083480216265
test-5899,0.012594263898652728
test-58990,0.1781327482408997
test-58991,0.02236474705871216
test-58992,0.014448990240790775
test-58993,0.02203273594284628
test-58994,0.12429661306642333
test-58995,0.06980830189606753
test-58996,0.08676426786931425
test-58997,0.1556920683828667
test-58998,0.17292234980429527
test-58999,0.14919347127196403
test-59,0.02597948426391501
test-590,0.021288157998511848
test-5900,0.029026137765353812
test-59000,0.012183164089538933
test-59001,0.015994590862094787
test-59002,0.012488523579186813
test-59003,0.009359225112346074
test-59004,0.12750083480216265
test-59005,0.19721684433307476
test-59006,0.15252339053785494
test-59007,0.10022332301988479
test-59008,0.018744055608652284
test-59009,0.03578074738887275
test-5901,0.07896917855603469
test-59010,0.04217375666889205
test-59011,0.024342053701968173
test-59012,0.013659514988185578
test-59013,0.18623281465475622
test-59014,0.12067384503049347
test-59015,0.031209839425393834
test-59016,0.017924880074526427
test-59017,0.106623919671572
test-59018,0.03370541253075562
test-59019,0.015385790677786438
test-5902,0.12688398431233272
test-59020,0.010849448011939709
test-59021,0.2587806466152034
test-59022,0.22042110495634046
test-59023,0.2240368758708729
test-59024,0.04302945389627798
test-59025,0.01776917909926317
test-59026,0.01534081562946058
test-59027,0.08101523337267551
test-59028,0.05420696106458327
test-59029,0.09435854111353265
test-5903,0.3917010130262079
test-59030,0.0669392073111586
test-59031,0.012989802641224301
test-59032,0.007425746384077041
test-59033,0.04218581918706303
test-59034,0.10952263493482255
test-59035,0.07211877770923551
test-59036,0.011374594655167198
test-59037,0.03941874907551302
test-59038,0.3021893522972768
test-59039,0.009765754132297997
test-5904,0.23754279209112145
test-59040,0.3231211082164242
test-59041,0.063134153308654
test-59042,0.2611589108106992
test-59043,0.014564396772238067
test-59044,0.02103212385415812
test-59045,0.10616010064218641
test-59046,0.015048190128451334
test-59047,0.01924557170142916
test-59048,0.01369845301889359
test-59049,0.14426916166138604
test-5905,0.021111922174369736
test-59050,0.00954770939751536
test-59051,0.03052715209114192
test-59052,0.18366307293341538
test-59053,0.09842248958499943
test-59054,0.038836857995885085
test-59055,0.1412707332810193
test-59056,0.011767375094614119
test-59057,0.015511267105926764
test-59058,0.08282335300571741
test-59059,0.1543693773528168
test-5906,0.21302083156371243
test-59060,0.03957797408190487
test-59061,0.09985649801372733
test-59062,0.09629887022217257
test-59063,0.1944346418129891
test-59064,0.02071425711298273
test-59065,0.02950638876080057
test-59066,0.03117502901096009
test-59067,0.029601591375335953
test-59068,0.0865520017260712
test-59069,0.05932267879338253
test-5907,0.006087295082494204
test-59070,0.30627134070131684
test-59071,0.04490020191426858
test-59072,0.16039161384018463
test-59073,0.010952982381637832
test-59074,0.020184049019556536
test-59075,0.1271488442052772
test-59076,0.025305762340282662
test-59077,0.017476157724317872
test-59078,0.12756464018589395
test-59079,0.13513861898426763
test-5908,0.06027173916933787
test-59080,0.05219912876338704
test-59081,0.16481561976691522
test-59082,0.08003083037374147
test-59083,0.11709343371842393
test-59084,0.0707119985986715
test-59085,0.024398004209906524
test-59086,0.01728509937561626
test-59087,0.07154554671561687
test-59088,0.010456701769213842
test-59089,0.01395593935710417
test-5909,0.021190187535890415
test-59090,0.034667250534505305
test-59091,0.010582268665020322
test-59092,0.09787796055403811
test-59093,0.02236363344584653
test-59094,0.07585369222398707
test-59095,0.03605138315091755
test-59096,0.01137485373905894
test-59097,0.06983136155849988
test-59098,0.07014673511928562
test-59099,0.25129088665232796
test-591,0.013526349881837383
test-5910,0.008164606270353371
test-59100,0.24550307351365766
test-59101,0.012697043917254808
test-59102,0.02918051399446568
test-59103,0.016245648561957576
test-59104,0.013674363679474218
test-59105,0.01349508487272493
test-59106,0.03300356637227382
test-59107,0.16695447271917302
test-59108,0.012031892487977822
test-59109,0.051120131882698115
test-5911,0.008946618484903518
test-59110,0.009263722377486662
test-59111,0.08592132109463028
test-59112,0.15642188512574154
test-59113,0.022436262825171863
test-59114,0.14348445965726406
test-59115,0.08385720189899822
test-59116,0.04264207054841838
test-59117,0.5950565586566299
test-59118,0.014258097157051487
test-59119,0.16962690301916034
test-5912,0.02011533801473475
test-59120,0.1285727876993293
test-59121,0.08143464175976715
test-59122,0.042207594291328504
test-59123,0.05834617056078086
test-59124,0.03653059220327571
test-59125,0.09144614864142239
test-59126,0.06108085344638038
test-59127,0.3432654708626904
test-59128,0.037211025947255096
test-59129,0.016041593287104167
test-5913,0.02386740103790528
test-59130,0.06111089328276684
test-59131,0.09787796055403811
test-59132,0.06784886647208478
test-59133,0.012254120063162554
test-59134,0.012614470914390004
test-59135,0.025622658355664667
test-59136,0.012891004742827882
test-59137,0.04833009980723282
test-59138,0.061577899304617906
test-59139,0.022725343695760566
test-5914,0.04056366284320162
test-59140,0.13899414690202977
test-59141,0.031401571171234606
test-59142,0.1543693773528168
test-59143,0.08280798444089976
test-59144,0.13718973839953708
test-59145,0.07802819961977205
test-59146,0.034237450185288544
test-59147,0.06794885727409836
test-59148,0.17573426971143574
test-59149,0.01094659042188662
test-5915,0.21651270974889036
test-59150,0.0669392073111586
test-59151,0.012542832963624016
test-59152,0.2575719185570495
test-59153,0.031220970216712596
test-59154,0.013867480724091765
test-59155,0.017815983820611232
test-59156,0.018911773126109643
test-59157,0.031771071925684784
test-59158,0.1625314000244012
test-59159,0.15833524938284638
test-5916,0.16862936169275256
test-59160,0.03902184541760658
test-59161,0.09377892155017734
test-59162,0.08196973207204497
test-59163,0.16482328709216146
test-59164,0.09948195424608168
test-59165,0.03280236076672631
test-59166,0.17645226684991447
test-59167,0.13876711943095757
test-59168,0.017320430392952713
test-59169,0.04025948399673693
test-5917,0.01894412771189286
test-59170,0.3067272660730624
test-59171,0.026784257433298327
test-59172,0.011031131831256227
test-59173,0.05642107338985479
test-59174,0.2964363328007315
test-59175,0.07742767884236121
test-59176,0.10921390294548533
test-59177,0.024565899219073026
test-59178,0.1512239459673447
test-59179,0.060789733244595114
test-5918,0.03646772521551254
test-59180,0.14267499044714257
test-59181,0.018280877729543173
test-59182,0.009586617652141183
test-59183,0.06424818130085448
test-59184,0.048499508291393004
test-59185,0.011529158977073187
test-59186,0.05914207434479487
test-59187,0.038320231681002265
test-59188,0.1984354209455435
test-59189,0.1684725346782363
test-5919,0.0934194266980052
test-59190,0.01050986576477376
test-59191,0.0380957092077338
test-59192,0.03632507473060101
test-59193,0.013080515715141143
test-59194,0.05315442034309469
test-59195,0.048643894598367994
test-59196,0.2758630813845606
test-59197,0.037049161206804335
test-59198,0.20112534528635206
test-59199,0.05599733449081731
test-592,0.0459277358262523
test-5920,0.3264832667286317
test-59200,0.07154554671561687
test-59201,0.020515983752244067
test-59202,0.016109216796502478
test-59203,0.013754142314695426
test-59204,0.005003952202108053
test-59205,0.0860771758552563
test-59206,0.21193325330416282
test-59207,0.008489247142662632
test-59208,0.04348328491898084
test-59209,0.037486638302877136
test-5921,0.044534795793035306
test-59210,0.009811551901944698
test-59211,0.03427258419598696
test-59212,0.25788273733967376
test-59213,0.059501922873155644
test-59214,0.010418089948193507
test-59215,0.015139798494788501
test-59216,0.02062111388578253
test-59217,0.06453091491302544
test-59218,0.20269734832092962
test-59219,0.3092815091649232
test-5922,0.007802055723051644
test-59220,0.014639547795696923
test-59221,0.039884422877073625
test-59222,0.050221482255765615
test-59223,0.16699526104995888
test-59224,0.14765657314827385
test-59225,0.22578875829030706
test-59226,0.1934725747776021
test-59227,0.14369326405350588
test-59228,0.026312864359241385
test-59229,0.25693276291310174
test-5923,0.017988751259433534
test-59230,0.2480386748258015
test-59231,0.1893202450877966
test-59232,0.4130406270039422
test-59233,0.05253908967754071
test-59234,0.13963787911684178
test-59235,0.04475351461529831
test-59236,0.1514606057694021
test-59237,0.13207564119353027
test-59238,0.011146277656248225
test-59239,0.13803091694814948
test-5924,0.1336389685257595
test-59240,0.21034649152930143
test-59241,0.031751049529724976
test-59242,0.11016348075601297
test-59243,0.031233384809993606
test-59244,0.19425715962719503
test-59245,0.02198901216036323
test-59246,0.26948007826792575
test-59247,0.26647820952651313
test-59248,0.018519946096669366
test-59249,0.01701331588420729
test-5925,0.1394463013726253
test-59250,0.22699362463623343
test-59251,0.027277242644691394
test-59252,0.022401279162809044
test-59253,0.17113053592462765
test-59254,0.024322686038981942
test-59255,0.16658873945041097
test-59256,0.03872938551199749
test-59257,0.010721340125093718
test-59258,0.25788273733967376
test-59259,0.10615124313417132
test-5926,0.022302241119166823
test-59260,0.014804967755822076
test-59261,0.06002808759277198
test-59262,0.33651518616029824
test-59263,0.23084371915740734
test-59264,0.011670330540180403
test-59265,0.11864623094475962
test-59266,0.010792309895153169
test-59267,0.04744836284985823
test-59268,0.00712311675277087
test-59269,0.13305381126223198
test-5927,0.19252286375850333
test-59270,0.15193491197001294
test-59271,0.024553610411240306
test-59272,0.08461465958159894
test-59273,0.03667886671461944
test-59274,0.016032068563840488
test-59275,0.02196095523462089
test-59276,0.15825342655964197
test-59277,0.012637857763808859
test-59278,0.011155002689389619
test-59279,0.007542497827601702
test-5928,0.12460507488050093
test-59280,0.052499391636985304
test-59281,0.009619054169613691
test-59282,0.08446298650961538
test-59283,0.01911939072886887
test-59284,0.04475351461529831
test-59285,0.009448085305755015
test-59286,0.02449772856539757
test-59287,0.019702614562789426
test-59288,0.032147435043153
test-59289,0.14577169925807967
test-5929,0.012955716163446216
test-59290,0.07545541318542076
test-59291,0.1855747478741186
test-59292,0.14584971832814003
test-59293,0.08679424461862759
test-59294,0.01832731539451931
test-59295,0.0278791558367766
test-59296,0.04665115607754578
test-59297,0.22590991662325396
test-59298,0.08890115724917734
test-59299,0.014881073597383204
test-593,0.007546998174911658
test-5930,0.18357687636235123
test-59300,0.12073632943163878
test-59301,0.1756057896917385
test-59302,0.016560914381476926
test-59303,0.3153973769537414
test-59304,0.19806255865300595
test-59305,0.01277522155655573
test-59306,0.060631392761593204
test-59307,0.017519662751600364
test-59308,0.08046310382999218
test-59309,0.22820401237724547
test-5931,0.04823475928599499
test-59310,0.0559103285581388
test-59311,0.00797848145749947
test-59312,0.021456006023053673
test-59313,0.11512351736983528
test-59314,0.015489663175009166
test-59315,0.17855741079825663
test-59316,0.043076365712653296
test-59317,0.2180739450791884
test-59318,0.028999124137944723
test-59319,0.1355990364949456
test-5932,0.05174031065821872
test-59320,0.010074304023775257
test-59321,0.02912573711106342
test-59322,0.24601973892946674
test-59323,0.02505291879758756
test-59324,0.01629547391270753
test-59325,0.21481729021019794
test-59326,0.05400256287771402
test-59327,0.07896917855603469
test-59328,0.04371739997126556
test-59329,0.04193522015763268
test-5933,0.06259100480523434
test-59330,0.008271914888020197
test-59331,0.06041759469080794
test-59332,0.013823801263651935
test-59333,0.25790134709925094
test-59334,0.131330423356409
test-59335,0.021312185725823884
test-59336,0.010287533353956824
test-59337,0.13766910509259042
test-59338,0.013201333083871373
test-59339,0.14325007828017736
test-5934,0.007319577844043438
test-59340,0.014985448976983846
test-59341,0.033715919874945516
test-59342,0.15699534552380826
test-59343,0.020212903308130498
test-59344,0.035851436157039805
test-59345,0.02747561792033172
test-59346,0.13427187521081005
test-59347,0.07412945889798178
test-59348,0.16862936169275256
test-59349,0.01842564453036664
test-5935,0.012354873285298981
test-59350,0.17444243163178155
test-59351,0.07095216573197995
test-59352,0.07736971131561239
test-59353,0.016216767299733335
test-59354,0.029071542231331557
test-59355,0.01849839741985068
test-59356,0.0687732139720173
test-59357,0.014382412396211967
test-59358,0.031852158638422036
test-59359,0.09238217435950055
test-5936,0.036194610577006826
test-59360,0.18968733489268555
test-59361,0.008626475810929924
test-59362,0.16038497810477578
test-59363,0.13620912788374864
test-59364,0.009834013793367465
test-59365,0.08227449316788707
test-59366,0.04544234204454334
test-59367,0.0521952932017753
test-59368,0.009463516035548592
test-59369,0.16150566590635687
test-5937,0.015379330984876812
test-59370,0.0232911499626386
test-59371,0.012314304968651497
test-59372,0.014838648133760911
test-59373,0.04475351461529831
test-59374,0.35776714397829706
test-59375,0.023912958505893037
test-59376,0.024635821168579923
test-59377,0.014684200038307104
test-59378,0.08340489547974655
test-59379,0.2582857062770498
test-5938,0.08362364876356701
test-59380,0.04085507843695343
test-59381,0.08130078387287525
test-59382,0.2508278874324729
test-59383,0.06518688175134404
test-59384,0.032598386432795
test-59385,0.011118584980184311
test-59386,0.13774157405628287
test-59387,0.022923449552904516
test-59388,0.048424302621268636
test-59389,0.01694278015012389
test-5939,0.06911982866215399
test-59390,0.008991213947607239
test-59391,0.22201096020293334
test-59392,0.020087115105368283
test-59393,0.27375820908715043
test-59394,0.09087889990155516
test-59395,0.03957797408190487
test-59396,0.028764526117268947
test-59397,0.21178622127988037
test-59398,0.011879989203129944
test-59399,0.044689260717378713
test-594,0.20369707963035238
test-5940,0.009644095471519582
test-59400,0.2512174693330081
test-59401,0.039086452581574595
test-59402,0.14584971832814003
test-59403,0.012138647860096222
test-59404,0.16696100891292529
test-59405,0.02709640631401673
test-59406,0.04371739997126556
test-59407,0.017165870413330796
test-59408,0.011664855185767582
test-59409,0.040036434232552064
test-5941,0.19391261682361802
test-59410,0.25969060019776513
test-59411,0.018025304027273654
test-59412,0.11781834153848249
test-59413,0.042465684386386086
test-59414,0.03957797408190487
test-59415,0.13131254091688982
test-59416,0.02488183768407262
test-59417,0.05300577485512337
test-59418,0.2738727628149764
test-59419,0.0466901725883035
test-5942,0.028163012494270993
test-59420,0.059167370052159565
test-59421,0.07203283158851724
test-59422,0.03975267166933779
test-59423,0.0451245983236501
test-59424,0.12247046560603615
test-59425,0.05545998347829377
test-59426,0.15094870832104648
test-59427,0.13731171035429612
test-59428,0.04268054192075128
test-59429,0.09787796055403811
test-5943,0.01576999345087677
test-59430,0.04771029890459111
test-59431,0.02173570219636058
test-59432,0.3976156385160501
test-59433,0.025758818725086174
test-59434,0.051619898882456196
test-59435,0.02232157744853897
test-59436,0.14040323817650532
test-59437,0.053317296774407955
test-59438,0.007209089738152517
test-59439,0.09699422253508
test-5944,0.04252105837468247
test-59440,0.018608383283469275
test-59441,0.04437522815974331
test-59442,0.024273381306402487
test-59443,0.010042080270842076
test-59444,0.10022332301988479
test-59445,0.02596028142099456
test-59446,0.14341590628354015
test-59447,0.01727268810690482
test-59448,0.3700111885693471
test-59449,0.055459825445639155
test-5945,0.09942379880474449
test-59450,0.02764197706389882
test-59451,0.1817711821868634
test-59452,0.01972738742332659
test-59453,0.019573843190457543
test-59454,0.021524950544356207
test-59455,0.037208412911544295
test-59456,0.0231458814390214
test-59457,0.1633668153145276
test-59458,0.07896917855603469
test-59459,0.11398380732379881
test-5946,0.19609444134460138
test-59460,0.012500168288795526
test-59461,0.03122190846024065
test-59462,0.07886389856148882
test-59463,0.01796815277867809
test-59464,0.1386248421140852
test-59465,0.028346884049775395
test-59466,0.0784717959572561
test-59467,0.28335185928616513
test-59468,0.012398764054585228
test-59469,0.059877513403539015
test-5947,0.04475351461529831
test-59470,0.061577899304617906
test-59471,0.08513494773412414
test-59472,0.019088861465103555
test-59473,0.005365606185000609
test-59474,0.007383347351553944
test-59475,0.01789984425107924
test-59476,0.15657438697250414
test-59477,0.006718711031088555
test-59478,0.11822211909190937
test-59479,0.024101177038389508
test-5948,0.199343343162246
test-59480,0.030762682052362794
test-59481,0.12839804985835435
test-59482,0.01667627631501256
test-59483,0.028417759261992574
test-59484,0.1519103133624904
test-59485,0.13775918575813118
test-59486,0.029188912204367985
test-59487,0.26055531413967853
test-59488,0.13757267787632177
test-59489,0.048769186851987445
test-5949,0.12113330727817403
test-59490,0.1783189356828429
test-59491,0.016327535223569327
test-59492,0.008799907481156444
test-59493,0.014083898519308115
test-59494,0.022442363203380316
test-59495,0.11046875886525084
test-59496,0.04283495631610115
test-59497,0.23145526825561866
test-59498,0.020192620459502774
test-59499,0.03688417271013314
test-595,0.12988355707565272
test-5950,0.022073572992487658
test-59500,0.26150066278805845
test-59501,0.02613920551459462
test-59502,0.27061542430377356
test-59503,0.055886723222758145
test-59504,0.09005380968533967
test-59505,0.004589786376731063
test-59506,0.2220060909333723
test-59507,0.1597211270562477
test-59508,0.020242174145052257
test-59509,0.007317246538225952
test-5951,0.2429712953115778
test-59510,0.04000668621189083
test-59511,0.03900868877746944
test-59512,0.02373419416320858
test-59513,0.2530182779112939
test-59514,0.021897757146381508
test-59515,0.0705239099405515
test-59516,0.021737546264967888
test-59517,0.03129830093795322
test-59518,0.26496983238773103
test-59519,0.025895364201869935
test-5952,0.06401687696626099
test-59520,0.00838550264588945
test-59521,0.04252105837468247
test-59522,0.1672839815861272
test-59523,0.12885449598689266
test-59524,0.09435854111353265
test-59525,0.17645226684991447
test-59526,0.09045663907879728
test-59527,0.04573711611258874
test-59528,0.1965868936176805
test-59529,0.017267198853186453
test-5953,0.09673533330374554
test-59530,0.11749851157171166
test-59531,0.13343795394970462
test-59532,0.02701451449049498
test-59533,0.13785704571392932
test-59534,0.20688407320443314
test-59535,0.04556624350199403
test-59536,0.21374212616947358
test-59537,0.015128862537549597
test-59538,0.02757239578112131
test-59539,0.04853271193437329
test-5954,0.023426951143572537
test-59540,0.011470142845916294
test-59541,0.08676426786931425
test-59542,0.1518186660957838
test-59543,0.25421071631224074
test-59544,0.1602212071243005
test-59545,0.01860720934745529
test-59546,0.16565169810427796
test-59547,0.11913147557934771
test-59548,0.04252105837468247
test-59549,0.08003083037374147
test-5955,0.15543700336364688
test-59550,0.03370649444792346
test-59551,0.04100711567742268
test-59552,0.3116718024207258
test-59553,0.04627675071939845
test-59554,0.012659355276622276
test-59555,0.0346629904790769
test-59556,0.3584712770933806
test-59557,0.0716610427596267
test-59558,0.07300415700059695
test-59559,0.0395145960404677
test-5956,0.02984415059764137
test-59560,0.015372462418734707
test-59561,0.2206562208298512
test-59562,0.31766345953676195
test-59563,0.018636978351304803
test-59564,0.011980474354288275
test-59565,0.007546998174911658
test-59566,0.010241705605263348
test-59567,0.14786383007262777
test-59568,0.026660035761026747
test-59569,0.04475351461529831
test-5957,0.025328778672859625
test-59570,0.10036660622571043
test-59571,0.21388366284822818
test-59572,0.02173316549686823
test-59573,0.009808115933531002
test-59574,0.005726263731668195
test-59575,0.024690438571479983
test-59576,0.2360844219309243
test-59577,0.07886389856148882
test-59578,0.13768890260622732
test-59579,0.04056141730883495
test-5958,0.11748587563757139
test-59580,0.013596887484760867
test-59581,0.09126160822905992
test-59582,0.02175815548301376
test-59583,0.0227326271150697
test-59584,0.08240273234137387
test-59585,0.037315608005750275
test-59586,0.011606636185882419
test-59587,0.010083943579392692
test-59588,0.10820735598179342
test-59589,0.2054287800694958
test-5959,0.049160550216484106
test-59590,0.1801717869134236
test-59591,0.0885340608750168
test-59592,0.03731100842773206
test-59593,0.03420273674371125
test-59594,0.10373474614286309
test-59595,0.027739532848957964
test-59596,0.020496920682224466
test-59597,0.02074787016895646
test-59598,0.027680729019378143
test-59599,0.04007449588767974
test-596,0.0815717835837249
test-5960,0.08887397518357279
test-59600,0.010494522582037098
test-59601,0.0075489033313122485
test-59602,0.17918093210893757
test-59603,0.011374594655167198
test-59604,0.036299209576870065
test-59605,0.015449936841909206
test-59606,0.029407589261254367
test-59607,0.011082051018715226
test-59608,0.11627679501195137
test-59609,0.024540055321724045
test-5961,0.011490290356890793
test-59610,0.20340483873154386
test-59611,0.09588149620053879
test-59612,0.034618333289643026
test-59613,0.06803412447426488
test-59614,0.040036434232552064
test-59615,0.31639113532117935
test-59616,0.06259100480523434
test-59617,0.006900280270811415
test-59618,0.04674222260329151
test-59619,0.04014842816180431
test-5962,0.07596212569959175
test-59620,0.032855109354418675
test-59621,0.0633684842049365
test-59622,0.08744680549150015
test-59623,0.15220554216088283
test-59624,0.08395868147264061
test-59625,0.12248267217716732
test-59626,0.017957183003090425
test-59627,0.04420076234589917
test-59628,0.016065039396779494
test-59629,0.031040846037729733
test-5963,0.011087042936627212
test-59630,0.011531442673659556
test-59631,0.017899333425988886
test-59632,0.057685015221842884
test-59633,0.12796851635119139
test-59634,0.015094481526953377
test-59635,0.1409862340457443
test-59636,0.03509365363745215
test-59637,0.012631245127113283
test-59638,0.4034161808085848
test-59639,0.051642530544525056
test-5964,0.04417860092524521
test-59640,0.058266879938867415
test-59641,0.02631724635832805
test-59642,0.19155020562265798
test-59643,0.01852294408179863
test-59644,0.04521729515730061
test-59645,0.20122513922876345
test-59646,0.11255175801926352
test-59647,0.01755436214204835
test-59648,0.12663596937894922
test-59649,0.06803412447426488
test-5965,0.18320554071255377
test-59650,0.04735781434546722
test-59651,0.20494770293074183
test-59652,0.035123050802567946
test-59653,0.4193517669410638
test-59654,0.06781993388330633
test-59655,0.0726195737348493
test-59656,0.11140480162269964
test-59657,0.06726287146560872
test-59658,0.0166372592761125
test-59659,0.13400743959912828
test-5966,0.01905678263885777
test-59660,0.056238916297990764
test-59661,0.03205004670347187
test-59662,0.026844044306963768
test-59663,0.19696997831503912
test-59664,0.0732174651946127
test-59665,0.021426730651664935
test-59666,0.12758786262445412
test-59667,0.03711965792327427
test-59668,0.012637857763808859
test-59669,0.20082679864043781
test-5967,0.0275556081584621
test-59670,0.12779694675817946
test-59671,0.07441864774707807
test-59672,0.030627479205639782
test-59673,0.011771701822075799
test-59674,0.01583719763872199
test-59675,0.0372063949757952
test-59676,0.02582825944959642
test-59677,0.03957797408190487
test-59678,0.30375138352805825
test-59679,0.1594732402616639
test-5968,0.2678464759847129
test-59680,0.08003083037374147
test-59681,0.050580147179461445
test-59682,0.3203868204994877
test-59683,0.03950915470502685
test-59684,0.2533168473107885
test-59685,0.10985186411525771
test-59686,0.16394239670490293
test-59687,0.29687420569945266
test-59688,0.31031435814079444
test-59689,0.010416678494427936
test-5969,0.005736334582729321
test-59690,0.3389230791117587
test-59691,0.0698355161612481
test-59692,0.11464157293499606
test-59693,0.031371133691300714
test-59694,0.04180437693852712
test-59695,0.013496559998480777
test-59696,0.10688126413494245
test-59697,0.11094171495979958
test-59698,0.03635752446788042
test-59699,0.11616267187597544
test-597,0.01340941816713768
test-5970,0.06988156867062127
test-59700,0.07925256078114319
test-59701,0.028231343595340297
test-59702,0.05648828267363432
test-59703,0.11142334383544708
test-59704,0.0669392073111586
test-59705,0.1762760932723028
test-59706,0.017745995322042466
test-59707,0.018371233046291242
test-59708,0.01611442697544011
test-59709,0.1313395705021038
test-5971,0.1585963133700143
test-59710,0.3082709420781616
test-59711,0.24782168864499474
test-59712,0.08941420959284951
test-59713,0.01197252318047744
test-59714,0.16695447271917302
test-59715,0.018487811456801444
test-59716,0.039056486816039286
test-59717,0.021450001203794204
test-59718,0.0912680941145022
test-59719,0.03834212473726919
test-5972,0.16695447271917302
test-59720,0.07781457099818978
test-59721,0.13918160124516163
test-59722,0.09018771163096552
test-59723,0.016270257076296295
test-59724,0.0669392073111586
test-59725,0.01022525212749118
test-59726,0.03129717247134249
test-59727,0.0218987402117433
test-59728,0.11555060498287034
test-59729,0.030328835562666554
test-5973,0.046000544984124155
test-59730,0.17339140991762675
test-59731,0.04979375052851576
test-59732,0.28562170897960204
test-59733,0.08644306439193182
test-59734,0.08003083037374147
test-59735,0.020063457415245418
test-59736,0.16695447271917302
test-59737,0.2519907039033014
test-59738,0.19080789549042096
test-59739,0.1696547902713106
test-5974,0.052385499402593697
test-59740,0.07306489074544353
test-59741,0.02812774547977176
test-59742,0.15504404492143006
test-59743,0.20313528829574914
test-59744,0.04971607890841829
test-59745,0.07882447107208296
test-59746,0.23069447594610243
test-59747,0.10892727215762397
test-59748,0.014533252626822021
test-59749,0.022308769549931558
test-5975,0.14957357884884506
test-59750,0.007110189152012833
test-59751,0.03805212601922525
test-59752,0.1880624874316827
test-59753,0.01801918711325564
test-59754,0.14082235140207222
test-59755,0.027088140521023797
test-59756,0.3019674350797607
test-59757,0.05994812816411975
test-59758,0.01506764339402043
test-59759,0.06978305256306833
test-5976,0.08914410527939537
test-59760,0.017166134549048927
test-59761,0.018630022132446442
test-59762,0.01492306244517866
test-59763,0.07029119017855606
test-59764,0.15153183400961803
test-59765,0.012790467696729337
test-59766,0.022531998504611853
test-59767,0.015885712761223716
test-59768,0.11462746771338529
test-59769,0.018467812212115037
test-5977,0.052065934958116
test-59770,0.24782168864499474
test-59771,0.20345347064902833
test-59772,0.04166386701592093
test-59773,0.01767995501376328
test-59774,0.08050267435752778
test-59775,0.007079499804415006
test-59776,0.2600372097738678
test-59777,0.16695447271917302
test-59778,0.03373746431331573
test-59779,0.012989098772352886
test-5978,0.1957128926429303
test-59780,0.021571869477546152
test-59781,0.016798839802011818
test-59782,0.1543693773528168
test-59783,0.025479865339869356
test-59784,0.02004551698624995
test-59785,0.03179077004200127
test-59786,0.14723231813722398
test-59787,0.012142069670535448
test-59788,0.32412656905913556
test-59789,0.06965921329437473
test-5979,0.013344290919877832
test-59790,0.051958469179507916
test-59791,0.02306235969050667
test-59792,0.08610625540235947
test-59793,0.07254949881799927
test-59794,0.15973519841538497
test-59795,0.020225472250272363
test-59796,0.010617166900890573
test-59797,0.019450598421729148
test-59798,0.13980550641447664
test-59799,0.055438745984902005
test-598,0.2545356005085198
test-5980,0.09634025038348075
test-59800,0.19463717304590927
test-59801,0.17261752591391524
test-59802,0.0068637091064005715
test-59803,0.027088140521023797
test-59804,0.015195482136962795
test-59805,0.043286604281793095
test-59806,0.11086976090866428
test-59807,0.01490090443959958
test-59808,0.06108085344638038
test-59809,0.08817215171695508
test-5981,0.07917724408905488
test-59810,0.021836726719058883
test-59811,0.21447675998051888
test-59812,0.04252105837468247
test-59813,0.008531953697471197
test-59814,0.1453884414604033
test-59815,0.011848079858393956
test-59816,0.3153920480237655
test-59817,0.01771500764590166
test-59818,0.036157740051473916
test-59819,0.01853151565857959
test-5982,0.026692243118472982
test-59820,0.21041079985416256
test-59821,0.03204295275883356
test-59822,0.06414881698723972
test-59823,0.02617522450161607
test-59824,0.02825758419282767
test-59825,0.02232157744853897
test-59826,0.04943470350920726
test-59827,0.33754593629652924
test-59828,0.03890640893302348
test-59829,0.1624630450323617
test-5983,0.08967914176063635
test-59830,0.07272160535830764
test-59831,0.09787796055403811
test-59832,0.016191245312265064
test-59833,0.0304306498539329
test-59834,0.022857247540222756
test-59835,0.026596197450868157
test-59836,0.18330595228997376
test-59837,0.04498592892181343
test-59838,0.04185384312472396
test-59839,0.023809644878886156
test-5984,0.0369572040254634
test-59840,0.19866754438274062
test-59841,0.013633797235437254
test-59842,0.03285016888405428
test-59843,0.0596276611987842
test-59844,0.05339307069340168
test-59845,0.0242368306054827
test-59846,0.01765987050262795
test-59847,0.01805716656498124
test-59848,0.009876880242715894
test-59849,0.030126536172784737
test-5985,0.08251315575106948
test-59850,0.31820118426107646
test-59851,0.210649272390982
test-59852,0.018262785678386694
test-59853,0.3242611331474619
test-59854,0.031137994327568547
test-59855,0.049957842452521016
test-59856,0.04455356445495195
test-59857,0.00681697149040653
test-59858,0.18399473013681691
test-59859,0.019599596035155847
test-5986,0.08027818249115008
test-59860,0.014409759096951268
test-59861,0.08395183120844195
test-59862,0.0337626098456713
test-59863,0.011244964723833458
test-59864,0.047986545619822574
test-59865,0.015266784255941067
test-59866,0.11859851077573667
test-59867,0.171293649643939
test-59868,0.25515269321382245
test-59869,0.10849311745818162
test-5987,0.04973803027372902
test-59870,0.16822792629837602
test-59871,0.16543760255178377
test-59872,0.01574596256909852
test-59873,0.1712906615827997
test-59874,0.19368958520660529
test-59875,0.09787796055403811
test-59876,0.017564461550522867
test-59877,0.10432836729078114
test-59878,0.1524538264731826
test-59879,0.00825369388981814
test-5988,0.01533484853091386
test-59880,0.048758961588395364
test-59881,0.019582547121051543
test-59882,0.0076513231010164225
test-59883,0.015464844067314583
test-59884,0.05050311673877357
test-59885,0.034672544860906186
test-59886,0.12462014426787126
test-59887,0.05287425263112506
test-59888,0.0336499160188588
test-59889,0.1597211270562477
test-5989,0.014187969828883474
test-59890,0.020567086259966328
test-59891,0.01877663595972414
test-59892,0.0282569362081705
test-59893,0.05902847031486757
test-59894,0.021650679435882687
test-59895,0.06634339815560553
test-59896,0.040091738406856335
test-59897,0.09442793442436977
test-59898,0.018550743336206023
test-59899,0.04475351461529831
test-599,0.013304109378315365
test-5990,0.010121149195802575
test-59900,0.06866260127631668
test-59901,0.04689234859845334
test-59902,0.012962765446716897
test-59903,0.38198421319848547
test-59904,0.020417348644965496
test-59905,0.03486415065020565
test-59906,0.02382321035822276
test-59907,0.1543693773528168
test-59908,0.09170354223413851
test-59909,0.13104051310777481
test-5991,0.14943477293188814
test-59910,0.027638950272636173
test-59911,0.1183855654538197
test-59912,0.01669580272431746
test-59913,0.048951823932879876
test-59914,0.023007980864477886
test-59915,0.05596476140436959
test-59916,0.045661537829887355
test-59917,0.020716130802200007
test-59918,0.02757952690407835
test-59919,0.1543693773528168
test-5992,0.015561913277032895
test-59920,0.19211009869010526
test-59921,0.12660352943904724
test-59922,0.2553090489257313
test-59923,0.10334729850882461
test-59924,0.024424042210188155
test-59925,0.020742405266945114
test-59926,0.02026387965770813
test-59927,0.08550619686276549
test-59928,0.23417267350220197
test-59929,0.01193864230290291
test-5993,0.02200361103747397
test-59930,0.013045071006286558
test-59931,0.012893516976818044
test-59932,0.01485917980345782
test-59933,0.01715780788688742
test-59934,0.012037205694240423
test-59935,0.1537244738259854
test-59936,0.020148690506533916
test-59937,0.013008240976452047
test-59938,0.08676426786931425
test-59939,0.19834797532342194
test-5994,0.04315587774234556
test-59940,0.06866730718805901
test-59941,0.07995118387683771
test-59942,0.2563386028743
test-59943,0.03611663395578433
test-59944,0.16928248884438188
test-59945,0.017503348817284443
test-59946,0.019031251914690434
test-59947,0.05198098274979327
test-59948,0.1724203715026896
test-59949,0.07287513663214307
test-5995,0.11380148257354253
test-59950,0.02070889106173611
test-59951,0.02123413276066086
test-59952,0.046519676200835525
test-59953,0.09683006934547685
test-59954,0.049203501550690976
test-59955,0.011942102509070482
test-59956,0.1944346418129891
test-59957,0.028015946962454075
test-59958,0.04193852470374128
test-59959,0.01024175921133949
test-5996,0.010991024401515202
test-59960,0.10062551206765444
test-59961,0.02073851968122588
test-59962,0.018052429782602915
test-59963,0.01973184382974298
test-59964,0.06945007940398787
test-59965,0.15257909930475988
test-59966,0.015692729499937646
test-59967,0.03741911073981938
test-59968,0.08243178047777011
test-59969,0.015953022672617802
test-5997,0.2781622632640289
test-59970,0.046009648738188004
test-59971,0.01717240382537787
test-59972,0.11918468655538395
test-59973,0.0734238194770512
test-59974,0.16317163344472116
test-59975,0.01866628423848471
test-59976,0.022127832080534437
test-59977,0.013693103394799752
test-59978,0.0631641823538556
test-59979,0.07676955224811381
test-5998,0.17645226684991447
test-59980,0.03490920709181185
test-59981,0.019281932678620512
test-59982,0.16427813243393505
test-59983,0.020705446742417817
test-59984,0.04205098404100263
test-59985,0.17817118135343502
test-59986,0.032720205909404006
test-59987,0.1604699239484134
test-59988,0.18452311609110622
test-59989,0.13868142145377954
test-5999,0.019237318139582085
test-59990,0.22874644742267447
test-59991,0.32754967737051355
test-59992,0.057054878121838855
test-59993,0.015200454002872782
test-59994,0.37259298374828376
test-59995,0.1381788451512861
test-59996,0.031163877292845043
test-59997,0.03334594718372127
test-59998,0.25561895904408594
test-59999,0.03355403077527231
test-6,0.007982391745004092
test-60,0.11735108500593869
test-600,0.019244035152392525
test-6000,0.319728104293977
test-60000,0.05090662046984679
test-60001,0.016295631495576814
test-60002,0.2215808240564418
test-60003,0.015681184739320828
test-60004,0.014595494731210615
test-60005,0.11213436390471158
test-60006,0.19390885111015216
test-60007,0.0821289809620675
test-60008,0.13386107187669757
test-60009,0.009312417659533615
test-6001,0.12819412947753134
test-60010,0.08623423863941694
test-60011,0.022811468160054003
test-60012,0.2577129910335557
test-60013,0.037658600636406254
test-60014,0.06687591078501293
test-60015,0.007472119992026021
test-60016,0.09821918417306173
test-60017,0.0322560369895652
test-60018,0.05301167958941511
test-60019,0.013628959187246449
test-6002,0.09216382552919436
test-60020,0.13844485831116107
test-60021,0.022111231741804037
test-60022,0.008598680954100687
test-60023,0.011608703258470084
test-60024,0.31639113532117935
test-60025,0.09787796055403811
test-60026,0.030835738430643266
test-60027,0.03428316841415857
test-60028,0.039056486816039286
test-60029,0.010809953974646331
test-6003,0.27250744366362983
test-60030,0.1001275355441822
test-60031,0.07375510535051638
test-60032,0.007526808765187166
test-60033,0.035853428881204734
test-60034,0.3090083520709665
test-60035,0.06761269272930111
test-60036,0.18599455144120466
test-60037,0.04070098849880337
test-60038,0.035435784952250936
test-60039,0.019518071333870006
test-6004,0.007767296819607072
test-60040,0.01298263266573818
test-60041,0.05785638217518648
test-60042,0.015878083994703595
test-60043,0.03386269458747304
test-60044,0.18309028717624937
test-60045,0.07099533126184533
test-60046,0.10591386750036677
test-60047,0.03446253759755385
test-60048,0.09787796055403811
test-60049,0.015100765061964231
test-6005,0.1415774251242228
test-60050,0.006606502533672383
test-60051,0.016747573534047794
test-60052,0.02764734041626786
test-60053,0.0834163177899424
test-60054,0.10567811674624115
test-60055,0.1080269657930927
test-60056,0.11267810878658252
test-60057,0.018222604615569203
test-60058,0.22042110495634046
test-60059,0.0105254398844319
test-6006,0.02111956158290622
test-60060,0.1269713747559472
test-60061,0.011882339354027851
test-60062,0.04095950831392434
test-60063,0.0765176442062777
test-60064,0.012922445535390159
test-60065,0.14625218370864182
test-60066,0.03876632411199099
test-60067,0.10643569536298012
test-60068,0.08344340156561636
test-60069,0.028786279806793
test-6007,0.014815595762793253
test-60070,0.16695447271917302
test-60071,0.025765910805733042
test-60072,0.09095363519959088
test-60073,0.009727283412112224
test-60074,0.09788357404728594
test-60075,0.06889749341908988
test-60076,0.011248670947231205
test-60077,0.026639974095026015
test-60078,0.0321499464448468
test-60079,0.033033190567207805
test-6008,0.010872118256337437
test-60080,0.0682210654707025
test-60081,0.18262492190343368
test-60082,0.19919624113678439
test-60083,0.01961612742196881
test-60084,0.3288659547918453
test-60085,0.08378875112532279
test-60086,0.12874097239593613
test-60087,0.10664301321362482
test-60088,0.06390585972311909
test-60089,0.019179139172490423
test-6009,0.14184697164686483
test-60090,0.023766118201954154
test-60091,0.16405387605331917
test-60092,0.028081730016345202
test-60093,0.006405564755620109
test-60094,0.1892201079442891
test-60095,0.061577899304617906
test-60096,0.01567554282730497
test-60097,0.04517799938986199
test-60098,0.019783013786555646
test-60099,0.009605441779123309
test-601,0.06803412447426488
test-6010,0.2752876129698503
test-60100,0.20490474069249415
test-60101,0.24241846192434374
test-60102,0.07512180394517347
test-60103,0.1442298705947206
test-60104,0.011942102509070482
test-60105,0.15706672986722656
test-60106,0.07984600052248031
test-60107,0.014038153092833102
test-60108,0.0669392073111586
test-60109,0.16322117762783706
test-6011,0.08290872674684348
test-60110,0.14591616747281105
test-60111,0.16366592865029828
test-60112,0.2931054138346
test-60113,0.006810053249590818
test-60114,0.025978418722006204
test-60115,0.016761065597528935
test-60116,0.010164334331492077
test-60117,0.02473823007169073
test-60118,0.02469113658079175
test-60119,0.04544203111761074
test-6012,0.10438646933909516
test-60120,0.06356055618081878
test-60121,0.007367407806630141
test-60122,0.03346467360669007
test-60123,0.242558207736482
test-60124,0.013875804757223565
test-60125,0.0721401905896191
test-60126,0.030542016454343592
test-60127,0.07514511243851849
test-60128,0.0217070506850515
test-60129,0.017023028369148745
test-6013,0.15866131731735095
test-60130,0.0891009972142598
test-60131,0.022092529950035307
test-60132,0.17645226684991447
test-60133,0.07169711555088581
test-60134,0.010557380253598007
test-60135,0.044679948032747135
test-60136,0.12819412947753134
test-60137,0.11635280070669683
test-60138,0.3513811410034723
test-60139,0.02693393190623587
test-6014,0.08421899016553122
test-60140,0.05889743751262202
test-60141,0.017991206904112593
test-60142,0.039618567084345156
test-60143,0.315689943789053
test-60144,0.00925837001644794
test-60145,0.25561895904408594
test-60146,0.1529203906739076
test-60147,0.15034905799445494
test-60148,0.21516646766364206
test-60149,0.025497563501958947
test-6015,0.029778034879541795
test-60150,0.03242492771741964
test-60151,0.038332992683548735
test-60152,0.18706284198353115
test-60153,0.079085343038518
test-60154,0.14583252108071784
test-60155,0.03693362353573976
test-60156,0.010269064091156887
test-60157,0.18142711236263473
test-60158,0.07272160535830764
test-60159,0.047556648333942464
test-6016,0.2592674290972044
test-60160,0.020595997861956313
test-60161,0.20313528829574914
test-60162,0.1252987273972346
test-60163,0.03507340898303845
test-60164,0.029451176148044208
test-60165,0.04392398223108512
test-60166,0.021235191909218465
test-60167,0.04744836284985823
test-60168,0.21083272428490443
test-60169,0.011638292299302308
test-6017,0.23458388688675577
test-60170,0.02625312091561848
test-60171,0.04199324417121996
test-60172,0.013653530093672659
test-60173,0.36396839330684455
test-60174,0.05512961323686317
test-60175,0.051772295418284965
test-60176,0.08603320383728445
test-60177,0.26417326791874274
test-60178,0.05839499808333771
test-60179,0.015859972816385424
test-6018,0.2764131530751502
test-60180,0.2149762103586767
test-60181,0.006587944098625763
test-60182,0.015740218201335806
test-60183,0.07021834082794952
test-60184,0.011841520233121856
test-60185,0.27914872881243624
test-60186,0.23012767351622276
test-60187,0.01973032847513759
test-60188,0.29296606059709185
test-60189,0.09279198626670025
test-6019,0.006901098780154846
test-60190,0.1579372054043708
test-60191,0.022185549664788584
test-60192,0.011816375349518668
test-60193,0.008043343433959824
test-60194,0.008937851780971345
test-60195,0.04879723878230366
test-60196,0.007766404451743253
test-60197,0.0732858674232542
test-60198,0.019681875788101048
test-60199,0.02398206986845058
test-602,0.022635169738382598
test-6020,0.11073525808331104
test-60200,0.25888559081731494
test-60201,0.11990877407560493
test-60202,0.009171265561779957
test-60203,0.009922662420698834
test-60204,0.31982301334284297
test-60205,0.23626472356278477
test-60206,0.023475232989078526
test-60207,0.15285138792355085
test-60208,0.18595374328700767
test-60209,0.05209595019066546
test-6021,0.0808292207893859
test-60210,0.024659678294988805
test-60211,0.039150069933907905
test-60212,0.0104253487643917
test-60213,0.14520455316433584
test-60214,0.013458508490474124
test-60215,0.0687732139720173
test-60216,0.03618121697832938
test-60217,0.03897666591629338
test-60218,0.08353594134565356
test-60219,0.00790545208629179
test-6022,0.02769223141972348
test-60220,0.008379882083425988
test-60221,0.2740962931139631
test-60222,0.15175164001084288
test-60223,0.010978842625448949
test-60224,0.13963737030410275
test-60225,0.023210361626275714
test-60226,0.028288215439958114
test-60227,0.06481899867853072
test-60228,0.066340264996593
test-60229,0.011059602020498159
test-6023,0.0942670518339026
test-60230,0.0157632870098022
test-60231,0.050205126653152576
test-60232,0.21071533562156813
test-60233,0.05395072422851443
test-60234,0.011358779939754628
test-60235,0.05345746846944535
test-60236,0.1255838674127939
test-60237,0.02330329574295998
test-60238,0.13552145511086464
test-60239,0.011678465817480213
test-6024,0.026573036685805806
test-60240,0.02160678382988693
test-60241,0.014244875009878751
test-60242,0.18815417277989466
test-60243,0.030431448139541368
test-60244,0.08714097765207561
test-60245,0.16612967695464667
test-60246,0.031978272832062504
test-60247,0.03419404908124854
test-60248,0.17956576334955068
test-60249,0.33489244008067404
test-6025,0.2590121646220964
test-60250,0.0798599502879415
test-60251,0.20713001002597808
test-60252,0.049402526946939064
test-60253,0.1944346418129891
test-60254,0.1296501367013343
test-60255,0.23572631431304486
test-60256,0.053371711849049486
test-60257,0.02217325341315593
test-60258,0.32072693085634246
test-60259,0.23072203287459186
test-6026,0.023611134723330516
test-60260,0.01554000323019354
test-60261,0.0962994335527908
test-60262,0.010067400829838126
test-60263,0.01136886528087511
test-60264,0.024352175683866294
test-60265,0.03215898246432821
test-60266,0.16913142050694852
test-60267,0.13632316857259644
test-60268,0.021737546264967888
test-60269,0.1035729220370931
test-6027,0.03257627718694353
test-60270,0.06613128233036399
test-60271,0.1062245255769526
test-60272,0.301147478355896
test-60273,0.01663451832752134
test-60274,0.06107244868006746
test-60275,0.15411807825217333
test-60276,0.017960723475122318
test-60277,0.051264788119221034
test-60278,0.012314683742205445
test-60279,0.021176670602333646
test-6028,0.0356018920400557
test-60280,0.025580397985699593
test-60281,0.024004121848479023
test-60282,0.02895248822841842
test-60283,0.04252105837468247
test-60284,0.03376808888379797
test-60285,0.021362922696101617
test-60286,0.04187831734168462
test-60287,0.13183461395365217
test-60288,0.07300415700059695
test-60289,0.12449697613267838
test-6029,0.16806471279478066
test-60290,0.0669392073111586
test-60291,0.026902458256585965
test-60292,0.03611663395578433
test-60293,0.2788760288302839
test-60294,0.033373273949076576
test-60295,0.06961153932123514
test-60296,0.006578706270175403
test-60297,0.038382651072094584
test-60298,0.01805813359726327
test-60299,0.03621712997450822
test-603,0.21109132835039152
test-6030,0.045401012377589665
test-60300,0.08859236866885901
test-60301,0.132714090823437
test-60302,0.19715383299252162
test-60303,0.03945776033434726
test-60304,0.1255427016453842
test-60305,0.03849385307396757
test-60306,0.032399687309157515
test-60307,0.01881727663740763
test-60308,0.009181223890388085
test-60309,0.1424506774370838
test-6031,0.18167833908453204
test-60310,0.01755878613778708
test-60311,0.06425514179994508
test-60312,0.014783711250940213
test-60313,0.1824034431482472
test-60314,0.15198204989385974
test-60315,0.009195516152442958
test-60316,0.010086648938301279
test-60317,0.010847739862230974
test-60318,0.08290872674684348
test-60319,0.123817286149575
test-6032,0.012038556350271793
test-60320,0.005758230321813127
test-60321,0.4101789033846546
test-60322,0.32530532801059453
test-60323,0.06769227346933265
test-60324,0.10891939190146079
test-60325,0.11041277772852744
test-60326,0.01804207926987005
test-60327,0.2688173725602836
test-60328,0.17106197802108272
test-60329,0.01933236158107007
test-6033,0.032594897558994695
test-60330,0.0260557284765815
test-60331,0.03097457024575391
test-60332,0.2303676666416858
test-60333,0.12660538776477676
test-60334,0.0669392073111586
test-60335,0.11732400545573035
test-60336,0.01190593125688393
test-60337,0.0198393089607291
test-60338,0.06865068149943039
test-60339,0.043843556829469575
test-6034,0.10077607181779046
test-60340,0.28108982640739016
test-60341,0.00988316149271201
test-60342,0.04144051521924629
test-60343,0.0160456543479655
test-60344,0.12663596937894922
test-60345,0.07090930313142892
test-60346,0.009553225134491005
test-60347,0.02517167588629617
test-60348,0.015859972816385424
test-60349,0.2238996530061716
test-6035,0.008824650698359044
test-60350,0.04937716234769883
test-60351,0.07799433853261355
test-60352,0.017104499878544906
test-60353,0.11929676489829538
test-60354,0.06012304017203018
test-60355,0.2908556084327375
test-60356,0.014838120477383797
test-60357,0.0749588299774694
test-60358,0.2469119185226468
test-60359,0.033725108120642756
test-6036,0.3937301534634637
test-60360,0.05339307069340168
test-60361,0.026468733188146666
test-60362,0.23486804323627986
test-60363,0.0846182167635542
test-60364,0.01260568743124569
test-60365,0.02437423420965931
test-60366,0.023572298361922667
test-60367,0.013486836638223539
test-60368,0.23084175020805225
test-60369,0.04198117857859577
test-6037,0.01264227143164115
test-60370,0.16604137305816327
test-60371,0.2248740062533117
test-60372,0.028703508075175424
test-60373,0.01127797291970524
test-60374,0.3010142739543551
test-60375,0.1933310668516757
test-60376,0.25533729272419076
test-60377,0.0690507389064745
test-60378,0.11033345741808476
test-60379,0.022850838659442672
test-6038,0.011328673115296456
test-60380,0.2827178373490535
test-60381,0.038957515854105756
test-60382,0.010056053317541499
test-60383,0.038070427719668225
test-60384,0.019231320881461525
test-60385,0.2522682757654695
test-60386,0.07956194025315516
test-60387,0.016162907457278945
test-60388,0.03706961131794036
test-60389,0.12363219177956898
test-6039,0.20276581986925826
test-60390,0.07428494504643789
test-60391,0.11604723093707554
test-60392,0.1987063881023483
test-60393,0.14930941526248032
test-60394,0.1710251759789849
test-60395,0.029811827016597906
test-60396,0.2010638056717209
test-60397,0.25671616767884203
test-60398,0.025187349424891727
test-60399,0.04890450722558459
test-604,0.0944123799436419
test-6040,0.2466057213231883
test-60400,0.047467725380945826
test-60401,0.15598266322516496
test-60402,0.1674465452461608
test-60403,0.3884785708976933
test-60404,0.10361579324162123
test-60405,0.04351984538069912
test-60406,0.05013060286326647
test-60407,0.03671887494292443
test-60408,0.05339307069340168
test-60409,0.0643654486464588
test-6041,0.007100136531745075
test-60410,0.0361134512696891
test-60411,0.016150995546186635
test-60412,0.020184049019556536
test-60413,0.08676426786931425
test-60414,0.016991156322363168
test-60415,0.020886086336706022
test-60416,0.0669392073111586
test-60417,0.019979225346940663
test-60418,0.023605377832421916
test-60419,0.048896226108747644
test-6042,0.05827040933021462
test-60420,0.2534125311768374
test-60421,0.191729786899854
test-60422,0.1503286065605818
test-60423,0.0102109577068123
test-60424,0.17506483053591734
test-60425,0.09860381645007209
test-60426,0.26089412654274874
test-60427,0.07535227967161044
test-60428,0.014277228315916464
test-60429,0.012075704752698844
test-6043,0.12084126353093526
test-60430,0.027104793848159944
test-60431,0.2931062847838903
test-60432,0.052385499402593697
test-60433,0.014276548093589705
test-60434,0.0846182167635542
test-60435,0.025108423994344976
test-60436,0.014390477085816452
test-60437,0.04688163618239434
test-60438,0.04928137928891848
test-60439,0.012149186472890802
test-6044,0.23688267103506383
test-60440,0.0403330548534256
test-60441,0.023962688766077142
test-60442,0.22619679567229217
test-60443,0.025498169820167796
test-60444,0.06769227346933265
test-60445,0.01241084979880665
test-60446,0.1285727876993293
test-60447,0.05809253185022833
test-60448,0.03486415065020565
test-60449,0.013939157930670097
test-6045,0.01967842775672866
test-60450,0.1104548904083974
test-60451,0.022875518239412588
test-60452,0.1251636510011609
test-60453,0.055514945329229314
test-60454,0.13473111397650483
test-60455,0.04791557352152795
test-60456,0.11250447728098152
test-60457,0.0157691741328382
test-60458,0.029720261979931075
test-60459,0.02638059470916857
test-6046,0.07452843844524293
test-60460,0.1488001123757299
test-60461,0.0551912147291928
test-60462,0.019060060134788955
test-60463,0.09935030145420644
test-60464,0.020685463192195924
test-60465,0.15965449062459794
test-60466,0.018111179310953636
test-60467,0.022238050786826155
test-60468,0.015990515789963092
test-60469,0.06127948724721313
test-6047,0.010997960926486099
test-60470,0.04718025682833692
test-60471,0.09955057154275018
test-60472,0.03799970916658735
test-60473,0.05036240235570172
test-60474,0.09584467529106637
test-60475,0.06599891615541364
test-60476,0.023477140999081714
test-60477,0.2854950649393167
test-60478,0.03830021703971796
test-60479,0.013912243282540473
test-6048,0.16047759035157613
test-60480,0.016531054918406694
test-60481,0.06613128233036399
test-60482,0.04688163618239434
test-60483,0.18769571880464048
test-60484,0.2642173277837731
test-60485,0.013447855503836693
test-60486,0.15714050528178944
test-60487,0.00900513510810355
test-60488,0.0669392073111586
test-60489,0.20016424997225457
test-6049,0.013140606656841941
test-60490,0.010226863944705018
test-60491,0.03953818793139639
test-60492,0.03714988897915884
test-60493,0.22905400067693993
test-60494,0.04108076929663763
test-60495,0.020805772952888425
test-60496,0.14631827949061502
test-60497,0.1312457979454207
test-60498,0.016997743016664905
test-60499,0.24580877992104105
test-605,0.05131577413542549
test-6050,0.1161193679763622
test-60500,0.014767382027840231
test-60501,0.01195029983783485
test-60502,0.0347167330707245
test-60503,0.14660621249274897
test-60504,0.1339333995468206
test-60505,0.018848896062651853
test-60506,0.026721192269322597
test-60507,0.017541369385857257
test-60508,0.08700407071565086
test-60509,0.07975875042574596
test-6051,0.0635864707690999
test-60510,0.009501418558876843
test-60511,0.07865654026096447
test-60512,0.046220458175694895
test-60513,0.152059910646942
test-60514,0.00866228943956963
test-60515,0.21169267447015955
test-60516,0.011088569322001548
test-60517,0.008135448358579017
test-60518,0.014393168240554808
test-60519,0.033288857766520144
test-6052,0.25121184318481943
test-60520,0.011655139772748142
test-60521,0.06770216811408226
test-60522,0.10162430466852271
test-60523,0.28269861095706517
test-60524,0.008367675566287766
test-60525,0.1631544528687396
test-60526,0.018041553296925143
test-60527,0.038185564957500515
test-60528,0.3908129249743189
test-60529,0.024287396492159892
test-6053,0.08358583770336524
test-60530,0.013777433770929569
test-60531,0.09058913999088442
test-60532,0.02558065867729579
test-60533,0.05654698544866872
test-60534,0.12663596937894922
test-60535,0.07119175444361107
test-60536,0.03427747901925157
test-60537,0.16969467191906015
test-60538,0.4000754217804581
test-60539,0.40060631569286403
test-6054,0.07869582259550509
test-60540,0.016901337939800917
test-60541,0.1819122354153194
test-60542,0.20112534528635206
test-60543,0.08970233513711681
test-60544,0.15603649806233308
test-60545,0.024808756277334844
test-60546,0.3255643126555957
test-60547,0.07075042334608778
test-60548,0.1844790635781947
test-60549,0.06866260127631668
test-6055,0.12426513400358717
test-60550,0.08144009418286229
test-60551,0.31939396202793396
test-60552,0.00930708596425079
test-60553,0.012115979043114329
test-60554,0.016785103625597434
test-60555,0.14660621249274897
test-60556,0.32500754167444595
test-60557,0.2870948932465192
test-60558,0.08490502854390895
test-60559,0.1515423200850133
test-6056,0.010823358649941982
test-60560,0.15750868744599889
test-60561,0.17785024449478373
test-60562,0.09766848382555969
test-60563,0.04100184201971828
test-60564,0.007824861312692511
test-60565,0.26089412654274874
test-60566,0.008707562043289175
test-60567,0.23384374108399347
test-60568,0.0513705755160484
test-60569,0.09263552264569902
test-6057,0.18517211770794775
test-60570,0.07909342130314859
test-60571,0.0707119985986715
test-60572,0.07522635598575249
test-60573,0.13990823141129674
test-60574,0.02759557159732097
test-60575,0.2502746341160058
test-60576,0.012584950955687528
test-60577,0.018128978538414477
test-60578,0.021074585126114348
test-60579,0.16592377674830988
test-6058,0.007601359550315537
test-60580,0.3081715698683709
test-60581,0.14955181040401322
test-60582,0.008975523103924726
test-60583,0.16063349503875413
test-60584,0.019045538364890945
test-60585,0.029485118062552548
test-60586,0.03205395711146765
test-60587,0.020263308369300865
test-60588,0.03574812803779393
test-60589,0.008959912041880446
test-6059,0.0078624483044537
test-60590,0.0669392073111586
test-60591,0.014540154873623373
test-60592,0.011421727935970521
test-60593,0.02231174348348624
test-60594,0.08534761335767835
test-60595,0.027331676450878053
test-60596,0.022861896874973794
test-60597,0.05176190913408713
test-60598,0.007296557972949313
test-60599,0.2817441232577439
test-606,0.021695153967258202
test-6060,0.06517012950830904
test-60600,0.010252124039501653
test-60601,0.01843912541157309
test-60602,0.20017060279873897
test-60603,0.009553133491383368
test-60604,0.020495091741378105
test-60605,0.05228012540993603
test-60606,0.023799805736587003
test-60607,0.04349519554132888
test-60608,0.019967523835647035
test-60609,0.123817286149575
test-6061,0.02324860888357399
test-60610,0.19023636310587935
test-60611,0.034395159701736684
test-60612,0.2884456045761665
test-60613,0.013987217844320393
test-60614,0.018782770559949535
test-60615,0.06442780357159
test-60616,0.03322214878745018
test-60617,0.19033506900813787
test-60618,0.13223850950290447
test-60619,0.03217148106861156
test-6062,0.06183208280215057
test-60620,0.13738837337371967
test-60621,0.01540064326504153
test-60622,0.011778136989335518
test-60623,0.11200821466388514
test-60624,0.07420175824613516
test-60625,0.027860921275786606
test-60626,0.017155512030186938
test-60627,0.13646706356120716
test-60628,0.026767677029696735
test-60629,0.03975611034018043
test-6063,0.01961229524549631
test-60630,0.022022932627505716
test-60631,0.03212486675414459
test-60632,0.09649882684004954
test-60633,0.13844485831116107
test-60634,0.016402858387173737
test-60635,0.03427704769176287
test-60636,0.009253670838384314
test-60637,0.030528490859064637
test-60638,0.05844684437101258
test-60639,0.14868201988416135
test-6064,0.03934124387627661
test-60640,0.060351196550335155
test-60641,0.019409410551720567
test-60642,0.07263866287586394
test-60643,0.23583203405820766
test-60644,0.17942591900817922
test-60645,0.30902669917001296
test-60646,0.08853107196201158
test-60647,0.03235545395299992
test-60648,0.0422130720252167
test-60649,0.01820547779163778
test-6065,0.03957797408190487
test-60650,0.04688163618239434
test-60651,0.15711385092583013
test-60652,0.3071023419290969
test-60653,0.19861552043670938
test-60654,0.024143981485896002
test-60655,0.06298866966154491
test-60656,0.010399112118090605
test-60657,0.08556262841578943
test-60658,0.03240302830334548
test-60659,0.0846182167635542
test-6066,0.058334062972026285
test-60660,0.02332676229215686
test-60661,0.2096700761082419
test-60662,0.09586743304730369
test-60663,0.1752267011011658
test-60664,0.08424563654730806
test-60665,0.1159727467909283
test-60666,0.012697043917254808
test-60667,0.1867944876384842
test-60668,0.1538954543665039
test-60669,0.00866052793882005
test-6067,0.011480010777967661
test-60670,0.012637857763808859
test-60671,0.0109083218286929
test-60672,0.05363394221447592
test-60673,0.010465015191762204
test-60674,0.0635023401834717
test-60675,0.16448853097541388
test-60676,0.011242951009948638
test-60677,0.05255187469145544
test-60678,0.14141652199281468
test-60679,0.17932897187819363
test-6068,0.016075197755890846
test-60680,0.02960811847929143
test-60681,0.21041313403598702
test-60682,0.1716972607301797
test-60683,0.05360903993724656
test-60684,0.017646326756629013
test-60685,0.12012243557059
test-60686,0.023594007897020486
test-60687,0.14984019384854186
test-60688,0.029101521791940928
test-60689,0.08426630799127749
test-6069,0.021740891784233957
test-60690,0.012339194430796402
test-60691,0.0669392073111586
test-60692,0.031719140826544895
test-60693,0.08079763879559686
test-60694,0.11214831690792833
test-60695,0.08003083037374147
test-60696,0.2099062395476476
test-60697,0.04030638962715532
test-60698,0.02708717084805341
test-60699,0.05339307069340168
test-607,0.2635545295050697
test-6070,0.05339307069340168
test-60700,0.023296405388966445
test-60701,0.021220482415168326
test-60702,0.30311173782463047
test-60703,0.024468009455700653
test-60704,0.3147502131079928
test-60705,0.36246401316252463
test-60706,0.09720168236872952
test-60707,0.1299686222964016
test-60708,0.31460037613534203
test-60709,0.011173691066246001
test-6071,0.08592132109463028
test-60710,0.07799433853261355
test-60711,0.02963334003499463
test-60712,0.04096735494108525
test-60713,0.0196743542830832
test-60714,0.026359413084255053
test-60715,0.01329493494097104
test-60716,0.19596663016279414
test-60717,0.10338024656869367
test-60718,0.17015397131278343
test-60719,0.3972104502420894
test-6072,0.3102256249882315
test-60720,0.02614754215957516
test-60721,0.1842387109358415
test-60722,0.020144177830765383
test-60723,0.14953333631768304
test-60724,0.022879486531207954
test-60725,0.1713779712211595
test-60726,0.021066105257669006
test-60727,0.012492196347656085
test-60728,0.010772473335289228
test-60729,0.013577609619628122
test-6073,0.01778118655723279
test-60730,0.06042574254076929
test-60731,0.009577647816644714
test-60732,0.2445333310679369
test-60733,0.16080863729950168
test-60734,0.060131219793961105
test-60735,0.2578684358701537
test-60736,0.021087587225436657
test-60737,0.15373874006657945
test-60738,0.0307611122875124
test-60739,0.15208482657425365
test-6074,0.012014964890922826
test-60740,0.08260182777979576
test-60741,0.1746958923516517
test-60742,0.0836160361599026
test-60743,0.20995371648632044
test-60744,0.25121184318481943
test-60745,0.05637707709852369
test-60746,0.015543520893995067
test-60747,0.08385226706537358
test-60748,0.03918970021297803
test-60749,0.10812230317096443
test-6075,0.4252554837280234
test-60750,0.07896917855603469
test-60751,0.2851086556724948
test-60752,0.016163513201237722
test-60753,0.17302602925179386
test-60754,0.22396465923004139
test-60755,0.18193837577335878
test-60756,0.24238059850332513
test-60757,0.24140651190977508
test-60758,0.09336717076637428
test-60759,0.05467086289022548
test-6076,0.3494459112518238
test-60760,0.016285420923430965
test-60761,0.020191292643950816
test-60762,0.014788451078014556
test-60763,0.08003278501117038
test-60764,0.2255233688766979
test-60765,0.023884257876117528
test-60766,0.18663155029871586
test-60767,0.03653600915182936
test-60768,0.1001728034970038
test-60769,0.13815860629390123
test-6077,0.10665449631605407
test-60770,0.010094692488675285
test-60771,0.04979375052851576
test-60772,0.1497074592412636
test-60773,0.02853730932855229
test-60774,0.03969727506898722
test-60775,0.12154614756079384
test-60776,0.1878336191426312
test-60777,0.045636667280870756
test-60778,0.1543693773528168
test-60779,0.1543693773528168
test-6078,0.023462041809312658
test-60780,0.019698309903642297
test-60781,0.029540543108006943
test-60782,0.018919593253776026
test-60783,0.03850395891028736
test-60784,0.011046176226870649
test-60785,0.17589213761880843
test-60786,0.04429542680835915
test-60787,0.1285727876993293
test-60788,0.08005898260834352
test-60789,0.08110413393213176
test-6079,0.08564056141933878
test-60790,0.011603052454405356
test-60791,0.13632316857259644
test-60792,0.01436896872105112
test-60793,0.026338971811971888
test-60794,0.09347350967318542
test-60795,0.029641766383338135
test-60796,0.013632707864896816
test-60797,0.26208186963102936
test-60798,0.06166660374080086
test-60799,0.11847660408121326
test-608,0.007235025078507707
test-6080,0.05844289231387365
test-60800,0.16222269083746546
test-60801,0.02433632695256584
test-60802,0.1541083822290615
test-60803,0.1539275122344822
test-60804,0.010375769168433325
test-60805,0.023317303344771986
test-60806,0.014162138764485207
test-60807,0.015673393065373308
test-60808,0.02416059252342816
test-60809,0.07896917855603469
test-6081,0.007670107894692098
test-60810,0.0707119985986715
test-60811,0.02115997123278964
test-60812,0.007533435186936571
test-60813,0.33024964444476623
test-60814,0.018505520101272092
test-60815,0.07748062158489404
test-60816,0.18953257093957304
test-60817,0.024189099434302492
test-60818,0.07288390326463141
test-60819,0.030469762322197735
test-6082,0.014341362982572213
test-60820,0.028053457313148365
test-60821,0.19897024059462654
test-60822,0.015475737918152419
test-60823,0.015480579348283709
test-60824,0.043125848342400235
test-60825,0.05420696106458327
test-60826,0.4136684708274687
test-60827,0.21986011536118633
test-60828,0.018875363728530964
test-60829,0.10470175129975554
test-6083,0.25559389283524714
test-60830,0.29396029950560143
test-60831,0.01942546682389033
test-60832,0.021923610596690846
test-60833,0.01018624832440256
test-60834,0.048064366277269725
test-60835,0.22795043243852084
test-60836,0.020740322379682707
test-60837,0.14720253780393314
test-60838,0.17663768201317034
test-60839,0.10097396392968347
test-6084,0.21528853756442476
test-60840,0.03959317864062524
test-60841,0.02420019099394277
test-60842,0.011786823985310899
test-60843,0.039859113676065774
test-60844,0.2063327977935662
test-60845,0.03341847573915413
test-60846,0.017771004841126953
test-60847,0.18394145867505263
test-60848,0.04800317716420735
test-60849,0.01033073177801693
test-6085,0.010929546068432149
test-60850,0.22073048807578113
test-60851,0.009945544235989269
test-60852,0.01395326076933217
test-60853,0.0868884526264283
test-60854,0.1254023108397529
test-60855,0.14477738904936552
test-60856,0.009789518411346948
test-60857,0.034620196461538945
test-60858,0.12723685557698522
test-60859,0.08194521532266313
test-6086,0.08890115724917734
test-60860,0.005798371030849919
test-60861,0.040345121024642334
test-60862,0.04458488146768617
test-60863,0.012064304978611249
test-60864,0.009660926348260017
test-60865,0.0681125196682653
test-60866,0.0669392073111586
test-60867,0.015986656904074283
test-60868,0.027372506071622244
test-60869,0.005348361423706393
test-6087,0.044534795793035306
test-60870,0.14307951449006817
test-60871,0.0707119985986715
test-60872,0.13550290899799372
test-60873,0.17296559113240653
test-60874,0.24881657712165914
test-60875,0.11818874939513108
test-60876,0.04410032443154538
test-60877,0.10428176919074697
test-60878,0.006035724854898556
test-60879,0.010638143120584807
test-6088,0.3985236840280423
test-60880,0.10536854682222686
test-60881,0.02661665810221544
test-60882,0.16895572616960935
test-60883,0.17847083410626144
test-60884,0.037827249433332565
test-60885,0.06583366312893399
test-60886,0.30902669917001296
test-60887,0.26905772254220034
test-60888,0.1036396965702675
test-60889,0.092198973983762
test-6089,0.034462792400414846
test-60890,0.23051945815694755
test-60891,0.015562762043461607
test-60892,0.021290852685491368
test-60893,0.14803251656940444
test-60894,0.01909098000130147
test-60895,0.03674326688468028
test-60896,0.31639113532117935
test-60897,0.028452854569826835
test-60898,0.034365661039229174
test-60899,0.01983566052245897
test-609,0.021623798654892723
test-6090,0.10091792782363986
test-60900,0.05339307069340168
test-60901,0.09855732338808483
test-60902,0.33219864981458025
test-60903,0.09247715649653447
test-60904,0.11640231571006414
test-60905,0.020785413051632375
test-60906,0.241078867330066
test-60907,0.04390952442485377
test-60908,0.017939289178680744
test-60909,0.013125155838904338
test-6091,0.1962234708366487
test-60910,0.05696161965524481
test-60911,0.3548711807001551
test-60912,0.20578960986367437
test-60913,0.027973241480846678
test-60914,0.03801099734827178
test-60915,0.09482190192601155
test-60916,0.03809726731242033
test-60917,0.24324067966068277
test-60918,0.16657275587143752
test-60919,0.11246601556151103
test-6092,0.18442221420555366
test-60920,0.03957797408190487
test-60921,0.10151779096905766
test-60922,0.017506662382666738
test-60923,0.25541852355787653
test-60924,0.014393168240554808
test-60925,0.1604432799628673
test-60926,0.03517778580593637
test-60927,0.009861668605021951
test-60928,0.07742976727332086
test-60929,0.22067281160363172
test-6093,0.0145699972812055
test-60930,0.20178341172338
test-60931,0.00831555888588951
test-60932,0.10037023619870919
test-60933,0.21296863299638127
test-60934,0.08091840458510943
test-60935,0.029445100239217342
test-60936,0.028289779399685255
test-60937,0.10233699087433112
test-60938,0.0156576976785392
test-60939,0.01982705341751387
test-6094,0.06518003102792767
test-60940,0.024546587187960378
test-60941,0.03611663395578433
test-60942,0.025755657615711195
test-60943,0.006445164047815541
test-60944,0.0758301870956862
test-60945,0.05365574354293672
test-60946,0.0230774050246095
test-60947,0.007886855647825337
test-60948,0.10485864888401285
test-60949,0.2741410582015838
test-6095,0.01983513853047349
test-60950,0.10596343885213853
test-60951,0.04979375052851576
test-60952,0.17855741079825663
test-60953,0.3156943002383209
test-60954,0.04019556906322859
test-60955,0.0639635364723674
test-60956,0.08853495826465144
test-60957,0.0071214754024909845
test-60958,0.016740870732518703
test-60959,0.022022932627505716
test-6096,0.28124703875556367
test-60960,0.2440952196652487
test-60961,0.10033464444381479
test-60962,0.18631792537651956
test-60963,0.0404289571777582
test-60964,0.04069447462403318
test-60965,0.011276057383627278
test-60966,0.014390518466993607
test-60967,0.10846764333043449
test-60968,0.024039659086970963
test-60969,0.08437600602948948
test-6097,0.17507666237921465
test-60970,0.1656285173046616
test-60971,0.11664420650344012
test-60972,0.19707960573598882
test-60973,0.02117739977269083
test-60974,0.025564784034579385
test-60975,0.1900258626328395
test-60976,0.008931955163474545
test-60977,0.023127508798229557
test-60978,0.05434120765949107
test-60979,0.02088631364970247
test-6098,0.07220231191042585
test-60980,0.15192696298005898
test-60981,0.07758133123978844
test-60982,0.07240425457499185
test-60983,0.2996302160172384
test-60984,0.30208168725765505
test-60985,0.1837398550715619
test-60986,0.0669392073111586
test-60987,0.16883772030710956
test-60988,0.049617297301713686
test-60989,0.11928410332130568
test-6099,0.031042857005531117
test-60990,0.046802021863672896
test-60991,0.051121192524563236
test-60992,0.12671892901602516
test-60993,0.31397646530619067
test-60994,0.14150131217288286
test-60995,0.015457553022872108
test-60996,0.0687732139720173
test-60997,0.24920824580968637
test-60998,0.03449196617577477
test-60999,0.021182438635969046
test-61,0.10784280391068553
test-610,0.022622555539926956
test-6100,0.040171887787939564
test-61000,0.01726514278778004
test-61001,0.016935798419857165
test-61002,0.021572821796995593
test-61003,0.2791238519105744
test-61004,0.028363651367256992
test-61005,0.059501922873155644
test-61006,0.10135147787955867
test-61007,0.033868784002401287
test-61008,0.01569945267850606
test-61009,0.019463246046570633
test-6101,0.034462792400414846
test-61010,0.08031407262879851
test-61011,0.06108085344638038
test-61012,0.21329559930326453
test-61013,0.017158327338627443
test-61014,0.0702297779137225
test-61015,0.032882107838711115
test-61016,0.13319078820113922
test-61017,0.06262567106666092
test-61018,0.16926101307134842
test-61019,0.06390585972311909
test-6102,0.023719416224524482
test-61020,0.08840409487140301
test-61021,0.03408054420720308
test-61022,0.32412656905913556
test-61023,0.061577899304617906
test-61024,0.023529249498726874
test-61025,0.01994694992344191
test-61026,0.022539219922531602
test-61027,0.02408298202781721
test-61028,0.015019448129300731
test-61029,0.30034344938404683
test-6103,0.02344747729963121
test-61030,0.0166993764771823
test-61031,0.027111825708078675
test-61032,0.18418539639569032
test-61033,0.12758786262445412
test-61034,0.03151792326033068
test-61035,0.05487776745599645
test-61036,0.009428850889518964
test-61037,0.0273305554725636
test-61038,0.010133680004775918
test-61039,0.06473258254976975
test-6104,0.08890115724917734
test-61040,0.023609233121452064
test-61041,0.012959423787857914
test-61042,0.11130206197772419
test-61043,0.015746352426530982
test-61044,0.04252105837468247
test-61045,0.0696598555755889
test-61046,0.02437904374787658
test-61047,0.3341027874495234
test-61048,0.020923612852394538
test-61049,0.011993056752441148
test-6105,0.05236657324779707
test-61050,0.040171887787939564
test-61051,0.03574759908625312
test-61052,0.061577899304617906
test-61053,0.17166494755329595
test-61054,0.015374339653899975
test-61055,0.010985597273289035
test-61056,0.1963509144588782
test-61057,0.16633939749337903
test-61058,0.24851497158419045
test-61059,0.020705049486284342
test-6106,0.02870597061514193
test-61060,0.1398817640174991
test-61061,0.010388978101442018
test-61062,0.17849422082097788
test-61063,0.009223618028900715
test-61064,0.12287983698761129
test-61065,0.06769227346933265
test-61066,0.032714218385932047
test-61067,0.10817161956439164
test-61068,0.056719954711376405
test-61069,0.011995733812556727
test-6107,0.03417546585050357
test-61070,0.022561357633313118
test-61071,0.018055559574034864
test-61072,0.015148864114007541
test-61073,0.0243537186024119
test-61074,0.06764861958835242
test-61075,0.015332351262243802
test-61076,0.0885340608750168
test-61077,0.11173466368268536
test-61078,0.009060140426232618
test-61079,0.15441005612884184
test-6108,0.02850747460483943
test-61080,0.13037933047262618
test-61081,0.037966584309303275
test-61082,0.08171336773049315
test-61083,0.016741488923999497
test-61084,0.06097087678518375
test-61085,0.09787796055403811
test-61086,0.0741313523368138
test-61087,0.18599455144120466
test-61088,0.020260095882939727
test-61089,0.20949278839015426
test-6109,0.3302663380835255
test-61090,0.1851083442244527
test-61091,0.017719068163693414
test-61092,0.02323469613612407
test-61093,0.010056363433970284
test-61094,0.013780931758436803
test-61095,0.13696592968800167
test-61096,0.09228855248904826
test-61097,0.04393940305306718
test-61098,0.12418322251003519
test-61099,0.05068892150641764
test-611,0.07315784049547633
test-6110,0.029879140462752373
test-61100,0.08196973207204497
test-61101,0.12460507488050093
test-61102,0.14621288867630236
test-61103,0.034462792400414846
test-61104,0.021453750321230494
test-61105,0.01653872035670977
test-61106,0.17157061438271012
test-61107,0.03760013809984945
test-61108,0.01791085780169242
test-61109,0.04495229735247776
test-6111,0.2540754879971629
test-61110,0.18368726324582924
test-61111,0.12979523251053968
test-61112,0.06613128233036399
test-61113,0.027744447558284747
test-61114,0.3191003195593311
test-61115,0.007967753111829717
test-61116,0.20875932129716152
test-61117,0.06242485704841035
test-61118,0.01147819579155948
test-61119,0.02376762326804837
test-6112,0.12954064052101308
test-61120,0.3205679663423559
test-61121,0.09985649801372733
test-61122,0.08672793161428312
test-61123,0.12669521753714805
test-61124,0.0074460345379434925
test-61125,0.1879249487924831
test-61126,0.03654592682255316
test-61127,0.10989829242060747
test-61128,0.32407533875887456
test-61129,0.08096110748823805
test-6113,0.03957797408190487
test-61130,0.12105343250264392
test-61131,0.16186719979755265
test-61132,0.019176229777015316
test-61133,0.1457140108598141
test-61134,0.16312985172649316
test-61135,0.18892660134473313
test-61136,0.021878813208582457
test-61137,0.04495098084654422
test-61138,0.29691662250026735
test-61139,0.036745913729618836
test-6114,0.14709681175717654
test-61140,0.011848033737717215
test-61141,0.38590973550992047
test-61142,0.010470971584594582
test-61143,0.013043027380754978
test-61144,0.020386856995891673
test-61145,0.03179592178187199
test-61146,0.16845022255296507
test-61147,0.05439662517806192
test-61148,0.18657212238983212
test-61149,0.027471521470755177
test-6115,0.028707506986828973
test-61150,0.028418283960850582
test-61151,0.09902269985077893
test-61152,0.09061212321134818
test-61153,0.174438470955785
test-61154,0.020192620459502774
test-61155,0.020018765146939118
test-61156,0.013691643498537498
test-61157,0.018841852694408735
test-61158,0.01955476080157528
test-61159,0.029522888979250195
test-6116,0.14476402834286836
test-61160,0.24335166033704478
test-61161,0.10893213999898937
test-61162,0.210649272390982
test-61163,0.015374339653899975
test-61164,0.062183438728354044
test-61165,0.062131806739404924
test-61166,0.07981226688458969
test-61167,0.03226506916538421
test-61168,0.09041733860238224
test-61169,0.18418539639569032
test-6117,0.01634089692373384
test-61170,0.014087100618408179
test-61171,0.05305095166279697
test-61172,0.014390477085816452
test-61173,0.021787418780370427
test-61174,0.014425700151789652
test-61175,0.007370985805092818
test-61176,0.3424073101494929
test-61177,0.027938272562620797
test-61178,0.06983136155849988
test-61179,0.15751047064371973
test-6118,0.13372763537917026
test-61180,0.02417097426423966
test-61181,0.00986389284162968
test-61182,0.1751520132846641
test-61183,0.016703034506673337
test-61184,0.10543318673306978
test-61185,0.009341065293452378
test-61186,0.2672313960818951
test-61187,0.1784514616456603
test-61188,0.07859197714629405
test-61189,0.009778379081790725
test-6119,0.00953521655962779
test-61190,0.3892874469683664
test-61191,0.012041883760553141
test-61192,0.01857649426019899
test-61193,0.12378839879503706
test-61194,0.2129375472946628
test-61195,0.057989417323449054
test-61196,0.08110413393213176
test-61197,0.04834234285605555
test-61198,0.14587659855316176
test-61199,0.008871076864457927
test-612,0.2205614018356161
test-6120,0.021836726719058883
test-61200,0.17526050077578903
test-61201,0.005135182962637121
test-61202,0.04337287340317996
test-61203,0.3212210543192243
test-61204,0.009139328456799595
test-61205,0.1076876276700428
test-61206,0.10170199655895902
test-61207,0.04696206410951719
test-61208,0.015211850707977525
test-61209,0.11025666896035011
test-6121,0.031546051914641694
test-61210,0.17194116813628
test-61211,0.04462116086215876
test-61212,0.01852170667254754
test-61213,0.0846182167635542
test-61214,0.013014190609361547
test-61215,0.013469647607850133
test-61216,0.06577049389141969
test-61217,0.017856527026678157
test-61218,0.13206789909508604
test-61219,0.09536915993446837
test-6122,0.11374930577379556
test-61220,0.13772114612399275
test-61221,0.15019836276366486
test-61222,0.0059365277015567906
test-61223,0.054527705425753914
test-61224,0.01147819579155948
test-61225,0.03112082151442562
test-61226,0.07940467445123191
test-61227,0.02750960850705585
test-61228,0.024073803117322025
test-61229,0.09634297698302469
test-6123,0.023050264000712715
test-61230,0.03257420995488352
test-61231,0.04027890261147097
test-61232,0.039710782916169564
test-61233,0.014374298442250966
test-61234,0.1932021051968142
test-61235,0.14045666954397498
test-61236,0.11329811665731764
test-61237,0.007649063137331749
test-61238,0.19319096195528251
test-61239,0.08234691704125173
test-6124,0.01665359921116206
test-61240,0.008585480798425818
test-61241,0.21777188815424653
test-61242,0.013835758723418207
test-61243,0.12954064052101308
test-61244,0.017818222755694814
test-61245,0.01795797215144532
test-61246,0.01380882900826141
test-61247,0.08310516411647155
test-61248,0.07670549016796137
test-61249,0.02615700500154785
test-6125,0.0078136549416234
test-61250,0.0420752631457553
test-61251,0.1672763032786752
test-61252,0.046262786260389856
test-61253,0.0734238194770512
test-61254,0.08432195251998928
test-61255,0.010835658011276925
test-61256,0.2032845607945445
test-61257,0.1867512712395249
test-61258,0.1454479120831206
test-61259,0.025645357339776242
test-6126,0.059354856111864245
test-61260,0.08968545070817523
test-61261,0.3937301534634637
test-61262,0.019851290641076134
test-61263,0.050094965826288834
test-61264,0.0669392073111586
test-61265,0.17773577008434444
test-61266,0.12586308132664673
test-61267,0.0669392073111586
test-61268,0.16395486088983163
test-61269,0.1229497226581949
test-6127,0.031573277611457166
test-61270,0.00781761663219494
test-61271,0.01286258325439607
test-61272,0.07374515623999134
test-61273,0.06634226669411447
test-61274,0.03562798081380685
test-61275,0.10368493296073418
test-61276,0.24881657712165914
test-61277,0.16242945212099796
test-61278,0.08594061947229828
test-61279,0.05892677186612107
test-6128,0.05837544471872347
test-61280,0.011933991435427161
test-61281,0.02595458533940173
test-61282,0.012680517034468796
test-61283,0.00786921325102336
test-61284,0.20768300850249446
test-61285,0.11340086533624295
test-61286,0.14120393108698567
test-61287,0.02128011028672716
test-61288,0.020344643066298806
test-61289,0.007229906581477472
test-6129,0.2227199517358422
test-61290,0.03185243136377257
test-61291,0.12312292129052664
test-61292,0.013572844088901036
test-61293,0.0951349352548136
test-61294,0.027196825730237004
test-61295,0.03562798081380685
test-61296,0.08469207989574525
test-61297,0.012962765446716897
test-61298,0.12043606132717308
test-61299,0.020185246981976695
test-613,0.023422296183981926
test-6130,0.08219192647824698
test-61300,0.15121070544739246
test-61301,0.08306808476376748
test-61302,0.02980127913271256
test-61303,0.20470991988795806
test-61304,0.018760329773051688
test-61305,0.01042483697568999
test-61306,0.02341376543277802
test-61307,0.011270661570570502
test-61308,0.028084177172351833
test-61309,0.015562126834082644
test-6131,0.029921063934133758
test-61310,0.21610315191134735
test-61311,0.025432395357431276
test-61312,0.042302259473000946
test-61313,0.2542043044406898
test-61314,0.048001643035136175
test-61315,0.019055458424091728
test-61316,0.070277503721068
test-61317,0.15874639238596594
test-61318,0.13775918575813118
test-61319,0.018712135161129226
test-6132,0.06693683772455876
test-61320,0.007995418991904693
test-61321,0.3014679632337658
test-61322,0.008254652051318092
test-61323,0.09527775758136953
test-61324,0.026217246561048187
test-61325,0.047487970530878845
test-61326,0.192110084861217
test-61327,0.029352246102526514
test-61328,0.09860381645007209
test-61329,0.31817572094151286
test-6133,0.04252105837468247
test-61330,0.011227911646666209
test-61331,0.03571425165015234
test-61332,0.12460507488050093
test-61333,0.19246929581067207
test-61334,0.06296326065031967
test-61335,0.010908693616390854
test-61336,0.008658423916457221
test-61337,0.24176857380502972
test-61338,0.01636572380334302
test-61339,0.22450165295754976
test-6134,0.009751678834573745
test-61340,0.12418322251003519
test-61341,0.017721631463731853
test-61342,0.033976376399573446
test-61343,0.009238269095555295
test-61344,0.0132162411380339
test-61345,0.14529232018296664
test-61346,0.12571719997453007
test-61347,0.20155714753212114
test-61348,0.026857327107917536
test-61349,0.02059684024942773
test-6135,0.11822211909190937
test-61350,0.11462746771338529
test-61351,0.015111838750326458
test-61352,0.039962231980948525
test-61353,0.14997756937338896
test-61354,0.11849327582721435
test-61355,0.028231343595340297
test-61356,0.041679169841975124
test-61357,0.1921548396734373
test-61358,0.017609651419739292
test-61359,0.016785103625597434
test-6136,0.007363135744814203
test-61360,0.013152433481216832
test-61361,0.017707638171320463
test-61362,0.014405949042276852
test-61363,0.08003083037374147
test-61364,0.009525492693995706
test-61365,0.008759340432936453
test-61366,0.016196008103651564
test-61367,0.04061597488615447
test-61368,0.09987131729732862
test-61369,0.03420273674371125
test-6137,0.011225286279428889
test-61370,0.009724011015148352
test-61371,0.019788732261284456
test-61372,0.04315587774234556
test-61373,0.017267434629626495
test-61374,0.12429661306642333
test-61375,0.2736070912027802
test-61376,0.20228919580633375
test-61377,0.2702221659276855
test-61378,0.3203868204994877
test-61379,0.24782168864499474
test-6138,0.1282353271566898
test-61380,0.07958009128105223
test-61381,0.045981519367020426
test-61382,0.2519907039033014
test-61383,0.12684227681829757
test-61384,0.12554845405906667
test-61385,0.16695447271917302
test-61386,0.26518334541088323
test-61387,0.036786551379385295
test-61388,0.059451074068935295
test-61389,0.017818357861835058
test-6139,0.08024867350241482
test-61390,0.02169022348272832
test-61391,0.010040576648750691
test-61392,0.2097282955517113
test-61393,0.2418013236102615
test-61394,0.14200410697847526
test-61395,0.08362790924021239
test-61396,0.034272075599575305
test-61397,0.020616091562956615
test-61398,0.015820360866828847
test-61399,0.047259091630693514
test-614,0.11547024922053158
test-6140,0.0669392073111586
test-61400,0.018788947503476094
test-61401,0.006819224325494001
test-61402,0.22114599294065787
test-61403,0.1952048391030243
test-61404,0.012941168884463564
test-61405,0.017957288989673286
test-61406,0.03461678168925629
test-61407,0.09967505524039096
test-61408,0.15297416027798308
test-61409,0.23632851659638113
test-6141,0.11655125347424804
test-61410,0.06205158791528595
test-61411,0.02675024601145591
test-61412,0.0647393650364892
test-61413,0.04252105837468247
test-61414,0.008937301196708346
test-61415,0.058033557692545645
test-61416,0.2757074132295775
test-61417,0.15049322174584906
test-61418,0.013205270849457808
test-61419,0.017332879752239343
test-6142,0.06410634004921617
test-61420,0.013818692894663491
test-61421,0.02828102312803293
test-61422,0.1554849510575869
test-61423,0.06769227346933265
test-61424,0.10162117944075372
test-61425,0.008652400040664036
test-61426,0.016969528895282658
test-61427,0.18282758210419697
test-61428,0.01659890716419432
test-61429,0.021538657620709424
test-6143,0.0669392073111586
test-61430,0.01046061960682334
test-61431,0.03399696863624608
test-61432,0.02607622678445615
test-61433,0.010745448128978348
test-61434,0.061577899304617906
test-61435,0.03530093360768399
test-61436,0.02120104119700605
test-61437,0.049461904616293566
test-61438,0.16859943252322748
test-61439,0.16432294628432365
test-6144,0.06077939658093111
test-61440,0.21999416627882928
test-61441,0.010124316325110365
test-61442,0.32338773478779737
test-61443,0.01836844469126873
test-61444,0.02378510772867204
test-61445,0.015600887494628875
test-61446,0.02080456676701375
test-61447,0.06462716434972537
test-61448,0.1487244687230158
test-61449,0.029528547289231256
test-6145,0.14940114857045755
test-61450,0.25383205283856064
test-61451,0.013369607744656632
test-61452,0.02919183628016311
test-61453,0.19236127315838536
test-61454,0.014974858192157707
test-61455,0.012455314582779247
test-61456,0.015133138434686376
test-61457,0.011966427024598545
test-61458,0.017845258976598156
test-61459,0.3177527317131306
test-6146,0.2578727466054428
test-61460,0.0722280029516173
test-61461,0.19192725081915993
test-61462,0.01416205472929018
test-61463,0.06124656158293547
test-61464,0.07639707430358973
test-61465,0.046009648738188004
test-61466,0.31146771825749553
test-61467,0.04122423513775524
test-61468,0.33605751195913636
test-61469,0.008688892259843749
test-6147,0.01544115794313251
test-61470,0.02973389940068375
test-61471,0.046875532067646664
test-61472,0.19441515019767236
test-61473,0.019709402678134265
test-61474,0.024863493106559297
test-61475,0.034462792400414846
test-61476,0.1543693773528168
test-61477,0.014043759444919562
test-61478,0.020118930469371927
test-61479,0.12211778027152141
test-6148,0.007864687884397694
test-61480,0.013987217844320393
test-61481,0.11904831768431182
test-61482,0.011187251021973528
test-61483,0.009251591272054332
test-61484,0.1745123062678475
test-61485,0.016229234533043094
test-61486,0.24497442700667368
test-61487,0.09278365050712774
test-61488,0.2368617342230738
test-61489,0.127132347947015
test-6149,0.18167543250556262
test-61490,0.01942546682389033
test-61491,0.06803412447426488
test-61492,0.1749400544547567
test-61493,0.4319533300499094
test-61494,0.20918037853526356
test-61495,0.06593168853619687
test-61496,0.041220814313703856
test-61497,0.28040280003321016
test-61498,0.009965729279134094
test-61499,0.0238975446574132
test-615,0.13114388169173222
test-6150,0.0202812039616361
test-61500,0.04866006257458062
test-61501,0.06545272032693537
test-61502,0.32463395376763604
test-61503,0.020790134016454968
test-61504,0.0669392073111586
test-61505,0.010365661477579849
test-61506,0.018487811456801444
test-61507,0.06359905003407512
test-61508,0.028363357732583597
test-61509,0.07385395677068961
test-6151,0.0358088112087524
test-61510,0.06835764895479615
test-61511,0.018238209547875733
test-61512,0.038215058222015624
test-61513,0.14287475060137406
test-61514,0.04074617311721479
test-61515,0.01258538595749112
test-61516,0.018169731701145116
test-61517,0.01945131748116586
test-61518,0.13775918575813118
test-61519,0.09801262083146159
test-6152,0.007584557525177105
test-61520,0.03185953383231635
test-61521,0.025344772820055574
test-61522,0.013024364057771668
test-61523,0.007103459395646547
test-61524,0.08234313495644115
test-61525,0.05143341550618335
test-61526,0.16695447271917302
test-61527,0.03227646510052329
test-61528,0.129318814051985
test-61529,0.0658611622668829
test-6153,0.04009097597038763
test-61530,0.08149942072784412
test-61531,0.022100655422926788
test-61532,0.22450165295754976
test-61533,0.11354374914592297
test-61534,0.17645226684991447
test-61535,0.06107244868006746
test-61536,0.14925237872906397
test-61537,0.04923983032039034
test-61538,0.022586127338813933
test-61539,0.044871644102263214
test-6154,0.2262887729828075
test-61540,0.011901725498253732
test-61541,0.006770519746392791
test-61542,0.07181829345931622
test-61543,0.10345868736861169
test-61544,0.1493699579121035
test-61545,0.0069934535931672065
test-61546,0.04119529580068681
test-61547,0.17360668995304024
test-61548,0.012389033035965202
test-61549,0.020342165919936567
test-6155,0.017066800938763428
test-61550,0.022281131348812877
test-61551,0.09527584300865065
test-61552,0.01429308426260358
test-61553,0.1372816492641263
test-61554,0.009820023302666398
test-61555,0.22274255133165838
test-61556,0.007677992602739203
test-61557,0.05983798473351407
test-61558,0.06348755243710111
test-61559,0.006958657241291868
test-6156,0.1105340877322654
test-61560,0.15638017071684931
test-61561,0.3026822151035262
test-61562,0.09228381928298793
test-61563,0.007027850333927277
test-61564,0.045364834304137104
test-61565,0.027197932995538007
test-61566,0.008995484570196182
test-61567,0.17777195676434027
test-61568,0.04503459844105586
test-61569,0.04956252146147889
test-6157,0.07746290908540229
test-61570,0.08362017641868798
test-61571,0.29504393821314934
test-61572,0.10038378663279249
test-61573,0.022502961836266593
test-61574,0.09860381645007209
test-61575,0.04270100656898992
test-61576,0.029358177188794035
test-61577,0.02978545640543803
test-61578,0.32330663662703685
test-61579,0.19734519869493453
test-6158,0.1394463013726253
test-61580,0.10949615371063935
test-61581,0.03161693046130277
test-61582,0.02381341336268112
test-61583,0.01961229524549631
test-61584,0.07651976593119797
test-61585,0.14076499570991852
test-61586,0.10505420753184794
test-61587,0.3969038137548911
test-61588,0.040760907750072656
test-61589,0.04252105837468247
test-6159,0.037231327617666246
test-61590,0.02088716914800941
test-61591,0.39109121674989333
test-61592,0.24524621853283224
test-61593,0.060414063292995465
test-61594,0.023464967605109927
test-61595,0.1936857835093699
test-61596,0.06803412447426488
test-61597,0.09787796055403811
test-61598,0.05714196145559605
test-61599,0.028487547618425008
test-616,0.02827639660142324
test-6160,0.08985708637716829
test-61600,0.022738649418399606
test-61601,0.032853367749076004
test-61602,0.09748322556524319
test-61603,0.02228541645780162
test-61604,0.012353024400616343
test-61605,0.012600883775650369
test-61606,0.017654892503276533
test-61607,0.01605638725158736
test-61608,0.019031854521992048
test-61609,0.02102836935412256
test-6161,0.027572186108587356
test-61610,0.12750083480216265
test-61611,0.28256704567986324
test-61612,0.05770362246850923
test-61613,0.1594311274000751
test-61614,0.07154554671561687
test-61615,0.0669392073111586
test-61616,0.017950895240975095
test-61617,0.18845794802303414
test-61618,0.3031432078595421
test-61619,0.20573604242699883
test-6162,0.06252377948562454
test-61620,0.033971439429571905
test-61621,0.013543800047140241
test-61622,0.010745448128978348
test-61623,0.009653567640757844
test-61624,0.13790717275172654
test-61625,0.016670814106830977
test-61626,0.13919012465966588
test-61627,0.033062955998837046
test-61628,0.11557684698130681
test-61629,0.036648445379568476
test-6163,0.18595374328700767
test-61630,0.1121463017054305
test-61631,0.09621911320896186
test-61632,0.03949833871761149
test-61633,0.029557443205701157
test-61634,0.12663596937894922
test-61635,0.02304462929680639
test-61636,0.12663596937894922
test-61637,0.22386848416686453
test-61638,0.024339649399477966
test-61639,0.04157060767270014
test-6164,0.03666389778886255
test-61640,0.01749380445719549
test-61641,0.036242497691780964
test-61642,0.0745316755206956
test-61643,0.024730805452415475
test-61644,0.06807277471988875
test-61645,0.009593915613917198
test-61646,0.009835718885900025
test-61647,0.015885712761223716
test-61648,0.013502180890700238
test-61649,0.09752979142781895
test-6165,0.024039659086970963
test-61650,0.042094205071687624
test-61651,0.08216461867505488
test-61652,0.2230354848522536
test-61653,0.010388175361388426
test-61654,0.04849485930543292
test-61655,0.04475351461529831
test-61656,0.29338800458021236
test-61657,0.024306267393324518
test-61658,0.10093762225669546
test-61659,0.16789493971333833
test-6166,0.02101314300966044
test-61660,0.007863576024222498
test-61661,0.019898933062796643
test-61662,0.1594377577917731
test-61663,0.020705446742417817
test-61664,0.04941289662786943
test-61665,0.0853602737038705
test-61666,0.011405570489086931
test-61667,0.09967505524039096
test-61668,0.009915839647454561
test-61669,0.0669392073111586
test-6167,0.13138464395203975
test-61670,0.07313361160128815
test-61671,0.04380199998027481
test-61672,0.04152725651770934
test-61673,0.023462041809312658
test-61674,0.1470258778514772
test-61675,0.3562028609291261
test-61676,0.06556881457722044
test-61677,0.02031720551104567
test-61678,0.013131820067274274
test-61679,0.013160678807354307
test-6168,0.10654459372968364
test-61680,0.014397443814149216
test-61681,0.020878963666690977
test-61682,0.04933287532461333
test-61683,0.03317011414693028
test-61684,0.010163684983429384
test-61685,0.023591149213442537
test-61686,0.14836699348012886
test-61687,0.022397567968196225
test-61688,0.262222947135454
test-61689,0.07564187602682827
test-6169,0.0470541194742211
test-61690,0.016402037840869476
test-61691,0.24423763327214845
test-61692,0.015390546108247341
test-61693,0.016808224103182223
test-61694,0.03403264040277813
test-61695,0.015449936841909206
test-61696,0.009737027601908308
test-61697,0.09787796055403811
test-61698,0.14529232018296664
test-61699,0.07591415084142986
test-617,0.009989042179174698
test-6170,0.061983316739459
test-61700,0.07189439199483197
test-61701,0.08395183120844195
test-61702,0.009460055291688816
test-61703,0.030708516468938026
test-61704,0.04094137787757647
test-61705,0.015675745920688596
test-61706,0.17944131891516493
test-61707,0.01842161366220258
test-61708,0.03403254564709647
test-61709,0.09435854111353265
test-6171,0.24361820813111487
test-61710,0.12803070457941146
test-61711,0.05526594703928838
test-61712,0.11553078184032907
test-61713,0.21242399375755136
test-61714,0.09312043597330599
test-61715,0.12654342528268078
test-61716,0.20670447320006294
test-61717,0.016364212509566513
test-61718,0.010708656683550727
test-61719,0.027847513068703544
test-6172,0.016186416369884243
test-61720,0.03596658416877026
test-61721,0.01204212119301025
test-61722,0.12336910234445618
test-61723,0.008028265009533813
test-61724,0.01606311673618593
test-61725,0.01736272538062391
test-61726,0.012452203499464016
test-61727,0.24605066473098558
test-61728,0.010648463649757148
test-61729,0.007962848337490452
test-6173,0.1137373660443817
test-61730,0.08288402907576166
test-61731,0.11555226902164674
test-61732,0.04366375054105087
test-61733,0.03217966055557808
test-61734,0.09165333001199436
test-61735,0.06702006655695718
test-61736,0.07802819961977205
test-61737,0.10454173231494387
test-61738,0.26073489936172006
test-61739,0.24273221124039168
test-6174,0.26395620571295647
test-61740,0.012894101104945455
test-61741,0.010695995807481004
test-61742,0.04992602504619911
test-61743,0.1439988378412192
test-61744,0.014012751616640076
test-61745,0.40786541024547146
test-61746,0.22484781131931356
test-61747,0.20786301363711435
test-61748,0.01699977982876544
test-61749,0.016097437889667134
test-6175,0.029695564261754116
test-61750,0.009019432199058054
test-61751,0.02638076151610649
test-61752,0.029579909780141737
test-61753,0.03290929308371673
test-61754,0.13884864776316494
test-61755,0.1363673983733153
test-61756,0.09787796055403811
test-61757,0.308589022319554
test-61758,0.17903802988922818
test-61759,0.02750960850705585
test-6176,0.01785577451021296
test-61760,0.026942755644852545
test-61761,0.04270629050413248
test-61762,0.14142900526455932
test-61763,0.043301303839660805
test-61764,0.08246243377393385
test-61765,0.04706877789253994
test-61766,0.012236266383248252
test-61767,0.17942591900817922
test-61768,0.05113329507949809
test-61769,0.07742767884236121
test-6177,0.09465707351016849
test-61770,0.36495460446170874
test-61771,0.017570641069852216
test-61772,0.055027554443472466
test-61773,0.06968699927302702
test-61774,0.12134549011103495
test-61775,0.21341144539356774
test-61776,0.3013575511428643
test-61777,0.05283123275654991
test-61778,0.0868884526264283
test-61779,0.20358265978165163
test-6178,0.03546352782233932
test-61780,0.1710266511215879
test-61781,0.12723881162905398
test-61782,0.08003083037374147
test-61783,0.23975462144556497
test-61784,0.060931078173498014
test-61785,0.041098712218103926
test-61786,0.018668596531700877
test-61787,0.20418473994107822
test-61788,0.008076148716094168
test-61789,0.006111202567920681
test-6179,0.05480259001578477
test-61790,0.02540858752960149
test-61791,0.10717664717682997
test-61792,0.11385905483731518
test-61793,0.018956292414765607
test-61794,0.018067344311921515
test-61795,0.010449198788798653
test-61796,0.09456466912495104
test-61797,0.018655019731733856
test-61798,0.018933109139745042
test-61799,0.28418333347311703
test-618,0.03740622050242625
test-6180,0.14147767721395355
test-61800,0.007642537537840126
test-61801,0.2873770007801328
test-61802,0.013305549181691868
test-61803,0.058682993587643666
test-61804,0.013422167569979448
test-61805,0.009450202798021607
test-61806,0.0056835843889090085
test-61807,0.0279778954094715
test-61808,0.06259100480523434
test-61809,0.04201587544696237
test-6181,0.010416965798684659
test-61810,0.007595233746571553
test-61811,0.12954064052101308
test-61812,0.22284802497735937
test-61813,0.017000232843885403
test-61814,0.11407961367458344
test-61815,0.015610403517712377
test-61816,0.01648656630841274
test-61817,0.05015468531813707
test-61818,0.01630902100961083
test-61819,0.30238058782394456
test-6182,0.05487776745599645
test-61820,0.16465379238486721
test-61821,0.1740110338344063
test-61822,0.024167635159316102
test-61823,0.028231343595340297
test-61824,0.1815681528515445
test-61825,0.009172587597315613
test-61826,0.10323762980413592
test-61827,0.12664058815468698
test-61828,0.1546149013874063
test-61829,0.09787796055403811
test-6183,0.04178046549341608
test-61830,0.023619592551785668
test-61831,0.03437247445516244
test-61832,0.046907540801156666
test-61833,0.05940348859868629
test-61834,0.06659836411616123
test-61835,0.10481859758928998
test-61836,0.3032406349743543
test-61837,0.14739607630046048
test-61838,0.34611522617005247
test-61839,0.04665752157629596
test-6184,0.037920534296144594
test-61840,0.04895050024092073
test-61841,0.28918497707213714
test-61842,0.2073448136326029
test-61843,0.17539420430615574
test-61844,0.014858539934322623
test-61845,0.030355347421153596
test-61846,0.007990146130840415
test-61847,0.020175839025803565
test-61848,0.18179265551415308
test-61849,0.09130080303053922
test-6185,0.01877046323978843
test-61850,0.009384908126861853
test-61851,0.014851176199209849
test-61852,0.3460764364302446
test-61853,0.024851176181297438
test-61854,0.024520498293924414
test-61855,0.21083272428490443
test-61856,0.030517236185282452
test-61857,0.029874675057167274
test-61858,0.08817215171695508
test-61859,0.06905835672122253
test-6186,0.061225337518873296
test-61860,0.09697256493189678
test-61861,0.007645887605345723
test-61862,0.148840082485034
test-61863,0.007531912348718262
test-61864,0.1002203741516076
test-61865,0.03714988897915884
test-61866,0.11864056919644704
test-61867,0.06921833144662524
test-61868,0.03970043854441222
test-61869,0.011892135323496892
test-6187,0.08819098012875183
test-61870,0.020381435966627663
test-61871,0.012358099820658124
test-61872,0.05187230288645784
test-61873,0.031644590438606506
test-61874,0.011267152764809042
test-61875,0.030359017383973765
test-61876,0.013498107106180737
test-61877,0.01456867153713892
test-61878,0.022166639852438115
test-61879,0.08890341892181279
test-6188,0.02240198300864732
test-61880,0.01245099410749524
test-61881,0.13632316857259644
test-61882,0.11836595878492422
test-61883,0.04038916892140497
test-61884,0.2102783629810902
test-61885,0.014549460846056203
test-61886,0.04154351699599006
test-61887,0.01354289742448938
test-61888,0.012641155315920888
test-61889,0.04252105837468247
test-6189,0.02546487116531571
test-61890,0.010188077467365787
test-61891,0.11031045505398956
test-61892,0.26703779140715606
test-61893,0.4123612153931427
test-61894,0.13649781202329794
test-61895,0.2543204101665658
test-61896,0.09344211879506241
test-61897,0.09199660664068664
test-61898,0.16822840361258748
test-61899,0.04997453328205375
test-619,0.13844485831116107
test-6190,0.10677539743018809
test-61900,0.24140651190977508
test-61901,0.018745800295572098
test-61902,0.123817286149575
test-61903,0.05871950906116529
test-61904,0.04201587544696237
test-61905,0.02845366366092168
test-61906,0.026304281752079436
test-61907,0.09776787196468337
test-61908,0.17909856925714268
test-61909,0.037152462570420874
test-6191,0.14633110169156519
test-61910,0.07372130650406307
test-61911,0.014227734910682332
test-61912,0.30902669917001296
test-61913,0.007699627607977148
test-61914,0.02005338694349413
test-61915,0.011030138218203044
test-61916,0.06613128233036399
test-61917,0.016779837299595344
test-61918,0.01284409309571211
test-61919,0.07700232412166345
test-6192,0.013369657732461454
test-61920,0.022714415170797524
test-61921,0.009627610380847567
test-61922,0.04421145061517528
test-61923,0.11522416495176634
test-61924,0.044462235027897735
test-61925,0.16617712198857676
test-61926,0.013629568933808898
test-61927,0.022283192261442354
test-61928,0.2290633232194293
test-61929,0.20076579714671464
test-6193,0.10893213999898937
test-61930,0.15829030434939656
test-61931,0.049941671631292046
test-61932,0.03214341569665172
test-61933,0.11605750684178578
test-61934,0.030655619825893116
test-61935,0.0210917679546785
test-61936,0.007256116669232184
test-61937,0.008089527244049863
test-61938,0.16964490197584722
test-61939,0.4001140406804215
test-6194,0.01982970873999337
test-61940,0.09123441404631848
test-61941,0.02999055135808157
test-61942,0.031728075276582536
test-61943,0.12892894738187646
test-61944,0.027430002023815295
test-61945,0.1285727876993293
test-61946,0.05148505604204754
test-61947,0.1331508261067746
test-61948,0.020887219232696163
test-61949,0.012866423919850843
test-6195,0.014080232656244744
test-61950,0.007180422701222916
test-61951,0.020208460412549336
test-61952,0.03486415065020565
test-61953,0.03676839272905672
test-61954,0.027106976903096457
test-61955,0.021842844225199717
test-61956,0.03808926221621729
test-61957,0.033050647687089256
test-61958,0.03991427570930743
test-61959,0.02419686401936694
test-6196,0.07125544406381529
test-61960,0.010779728408873895
test-61961,0.17982984213568448
test-61962,0.0496981473874399
test-61963,0.016603693189784344
test-61964,0.23679733929063146
test-61965,0.16256874655941644
test-61966,0.08836433257633267
test-61967,0.0687732139720173
test-61968,0.031122549018424796
test-61969,0.03991427570930743
test-6197,0.042105073309524114
test-61970,0.22281961390217184
test-61971,0.08962782951307559
test-61972,0.11192954368951438
test-61973,0.04942224245468778
test-61974,0.061577899304617906
test-61975,0.10279217596403738
test-61976,0.03855892108629379
test-61977,0.21038975915472483
test-61978,0.07342997295512134
test-61979,0.04252105837468247
test-6198,0.013619568309138255
test-61980,0.07605446104942123
test-61981,0.029871525486823664
test-61982,0.0091119697118891
test-61983,0.012898883666356336
test-61984,0.19509290687091527
test-61985,0.008573401587560446
test-61986,0.023095670448404246
test-61987,0.199343343162246
test-61988,0.031470853291953434
test-61989,0.14039775298684648
test-6199,0.029464430150035102
test-61990,0.06182439910161281
test-61991,0.017214063799129865
test-61992,0.02556275592579175
test-61993,0.04788736959603337
test-61994,0.15719081835719226
test-61995,0.06252768540387957
test-61996,0.039845357960635486
test-61997,0.0669392073111586
test-61998,0.009643941529102664
test-61999,0.04688163618239434
test-62,0.02066541130504725
test-620,0.14851900473464374
test-6200,0.028441878917914106
test-62000,0.029106821458700364
test-62001,0.0263886023294697
test-62002,0.03404925307734661
test-62003,0.06067551134913263
test-62004,0.09447542835089669
test-62005,0.13401167832353766
test-62006,0.05593462366368904
test-62007,0.03555908235460001
test-62008,0.2527983203565117
test-62009,0.13354047174481798
test-6201,0.19033192473389812
test-62010,0.3954551042427276
test-62011,0.07013717606758778
test-62012,0.018517555244181347
test-62013,0.06769227346933265
test-62014,0.05125845793245014
test-62015,0.13844485831116107
test-62016,0.012667483008763273
test-62017,0.01637697474636509
test-62018,0.01167574142424366
test-62019,0.12587566059914065
test-6202,0.02058688750420854
test-62020,0.21961898389138576
test-62021,0.014093669505045881
test-62022,0.023460488978422393
test-62023,0.06988156867062127
test-62024,0.04341408928245404
test-62025,0.04440244047983173
test-62026,0.032019850825327385
test-62027,0.034105841826050566
test-62028,0.1912232682396851
test-62029,0.02076556259029645
test-6203,0.018430772689728286
test-62030,0.18680644675934602
test-62031,0.16022733145028764
test-62032,0.030860211436749246
test-62033,0.059468915772367376
test-62034,0.13360144295452359
test-62035,0.03280269179452265
test-62036,0.17484169172180947
test-62037,0.020815219967266978
test-62038,0.0543460697550853
test-62039,0.22205931310068508
test-6204,0.20783624300708262
test-62040,0.08884743158153059
test-62041,0.09787796055403811
test-62042,0.01381226308283413
test-62043,0.1561749806332798
test-62044,0.13947452986934075
test-62045,0.07614116118445302
test-62046,0.22092855886457324
test-62047,0.038299046316153725
test-62048,0.011082051018715226
test-62049,0.009818900575629352
test-6205,0.20008470463604738
test-62050,0.1527908173977836
test-62051,0.01063934049959653
test-62052,0.04715153585019828
test-62053,0.18602714057747693
test-62054,0.11642652655822731
test-62055,0.10272071660227124
test-62056,0.1527435927822863
test-62057,0.22883958467948415
test-62058,0.017472217884211723
test-62059,0.027346997895513363
test-6206,0.05339307069340168
test-62060,0.02880834386878442
test-62061,0.03199998183587537
test-62062,0.02224673604338441
test-62063,0.162451492494687
test-62064,0.17820205542073778
test-62065,0.022023821151709932
test-62066,0.05087438476850005
test-62067,0.017040720647267547
test-62068,0.14796877963150648
test-62069,0.08866966916492676
test-6207,0.019426553860066757
test-62070,0.0787718604191346
test-62071,0.03195584471893374
test-62072,0.14763218842861092
test-62073,0.16328972210078102
test-62074,0.13364980544740787
test-62075,0.08429439008200253
test-62076,0.20126314988237912
test-62077,0.026694921056440096
test-62078,0.10893213999898937
test-62079,0.01655102783203052
test-6208,0.14223269482773962
test-62080,0.04285266906436276
test-62081,0.007646041135998292
test-62082,0.219809967628229
test-62083,0.13345698010792348
test-62084,0.04167562980021376
test-62085,0.2548350280160196
test-62086,0.09526063506268198
test-62087,0.12195343984313865
test-62088,0.07252586705728925
test-62089,0.009651261463883053
test-6209,0.037834696295149774
test-62090,0.05339307069340168
test-62091,0.10093982204175307
test-62092,0.11607553849948815
test-62093,0.058307973168320454
test-62094,0.13019056764220668
test-62095,0.03240283995213259
test-62096,0.03392611708616318
test-62097,0.32072693085634246
test-62098,0.1320411661935443
test-62099,0.10159257371752366
test-621,0.026035852196858084
test-6210,0.07222317517381904
test-62100,0.06397778358820938
test-62101,0.12756464018589395
test-62102,0.2632266782540681
test-62103,0.20559963798188916
test-62104,0.006059533779556823
test-62105,0.06656180923214587
test-62106,0.09098465379748438
test-62107,0.1615109628081676
test-62108,0.08155156872704118
test-62109,0.01780510498582388
test-6211,0.19920631482983664
test-62110,0.34314947570268567
test-62111,0.012209615570814543
test-62112,0.331827542228124
test-62113,0.00881454212266955
test-62114,0.08317498490026042
test-62115,0.013930191403424847
test-62116,0.12643362166300293
test-62117,0.011055663776934115
test-62118,0.026380206092619103
test-62119,0.022553274698141456
test-6212,0.011629566247186683
test-62120,0.0846182167635542
test-62121,0.07621432585396863
test-62122,0.018725637531066944
test-62123,0.04827932501682621
test-62124,0.015788956813309604
test-62125,0.1023361995446962
test-62126,0.016644956584581108
test-62127,0.019685039358230058
test-62128,0.0659690238473691
test-62129,0.0247540672746281
test-6213,0.3239692693329581
test-62130,0.02000252580857465
test-62131,0.023541813443720562
test-62132,0.03237129313037458
test-62133,0.0109349718424715
test-62134,0.09831153257520879
test-62135,0.008949346124536735
test-62136,0.035222616723368516
test-62137,0.010422130685948302
test-62138,0.060830464168921544
test-62139,0.06380190076369553
test-6214,0.019786756231834086
test-62140,0.009667974687522549
test-62141,0.015995291228020524
test-62142,0.06846014268499738
test-62143,0.3208659548897632
test-62144,0.03422568206485583
test-62145,0.15105776172840119
test-62146,0.15731350203197517
test-62147,0.18348054979279166
test-62148,0.0957705485189651
test-62149,0.05339307069340168
test-6215,0.03292389643962237
test-62150,0.00856647637947442
test-62151,0.0092002715156141
test-62152,0.06390585972311909
test-62153,0.34444672300200774
test-62154,0.1527908173977836
test-62155,0.09787796055403811
test-62156,0.07014673511928562
test-62157,0.012213328554131389
test-62158,0.061577899304617906
test-62159,0.008707118357843546
test-6216,0.030823280450783423
test-62160,0.03602312871531444
test-62161,0.14855042734771043
test-62162,0.017219303274313435
test-62163,0.03388826362508373
test-62164,0.030814784197076898
test-62165,0.07062895453173665
test-62166,0.03910324801875151
test-62167,0.051437246633501806
test-62168,0.00698234365470642
test-62169,0.03524472711643986
test-6217,0.04425744320299831
test-62170,0.006389839739396347
test-62171,0.011359659525609973
test-62172,0.052179521307901704
test-62173,0.018994367311286606
test-62174,0.016141387897063073
test-62175,0.013025561554456963
test-62176,0.026806307077664116
test-62177,0.0613870456431714
test-62178,0.006338724687227234
test-62179,0.009701376462164214
test-6218,0.03420273674371125
test-62180,0.09459830103677169
test-62181,0.018565855312283504
test-62182,0.006910319992020435
test-62183,0.009220391695181076
test-62184,0.21141214830891997
test-62185,0.01334437514278741
test-62186,0.015217285216018683
test-62187,0.0669392073111586
test-62188,0.10783084756575485
test-62189,0.12366632774524698
test-6219,0.15904445730710795
test-62190,0.4070681974168859
test-62191,0.023968115615192475
test-62192,0.053038329083667596
test-62193,0.01515632916127146
test-62194,0.2542043044406898
test-62195,0.03691880133161055
test-62196,0.00900513510810355
test-62197,0.019793137975039652
test-62198,0.09171055473318886
test-62199,0.07240425457499185
test-622,0.017599316467170684
test-6220,0.03546352782233932
test-62200,0.019161437774089383
test-62201,0.40999545496215944
test-62202,0.0280589994227864
test-62203,0.047381232788045555
test-62204,0.031253991252509564
test-62205,0.4292912272717551
test-62206,0.0064534049426253895
test-62207,0.12819412947753134
test-62208,0.16695447271917302
test-62209,0.01924557170142916
test-6221,0.2521108127363853
test-62210,0.06107244868006746
test-62211,0.00973620944342055
test-62212,0.08798960649434391
test-62213,0.07990520368371101
test-62214,0.13122019856441117
test-62215,0.3145430289542984
test-62216,0.024922505421643076
test-62217,0.05400256287771402
test-62218,0.2752428500972875
test-62219,0.04363007004067982
test-6222,0.1539812644883679
test-62220,0.07224249015021446
test-62221,0.12815638368753415
test-62222,0.035715296661451054
test-62223,0.04858988705980062
test-62224,0.03377973803404163
test-62225,0.3280288729774646
test-62226,0.022840744924929247
test-62227,0.010553787197866489
test-62228,0.07917274024320338
test-62229,0.03463217763324691
test-6223,0.009644095471519582
test-62230,0.044439050090434286
test-62231,0.30311173782463047
test-62232,0.041560533083327134
test-62233,0.023581325712360088
test-62234,0.020421681140601125
test-62235,0.2146171019179258
test-62236,0.03206773502611107
test-62237,0.02748255267837466
test-62238,0.07535250858059359
test-62239,0.024240546333607633
test-6224,0.10202275932713735
test-62240,0.01441318459882411
test-62241,0.08110413393213176
test-62242,0.34553576014552256
test-62243,0.12603527427943326
test-62244,0.023448316599381253
test-62245,0.14564788097977452
test-62246,0.013144372297629062
test-62247,0.07533524963767128
test-62248,0.12756464018589395
test-62249,0.03563965779772
test-6225,0.05481207784020705
test-62250,0.20772031074838826
test-62251,0.009293900624850934
test-62252,0.034183997888803684
test-62253,0.025448191199595852
test-62254,0.10893213999898937
test-62255,0.07549055645915806
test-62256,0.07907413998704918
test-62257,0.3417827137225313
test-62258,0.04399013140426419
test-62259,0.14975319482656796
test-6226,0.06892689785137364
test-62260,0.30327256351549897
test-62261,0.05208457129373567
test-62262,0.028288261992958235
test-62263,0.2114227236972287
test-62264,0.023539710287925935
test-62265,0.3767075392398645
test-62266,0.020184049019556536
test-62267,0.07523623872802973
test-62268,0.08003083037374147
test-62269,0.08258428885929503
test-6227,0.015224312249784357
test-62270,0.04340242718508752
test-62271,0.010093394281799102
test-62272,0.02198859469841618
test-62273,0.17806375315576328
test-62274,0.0990910548221087
test-62275,0.026604201581666896
test-62276,0.07154554671561687
test-62277,0.014792663695394637
test-62278,0.037955400415088776
test-62279,0.04735679355499842
test-6228,0.1599510840208805
test-62280,0.012566060664084179
test-62281,0.022257250637491344
test-62282,0.0157691741328382
test-62283,0.0153354689182035
test-62284,0.08039281303262634
test-62285,0.012791372652684438
test-62286,0.13774157405628287
test-62287,0.05339307069340168
test-62288,0.041401176005922545
test-62289,0.01647870846103355
test-6229,0.09590831217591261
test-62290,0.03808926221621729
test-62291,0.13397644389344193
test-62292,0.06769227346933265
test-62293,0.07547013614802825
test-62294,0.07666413761860694
test-62295,0.024336851007404264
test-62296,0.017026330307647553
test-62297,0.08469207989574525
test-62298,0.034462792400414846
test-62299,0.031191787002470186
test-623,0.1812660795493395
test-6230,0.040203976299054534
test-62300,0.01618743710781617
test-62301,0.22619679567229217
test-62302,0.12467445827707084
test-62303,0.024850142300205047
test-62304,0.01716993727728376
test-62305,0.20218947211775842
test-62306,0.31551024847442466
test-62307,0.11932967299170391
test-62308,0.3870705465407842
test-62309,0.06468699352381173
test-6231,0.0846182167635542
test-62310,0.09304152664854572
test-62311,0.019906808352805172
test-62312,0.03262413693744255
test-62313,0.051939719935382066
test-62314,0.11192954368951438
test-62315,0.09232606087748729
test-62316,0.26772454601926
test-62317,0.09394227039527099
test-62318,0.18389995421195804
test-62319,0.09035918976238326
test-6232,0.33133292064901254
test-62320,0.0846182167635542
test-62321,0.45237908212755495
test-62322,0.04277189068156468
test-62323,0.01354754062692611
test-62324,0.08091840458510943
test-62325,0.021252540256638763
test-62326,0.009820023302666398
test-62327,0.00998450027705623
test-62328,0.02642533919102307
test-62329,0.014373888851939163
test-6233,0.09378616361119492
test-62330,0.16158190112067072
test-62331,0.015895449890895353
test-62332,0.07439548449540594
test-62333,0.18796933865446636
test-62334,0.021216028260450034
test-62335,0.06613128233036399
test-62336,0.03991427570930743
test-62337,0.008957820109463622
test-62338,0.03254656788055025
test-62339,0.11529425139481725
test-6234,0.16045975896926695
test-62340,0.061503619006525664
test-62341,0.0079075731656834
test-62342,0.007431135572547997
test-62343,0.01690964120641193
test-62344,0.17918093210893757
test-62345,0.01619391301482578
test-62346,0.031247242858928215
test-62347,0.04475351461529831
test-62348,0.2821515413191359
test-62349,0.26378867219007013
test-6235,0.01146929411708885
test-62350,0.00938967794894574
test-62351,0.0898357639830071
test-62352,0.01160416558386832
test-62353,0.03181172478166267
test-62354,0.03139555455972171
test-62355,0.02620284558204135
test-62356,0.03234236725904668
test-62357,0.07799433853261355
test-62358,0.09787796055403811
test-62359,0.11543498080582862
test-6236,0.20470661532113674
test-62360,0.011594332624911373
test-62361,0.18378597873891672
test-62362,0.11450919840243712
test-62363,0.10276169781465307
test-62364,0.2179320933993123
test-62365,0.19606919385297963
test-62366,0.24839579513560137
test-62367,0.19705482817468178
test-62368,0.14341590628354015
test-62369,0.019705168549424314
test-6237,0.01741000379800641
test-62370,0.013002560800735107
test-62371,0.012001065220196921
test-62372,0.04353656136671736
test-62373,0.2724252661967489
test-62374,0.013311604544459909
test-62375,0.011499116987706509
test-62376,0.03173948623965044
test-62377,0.032316004014231695
test-62378,0.12852248678323422
test-62379,0.20832664909570542
test-6238,0.031036219541288802
test-62380,0.09787796055403811
test-62381,0.01644443832879783
test-62382,0.04663184213805043
test-62383,0.02745969727207641
test-62384,0.2912439496543516
test-62385,0.20263269879204399
test-62386,0.021332384992090454
test-62387,0.1397136026303408
test-62388,0.029036148568452002
test-62389,0.07698706532820189
test-6239,0.08181116950240602
test-62390,0.09774055979770967
test-62391,0.18119039116493668
test-62392,0.07543721773084544
test-62393,0.0687732139720173
test-62394,0.07941346690959308
test-62395,0.014895771445890185
test-62396,0.12110105625409004
test-62397,0.02260992845679356
test-62398,0.0963889429170179
test-62399,0.16695447271917302
test-624,0.008640136475675153
test-6240,0.023198162182874214
test-62400,0.13844485831116107
test-62401,0.03446253759755385
test-62402,0.06805769234487746
test-62403,0.15133839376613767
test-62404,0.04361996018820437
test-62405,0.01849306096850304
test-62406,0.07007784802618452
test-62407,0.06693039331994388
test-62408,0.02973819073698362
test-62409,0.12907089562954238
test-6241,0.07896917855603469
test-62410,0.02102836935412256
test-62411,0.0669392073111586
test-62412,0.06799151022186396
test-62413,0.04571975542859267
test-62414,0.013567130175536837
test-62415,0.03326751679760316
test-62416,0.1536491038546146
test-62417,0.0687732139720173
test-62418,0.2563108161582349
test-62419,0.2302831804821192
test-6242,0.02659919861188415
test-62420,0.020184049019556536
test-62421,0.01879560864826651
test-62422,0.15139845747447409
test-62423,0.019600484234192524
test-62424,0.0362464042172041
test-62425,0.18516499763164826
test-62426,0.032170553980055264
test-62427,0.0787718604191346
test-62428,0.03332848790665245
test-62429,0.0173998710617763
test-6243,0.0493931147911267
test-62430,0.18783965155330548
test-62431,0.01852447053024147
test-62432,0.1912979688573988
test-62433,0.17393008143551336
test-62434,0.28309756851400286
test-62435,0.04036037094457089
test-62436,0.016872307946453682
test-62437,0.09865143086310076
test-62438,0.014844493488015406
test-62439,0.011433867168070799
test-6244,0.17892856032950577
test-62440,0.0787718604191346
test-62441,0.13842109341271808
test-62442,0.04493687212220765
test-62443,0.2011454835030215
test-62444,0.037969924642615775
test-62445,0.13893489165920292
test-62446,0.16606994230887595
test-62447,0.024989304966165617
test-62448,0.1947037879237787
test-62449,0.15034905799445494
test-6245,0.09011400346508483
test-62450,0.060145186307977896
test-62451,0.05437337189856512
test-62452,0.3247042632978582
test-62453,0.16262290242505859
test-62454,0.2117561828182452
test-62455,0.20118636479733898
test-62456,0.10233699087433112
test-62457,0.11295987202440357
test-62458,0.1774900548413023
test-62459,0.0732858674232542
test-6246,0.09033593984113761
test-62460,0.05997031636792433
test-62461,0.05339307069340168
test-62462,0.25828950554165786
test-62463,0.08295102112241018
test-62464,0.273466035291377
test-62465,0.31114800202928344
test-62466,0.01247679791262505
test-62467,0.03941874907551302
test-62468,0.015400890397036973
test-62469,0.09442775898327806
test-6247,0.1387564677932596
test-62470,0.08487258915509491
test-62471,0.024840373135949417
test-62472,0.08131726798436324
test-62473,0.010759938219735867
test-62474,0.03902474160786257
test-62475,0.02328933718909826
test-62476,0.02143546801446825
test-62477,0.06358439058924498
test-62478,0.26856223868677703
test-62479,0.031122541569451885
test-6248,0.007317598476054454
test-62480,0.0888687870523802
test-62481,0.037924041501242435
test-62482,0.016532800207614474
test-62483,0.019793775639509518
test-62484,0.0340354194969478
test-62485,0.03136847968895902
test-62486,0.17090105689587917
test-62487,0.06695477639869232
test-62488,0.02106869369119274
test-62489,0.020886086336706022
test-6249,0.027640788600766828
test-62490,0.014205354184511295
test-62491,0.016903397397462036
test-62492,0.07770470669832427
test-62493,0.054878137342866895
test-62494,0.11721443159127108
test-62495,0.017803090320902826
test-62496,0.01711247636309796
test-62497,0.02835352629179153
test-62498,0.06474564052373001
test-62499,0.037567435394716645
test-625,0.009117820976436802
test-6250,0.10787061981038101
test-62500,0.018336266066978642
test-62501,0.013428843715478823
test-62502,0.14584971832814003
test-62503,0.021484185834483346
test-62504,0.008651415063227351
test-62505,0.013063690902990964
test-62506,0.01694423239331729
test-62507,0.08546111174642265
test-62508,0.22483800591964562
test-62509,0.011243885019422285
test-6251,0.059354856111864245
test-62510,0.03710467324261059
test-62511,0.07592052528122846
test-62512,0.10733816771278076
test-62513,0.004445430205697261
test-62514,0.03562095255697073
test-62515,0.17390060586578845
test-62516,0.021694371611003505
test-62517,0.024520498293924414
test-62518,0.13830406861014471
test-62519,0.04022820328313064
test-6252,0.053341850880775386
test-62520,0.16695447271917302
test-62521,0.02004714672233658
test-62522,0.048021912012986764
test-62523,0.017958449126683887
test-62524,0.016979495744240243
test-62525,0.12660538776477676
test-62526,0.05112787484336355
test-62527,0.01024817858711763
test-62528,0.014391297358017684
test-62529,0.02609312861808075
test-6253,0.09870796579632887
test-62530,0.15517460481981005
test-62531,0.0669392073111586
test-62532,0.22618228372570667
test-62533,0.024282845124941187
test-62534,0.13949048715227577
test-62535,0.1377979397837487
test-62536,0.02120621708301511
test-62537,0.023400319320078734
test-62538,0.012059577528733802
test-62539,0.007531912348718262
test-6254,0.02432810993572003
test-62540,0.01637697474636509
test-62541,0.06414881698723972
test-62542,0.018238209547875733
test-62543,0.012089649758012907
test-62544,0.197286025661373
test-62545,0.017373454653066837
test-62546,0.26466356284748294
test-62547,0.06829964984803462
test-62548,0.03868581526917479
test-62549,0.24622993340700172
test-6255,0.09238432317454845
test-62550,0.019424698607743998
test-62551,0.07864098248096371
test-62552,0.12614711902775436
test-62553,0.13835990004390863
test-62554,0.0076980988394905895
test-62555,0.03527451802193063
test-62556,0.040171887787939564
test-62557,0.175348829700439
test-62558,0.3767075392398645
test-62559,0.10198037863949516
test-6256,0.011585624812698444
test-62560,0.24616322221919645
test-62561,0.015228327352687272
test-62562,0.13844485831116107
test-62563,0.04044351353937511
test-62564,0.025051330187555152
test-62565,0.016599429667081896
test-62566,0.014622936338569656
test-62567,0.10849311745818162
test-62568,0.04746765570668354
test-62569,0.007710678492022003
test-6257,0.03767538503812089
test-62570,0.13775918575813118
test-62571,0.011155002689389619
test-62572,0.10605187639244665
test-62573,0.008443481737337723
test-62574,0.025445263625195672
test-62575,0.07970015430714861
test-62576,0.005560228115179905
test-62577,0.01002436073136809
test-62578,0.0238975446574132
test-62579,0.1638452406815264
test-6258,0.04104503253269201
test-62580,0.011272303368918787
test-62581,0.23032572276588947
test-62582,0.014503002437087277
test-62583,0.03812141796865951
test-62584,0.2604785960558474
test-62585,0.2709221447867498
test-62586,0.12604542757623594
test-62587,0.03680547632120544
test-62588,0.009977409660672698
test-62589,0.030058788957738027
test-6259,0.05150417253411026
test-62590,0.021261979289718284
test-62591,0.3084664442595877
test-62592,0.03512499398614986
test-62593,0.02756220365503789
test-62594,0.08417399944567339
test-62595,0.11094171495979958
test-62596,0.009755053656264775
test-62597,0.02592002485671419
test-62598,0.13034971251452243
test-62599,0.008492649665773757
test-626,0.11890417487470603
test-6260,0.2277403187480487
test-62600,0.20094641891754553
test-62601,0.18277696410433397
test-62602,0.09435854111353265
test-62603,0.028107101192839577
test-62604,0.09435006041881341
test-62605,0.08744646317413157
test-62606,0.05829431582095639
test-62607,0.009219996782076932
test-62608,0.01251026692698832
test-62609,0.16695447271917302
test-6261,0.008443481737337723
test-62610,0.023317303344771986
test-62611,0.2016754900295141
test-62612,0.19632024349265403
test-62613,0.14103702717146982
test-62614,0.1830261170183305
test-62615,0.09985649801372733
test-62616,0.018294826665890326
test-62617,0.15326852510667843
test-62618,0.017552245830620403
test-62619,0.05032456663616559
test-6262,0.029205493060941754
test-62620,0.034462792400414846
test-62621,0.060830464168921544
test-62622,0.012417515607832939
test-62623,0.3318904244315215
test-62624,0.06132835049759564
test-62625,0.059501922873155644
test-62626,0.10811726081423466
test-62627,0.03563965779772
test-62628,0.02361322410340709
test-62629,0.019195989087289176
test-6263,0.07096446565888062
test-62630,0.010865154306093174
test-62631,0.20782404597403734
test-62632,0.02160678382988693
test-62633,0.161049081369755
test-62634,0.01335752199885641
test-62635,0.09297919357352599
test-62636,0.0669392073111586
test-62637,0.16862936169275256
test-62638,0.03392625034547449
test-62639,0.006996667654592178
test-6264,0.020293049553526156
test-62640,0.011821883485456512
test-62641,0.13306867425513277
test-62642,0.09469537405343671
test-62643,0.3103298738693312
test-62644,0.08422245341454065
test-62645,0.01977724225169707
test-62646,0.011409143599450123
test-62647,0.01809201384856183
test-62648,0.024196598741224012
test-62649,0.03651751482718425
test-6265,0.028552612494846558
test-62650,0.03040705258841133
test-62651,0.011081886059918047
test-62652,0.04451781219798854
test-62653,0.024355029514402885
test-62654,0.10129432790430386
test-62655,0.11856173870745805
test-62656,0.009764612507470608
test-62657,0.13293928045604364
test-62658,0.07748062158489404
test-62659,0.036833243758108127
test-6266,0.031062102468961163
test-62660,0.18915124509248293
test-62661,0.37139912321755747
test-62662,0.20438892131538713
test-62663,0.008055617219326336
test-62664,0.008443481737337723
test-62665,0.014360701472555354
test-62666,0.06952745188472823
test-62667,0.1371497299198692
test-62668,0.03734108511928674
test-62669,0.2509442053229949
test-6267,0.20853760041949534
test-62670,0.11182802940906961
test-62671,0.011452462859885637
test-62672,0.13360753590485297
test-62673,0.04996958366821488
test-62674,0.04049860151896432
test-62675,0.021542372632140355
test-62676,0.2765617032697191
test-62677,0.0627574379431612
test-62678,0.11543498080582862
test-62679,0.23537995020494246
test-6268,0.10390367231143034
test-62680,0.07613509031510507
test-62681,0.007569551205616138
test-62682,0.027623844543283038
test-62683,0.027694503671567502
test-62684,0.015993098141885438
test-62685,0.055771388059950716
test-62686,0.0434559353781086
test-62687,0.03991427570930743
test-62688,0.013379743894228737
test-62689,0.021817197461177468
test-6269,0.11245001721544663
test-62690,0.17645226684991447
test-62691,0.01677735445409141
test-62692,0.008254652051318092
test-62693,0.3015049642049047
test-62694,0.12529905228316307
test-62695,0.15310439251137728
test-62696,0.027216249498906057
test-62697,0.04427109609220298
test-62698,0.07563695861444857
test-62699,0.03547515288990306
test-627,0.007273896506043557
test-6270,0.07096625851781876
test-62700,0.18595374328700767
test-62701,0.1325141542223543
test-62702,0.1140873148537606
test-62703,0.027254072581887646
test-62704,0.28190409915455444
test-62705,0.008495098534261367
test-62706,0.02717028810516579
test-62707,0.021539172559439847
test-62708,0.08494172585863077
test-62709,0.009038659861244115
test-6271,0.052587175427313934
test-62710,0.009770016988797751
test-62711,0.038289474168875605
test-62712,0.008149002485368602
test-62713,0.04164445423796918
test-62714,0.007273896506043557
test-62715,0.06750361393360017
test-62716,0.02172718654919924
test-62717,0.014170507820780004
test-62718,0.08676426786931425
test-62719,0.010034635384000814
test-6272,0.010171567854719317
test-62720,0.06259100480523434
test-62721,0.08196973207204497
test-62722,0.11607553849948815
test-62723,0.2758987289551091
test-62724,0.3899856700592274
test-62725,0.07573912227074678
test-62726,0.043339869857846935
test-62727,0.07420175824613516
test-62728,0.3106061487066792
test-62729,0.02100328806142943
test-6273,0.012596660220635356
test-62730,0.03707801971970307
test-62731,0.0224769414469236
test-62732,0.027437822014979515
test-62733,0.3148252835080881
test-62734,0.018312539545789833
test-62735,0.030419116154451902
test-62736,0.06144596079632782
test-62737,0.27861473683573007
test-62738,0.1516402682571098
test-62739,0.021780995978321865
test-6274,0.30216131350813363
test-62740,0.008020540720647723
test-62741,0.26727575084488087
test-62742,0.04206311035471746
test-62743,0.006853820092819592
test-62744,0.2542043044406898
test-62745,0.0322560369895652
test-62746,0.04200095174979865
test-62747,0.37676201275017723
test-62748,0.013579860758361081
test-62749,0.11842034369640528
test-6275,0.04252105837468247
test-62750,0.023595393091362434
test-62751,0.06238168821607059
test-62752,0.1278847023007518
test-62753,0.07097412885645901
test-62754,0.029095843260230708
test-62755,0.059167370052159565
test-62756,0.0821289809620675
test-62757,0.14727332459421508
test-62758,0.034210561934390794
test-62759,0.13844485831116107
test-6276,0.03245477776224634
test-62760,0.2552039934485043
test-62761,0.10627820542043837
test-62762,0.0071853046098609395
test-62763,0.06987736199948241
test-62764,0.011082051018715226
test-62765,0.04863340052138399
test-62766,0.014663331218710903
test-62767,0.030209889915679102
test-62768,0.15926377207306702
test-62769,0.20555019506090616
test-6277,0.01348679243982858
test-62770,0.021286010505043994
test-62771,0.0642154505949695
test-62772,0.033610691782039424
test-62773,0.2519907039033014
test-62774,0.02451087416994784
test-62775,0.0267348535230178
test-62776,0.1588682019109067
test-62777,0.21001645312173994
test-62778,0.10275881336666433
test-62779,0.07078104301066077
test-6278,0.13309867683934024
test-62780,0.019622143801857585
test-62781,0.011201682072197428
test-62782,0.1586802256377835
test-62783,0.0772894959217252
test-62784,0.0707119985986715
test-62785,0.017111926839668133
test-62786,0.020634149637381523
test-62787,0.18418539639569032
test-62788,0.02148041636171966
test-62789,0.03991427570930743
test-6279,0.007941880632707052
test-62790,0.019282984525144174
test-62791,0.02688507386025313
test-62792,0.006207233373129615
test-62793,0.17822699084209592
test-62794,0.010823358649941982
test-62795,0.006223786633920408
test-62796,0.11963897347637137
test-62797,0.012832934875555712
test-62798,0.04475351461529831
test-62799,0.01911024226573586
test-628,0.01315548435586596
test-6280,0.029206991536382725
test-62800,0.017149092719246594
test-62801,0.18015293336437355
test-62802,0.12797671610602146
test-62803,0.011490258781395235
test-62804,0.011653918396143055
test-62805,0.021332353155970513
test-62806,0.024079189341568188
test-62807,0.07939864994936202
test-62808,0.023766118201954154
test-62809,0.012246164900448272
test-6281,0.02511337026481203
test-62810,0.12067673795529324
test-62811,0.31318345436572037
test-62812,0.06988298829282151
test-62813,0.053269667372118794
test-62814,0.23626472356278477
test-62815,0.01128579241041358
test-62816,0.01884432702438086
test-62817,0.06989588257000236
test-62818,0.25525976544944223
test-62819,0.01209176606080851
test-6282,0.02787275465352048
test-62820,0.022196615315900396
test-62821,0.2821515413191359
test-62822,0.01054308775602342
test-62823,0.25112357237226696
test-62824,0.021466009383601676
test-62825,0.18781005265279255
test-62826,0.25788273733967376
test-62827,0.17342553507802994
test-62828,0.0514273902412857
test-62829,0.18414191770606816
test-6283,0.09181608195751594
test-62830,0.0846182167635542
test-62831,0.011452462859885637
test-62832,0.09787796055403811
test-62833,0.038148213106948305
test-62834,0.08966260269388741
test-62835,0.016427734231505266
test-62836,0.12614711902775436
test-62837,0.04392753737707184
test-62838,0.013838079321912545
test-62839,0.05015468531813707
test-6284,0.022059873307602514
test-62840,0.07896917855603469
test-62841,0.08223371600103453
test-62842,0.1506193972809834
test-62843,0.022795911317382202
test-62844,0.16402358418018453
test-62845,0.013126567641003058
test-62846,0.01706163366299654
test-62847,0.014480572420051926
test-62848,0.022415309305372846
test-62849,0.01492761066681292
test-6285,0.06169794090875876
test-62850,0.036786383531502306
test-62851,0.05063659978161695
test-62852,0.011385186335865567
test-62853,0.3421240571274184
test-62854,0.019323579588711996
test-62855,0.034462792400414846
test-62856,0.18092764737114572
test-62857,0.03841603739234095
test-62858,0.08437569069258476
test-62859,0.08113438171760051
test-6286,0.07202903557515565
test-62860,0.02160449127490314
test-62861,0.11068016408313584
test-62862,0.02780983311140427
test-62863,0.023987603928526256
test-62864,0.308589022319554
test-62865,0.09222948343985957
test-62866,0.05849542928708646
test-62867,0.07690164852972944
test-62868,0.345963011571653
test-62869,0.0195054481947584
test-6287,0.07289959866881442
test-62870,0.05773887623436613
test-62871,0.023947897887476664
test-62872,0.09787796055403811
test-62873,0.079019714894599
test-62874,0.030517236185282452
test-62875,0.037658600636406254
test-62876,0.01978599086085704
test-62877,0.3694131398092206
test-62878,0.023652666873459308
test-62879,0.03534129172596895
test-6288,0.0247963094518123
test-62880,0.02759995246664544
test-62881,0.07859197714629405
test-62882,0.24326203137866922
test-62883,0.036669453073079054
test-62884,0.05475225862904695
test-62885,0.219134363721944
test-62886,0.014778382388112245
test-62887,0.0230774050246095
test-62888,0.19008972035496297
test-62889,0.02121873769081362
test-6289,0.020367202735675292
test-62890,0.011516352258492013
test-62891,0.017437584643993545
test-62892,0.06222043305178658
test-62893,0.024848942379461225
test-62894,0.2174049323736777
test-62895,0.005571949335279575
test-62896,0.0688687787275955
test-62897,0.12007477709371937
test-62898,0.05736073381391943
test-62899,0.12460507488050093
test-629,0.15697506986647436
test-6290,0.06891277983351363
test-62900,0.020899724128958935
test-62901,0.07165164062614203
test-62902,0.032316004014231695
test-62903,0.055227084802865214
test-62904,0.03670014372725455
test-62905,0.025891699993119244
test-62906,0.04115917379384021
test-62907,0.2864725842280662
test-62908,0.028146643517229605
test-62909,0.12470974177062524
test-6291,0.023218272922173117
test-62910,0.23453082472099898
test-62911,0.1609755315561029
test-62912,0.05339307069340168
test-62913,0.027471521470755177
test-62914,0.01602550027059719
test-62915,0.02044017197470035
test-62916,0.02491611529584066
test-62917,0.151083778742652
test-62918,0.015673378212842228
test-62919,0.016820972484683765
test-6292,0.013214732701249912
test-62920,0.21217115124868438
test-62921,0.030707448120306523
test-62922,0.015449936841909206
test-62923,0.09649882684004954
test-62924,0.1919860263755527
test-62925,0.03957797408190487
test-62926,0.011504285745730975
test-62927,0.1145562784460311
test-62928,0.026318056704253447
test-62929,0.1687336529928194
test-6293,0.12046346052584464
test-62930,0.018171841845644937
test-62931,0.22083668665218958
test-62932,0.01802060452658113
test-62933,0.13612110204471284
test-62934,0.10849311745818162
test-62935,0.11190199641345651
test-62936,0.016260827671215505
test-62937,0.1977336705240709
test-62938,0.01623508412592168
test-62939,0.007463879085555414
test-6294,0.03242352507069569
test-62940,0.2257091397636458
test-62941,0.0061419253045546405
test-62942,0.015470271477584263
test-62943,0.05003697088968722
test-62944,0.03050327689695935
test-62945,0.02327225984653785
test-62946,0.010800090449238716
test-62947,0.12239396736527457
test-62948,0.03777909937368226
test-62949,0.018392966657751118
test-6295,0.031167532700470204
test-62950,0.0108769365425476
test-62951,0.04049860151896432
test-62952,0.05077537152146537
test-62953,0.0669392073111586
test-62954,0.07420175824613516
test-62955,0.01175313940290732
test-62956,0.011797867878666029
test-62957,0.13403423034812498
test-62958,0.08871049948651162
test-62959,0.04692381980377993
test-6296,0.21292364867651054
test-62960,0.01485358629993815
test-62961,0.05608161125235809
test-62962,0.18801659008951918
test-62963,0.01589524640468988
test-62964,0.12460507488050093
test-62965,0.019098298936567327
test-62966,0.027223045533147475
test-62967,0.15701630716024761
test-62968,0.20038763307567561
test-62969,0.08549318337279413
test-6297,0.06866260127631668
test-62970,0.011765674509439371
test-62971,0.01029529787764662
test-62972,0.009099081273871816
test-62973,0.11835618459514764
test-62974,0.014963225313570661
test-62975,0.00989919547922734
test-62976,0.08806874592286072
test-62977,0.025895335368605076
test-62978,0.030508550931759353
test-62979,0.025044148953549717
test-6298,0.2550225400740024
test-62980,0.1356121354367558
test-62981,0.018595015079808788
test-62982,0.025900544852513304
test-62983,0.20257022993576979
test-62984,0.02658108923946476
test-62985,0.020527102807688626
test-62986,0.3005226854967868
test-62987,0.3036738733538779
test-62988,0.15341176094708797
test-62989,0.04434873777537241
test-6299,0.011841520233121856
test-62990,0.041994584683696344
test-62991,0.3536856843814625
test-62992,0.08153168488552605
test-62993,0.23489984590401194
test-62994,0.1344368426938309
test-62995,0.030781103620546018
test-62996,0.012089591290699631
test-62997,0.034462792400414846
test-62998,0.1376806455630205
test-62999,0.02070105633558264
test-63,0.39240373821471336
test-630,0.11880746689825587
test-6300,0.008149002485368602
test-63000,0.03691152085077392
test-63001,0.06980762394981706
test-63002,0.13751961474674382
test-63003,0.11999049741740699
test-63004,0.36495460446170874
test-63005,0.009705203620655195
test-63006,0.02801452896918311
test-63007,0.008651415063227351
test-63008,0.05609783134399032
test-63009,0.07906512026924764
test-6301,0.008537034403917822
test-63010,0.16901412087517917
test-63011,0.09498776512966894
test-63012,0.060045286356076207
test-63013,0.16694393223436413
test-63014,0.01824504981200729
test-63015,0.16344830039709268
test-63016,0.06259100480523434
test-63017,0.062268300377973214
test-63018,0.07526105039027266
test-63019,0.04406219867061588
test-6302,0.22500835892927804
test-63020,0.20207856347267342
test-63021,0.008441637360088856
test-63022,0.31031435814079444
test-63023,0.1135373031630932
test-63024,0.07639707430358973
test-63025,0.008061622433975771
test-63026,0.018927638097739827
test-63027,0.09711026549124455
test-63028,0.2681837878148749
test-63029,0.014524840840392555
test-6303,0.07771558515616006
test-63030,0.12819412947753134
test-63031,0.011749280877878382
test-63032,0.014201315301945966
test-63033,0.12386317793801052
test-63034,0.012099088188617215
test-63035,0.07965868160378656
test-63036,0.017006131310045223
test-63037,0.010271233686557621
test-63038,0.09077978681005355
test-63039,0.13802850046744336
test-6304,0.13535318009986055
test-63040,0.0285704214822015
test-63041,0.25244697240341646
test-63042,0.045948105535069006
test-63043,0.04154351699599006
test-63044,0.13727962583186681
test-63045,0.06072135404828607
test-63046,0.0687732139720173
test-63047,0.008207622277352174
test-63048,0.16188674061608385
test-63049,0.08447051866702175
test-6305,0.021296589836218394
test-63050,0.3423883257911087
test-63051,0.05353090740854651
test-63052,0.053646075350798565
test-63053,0.006232924124234133
test-63054,0.022865780532737013
test-63055,0.0998767843689834
test-63056,0.0333310670134813
test-63057,0.04166971932024224
test-63058,0.03791214798338093
test-63059,0.21158671223827394
test-6306,0.02071941127687697
test-63060,0.014775867830320913
test-63061,0.026656660196148384
test-63062,0.06139839635328179
test-63063,0.1767794055749686
test-63064,0.09425677675624106
test-63065,0.01280757412657246
test-63066,0.09323271843129183
test-63067,0.029141188955807754
test-63068,0.013975313689529107
test-63069,0.026627977880402134
test-6307,0.12143263438525861
test-63070,0.31651512590125247
test-63071,0.05208860722528237
test-63072,0.018740290957309506
test-63073,0.15368310274186242
test-63074,0.04279364359860337
test-63075,0.0190622210240742
test-63076,0.17059379347861076
test-63077,0.010771081158893886
test-63078,0.007863580652676984
test-63079,0.007607830055189385
test-6308,0.16439339276028764
test-63080,0.25383205283856064
test-63081,0.006219090003841039
test-63082,0.012246459338573244
test-63083,0.04252180331431269
test-63084,0.020239342584142315
test-63085,0.01567375893612046
test-63086,0.02155692572285801
test-63087,0.13336143216060606
test-63088,0.30131014110645227
test-63089,0.023077347679834687
test-6309,0.09787796055403811
test-63090,0.1297928487489257
test-63091,0.16526666228212705
test-63092,0.25437097360736777
test-63093,0.02064487087934156
test-63094,0.019217457397288085
test-63095,0.054496396317886546
test-63096,0.014907971923119864
test-63097,0.17831963843076878
test-63098,0.06352411301944147
test-63099,0.09526063506268198
test-631,0.0164934355381801
test-6310,0.03772930020037507
test-63100,0.1309329817207174
test-63101,0.1270790521474067
test-63102,0.15781292976829153
test-63103,0.010061485182395415
test-63104,0.021528190749961748
test-63105,0.022758689322956757
test-63106,0.026455109810932364
test-63107,0.016897084809181166
test-63108,0.0067015481511479204
test-63109,0.16259034503191025
test-6311,0.1503286065605818
test-63110,0.013582674515930208
test-63111,0.07984673877477892
test-63112,0.02382498742385696
test-63113,0.13584648180255504
test-63114,0.10283678673410779
test-63115,0.1848149462951061
test-63116,0.1812349372706714
test-63117,0.02693267994068787
test-63118,0.010397915292771044
test-63119,0.06222813817967778
test-6312,0.024382267217462998
test-63120,0.3915781221280137
test-63121,0.015848014478567596
test-63122,0.053648315967003694
test-63123,0.01648147253079594
test-63124,0.0072492464049201235
test-63125,0.03485261905197301
test-63126,0.014618863586856977
test-63127,0.057418552012060954
test-63128,0.08003083037374147
test-63129,0.048786321133522784
test-6313,0.1623219669458112
test-63130,0.02329244269279225
test-63131,0.04607864003280569
test-63132,0.024189807055790994
test-63133,0.016622352651816445
test-63134,0.02325866809693862
test-63135,0.01400620754852686
test-63136,0.04460551441616931
test-63137,0.03404859428220869
test-63138,0.013750835097830537
test-63139,0.028658826473332333
test-6314,0.14971717026306122
test-63140,0.23453082472099898
test-63141,0.07253241034260638
test-63142,0.01644443832879783
test-63143,0.06107244868006746
test-63144,0.01027009339794965
test-63145,0.03402960718434952
test-63146,0.06669132074777559
test-63147,0.07107943188447098
test-63148,0.06348536922868363
test-63149,0.031233384809993606
test-6315,0.013255781261839324
test-63150,0.017296990839624035
test-63151,0.01658829528924223
test-63152,0.07457996616450371
test-63153,0.013223947509639976
test-63154,0.08227449316788707
test-63155,0.018478905353548604
test-63156,0.09100586593251497
test-63157,0.01147819579155948
test-63158,0.024898200645483898
test-63159,0.03078439908340745
test-6316,0.25575805669643437
test-63160,0.1900996623049682
test-63161,0.1758426472758154
test-63162,0.012300702005935756
test-63163,0.027888810545535353
test-63164,0.13993491802105856
test-63165,0.09526063506268198
test-63166,0.009334533061188479
test-63167,0.27566584235061575
test-63168,0.024797674938199524
test-63169,0.25356451048413964
test-6317,0.0812716491476413
test-63170,0.13297106321027036
test-63171,0.0669392073111586
test-63172,0.1394463013726253
test-63173,0.05944911110520816
test-63174,0.027210846902983043
test-63175,0.2306274228999805
test-63176,0.2200212952289043
test-63177,0.16213460539914118
test-63178,0.02708100298546086
test-63179,0.19005744897384064
test-6318,0.3394197772491761
test-63180,0.047993435583829194
test-63181,0.08563143944380185
test-63182,0.011369611807106113
test-63183,0.006965918726651662
test-63184,0.013341016380945094
test-63185,0.027919857816104964
test-63186,0.10702532161167942
test-63187,0.014305622870085024
test-63188,0.023050264000712715
test-63189,0.04051182369827448
test-6319,0.027808882727301604
test-63190,0.03169633638307666
test-63191,0.12663596937894922
test-63192,0.012140693670520043
test-63193,0.10158746030495201
test-63194,0.1733962857891142
test-63195,0.02778120580274819
test-63196,0.017691556089458178
test-63197,0.04252105837468247
test-63198,0.028270501462799077
test-63199,0.07196905103920742
test-632,0.013589089189336127
test-6320,0.022618860858467947
test-63200,0.09860381645007209
test-63201,0.01625562670340442
test-63202,0.011452462859885637
test-63203,0.08280798444089976
test-63204,0.1422212832220811
test-63205,0.031248011000024393
test-63206,0.014448990240790775
test-63207,0.12663596937894922
test-63208,0.023609233121452064
test-63209,0.15520619098112817
test-6321,0.0776338210736071
test-63210,0.014449910333591312
test-63211,0.017503348817284443
test-63212,0.3328253372369291
test-63213,0.014390477085816452
test-63214,0.01750283552461681
test-63215,0.11476285985135723
test-63216,0.13639443212839403
test-63217,0.022185549664788584
test-63218,0.04337936045731193
test-63219,0.028458453730877062
test-6322,0.04986379918141382
test-63220,0.10812230317096443
test-63221,0.0740439190009027
test-63222,0.01994694992344191
test-63223,0.018192800637085577
test-63224,0.029495109690962862
test-63225,0.03950915470502685
test-63226,0.018863917734587125
test-63227,0.20428309499299127
test-63228,0.034214966741507605
test-63229,0.02005687789976367
test-6323,0.03667886671461944
test-63230,0.029136366848463335
test-63231,0.15484583134881447
test-63232,0.030871925735887706
test-63233,0.012138647860096222
test-63234,0.04154351699599006
test-63235,0.021966478712909368
test-63236,0.08580692692542052
test-63237,0.04744836284985823
test-63238,0.04711572795901225
test-63239,0.012501386521213152
test-6324,0.030814784197076898
test-63240,0.012332165990304001
test-63241,0.21241413509786766
test-63242,0.12306240883824189
test-63243,0.046220016847492044
test-63244,0.016761518485676814
test-63245,0.06721393631980155
test-63246,0.01605573450148317
test-63247,0.009731714640271743
test-63248,0.197286025661373
test-63249,0.2290633232194293
test-6325,0.012060953534119432
test-63250,0.2274938816435349
test-63251,0.14433016371234386
test-63252,0.28789486696042543
test-63253,0.011575823414916548
test-63254,0.1468500474214099
test-63255,0.015613065733444302
test-63256,0.021158894719967205
test-63257,0.021364705431531305
test-63258,0.21435462393993437
test-63259,0.045339575732628985
test-6326,0.05339862071765836
test-63260,0.02673212915067041
test-63261,0.012615023098154475
test-63262,0.032210734184143434
test-63263,0.16359308969793676
test-63264,0.198189735839179
test-63265,0.04986199036409564
test-63266,0.04210271564488295
test-63267,0.013856056846601319
test-63268,0.04526910096224766
test-63269,0.01032595420389179
test-6327,0.12028637183817396
test-63270,0.016197340802107336
test-63271,0.015736706096741205
test-63272,0.07645385644964739
test-63273,0.0174100698307908
test-63274,0.033647018095335636
test-63275,0.05098620884552241
test-63276,0.0668255993662337
test-63277,0.03776234767605605
test-63278,0.0193413577146133
test-63279,0.0669392073111586
test-6328,0.11620897729365597
test-63280,0.02647708276761423
test-63281,0.050091719700375625
test-63282,0.0942201075608026
test-63283,0.12796851635119139
test-63284,0.15688820457837926
test-63285,0.018300473882548584
test-63286,0.15692111493165603
test-63287,0.014941659125485982
test-63288,0.2103871678975931
test-63289,0.1886044426527913
test-6329,0.016872347888645247
test-63290,0.05339307069340168
test-63291,0.07154554671561687
test-63292,0.09935030145420644
test-63293,0.014269314620759114
test-63294,0.00879925604994603
test-63295,0.08658411876272451
test-63296,0.12247214192849996
test-63297,0.012864146429992252
test-63298,0.0846182167635542
test-63299,0.01897516057651053
test-633,0.06678838109694833
test-6330,0.016653392056370356
test-63300,0.0846182167635542
test-63301,0.028422684100626427
test-63302,0.02002719514988115
test-63303,0.16021311712213607
test-63304,0.010541301810370874
test-63305,0.039334936672419
test-63306,0.012086569617964112
test-63307,0.19250888014926126
test-63308,0.18371703944712164
test-63309,0.23457797896220875
test-6331,0.27730521165044475
test-63310,0.12663596937894922
test-63311,0.02034998432452187
test-63312,0.20641873863306942
test-63313,0.16913142050694852
test-63314,0.009737578862190954
test-63315,0.009813630732514084
test-63316,0.22472014681610933
test-63317,0.0359500095030345
test-63318,0.08676426786931425
test-63319,0.01110268552563144
test-6332,0.25788273733967376
test-63320,0.03240283995213259
test-63321,0.017384987965574222
test-63322,0.19930351692350912
test-63323,0.14405497192086064
test-63324,0.021207294823455947
test-63325,0.014561595977396728
test-63326,0.014835813658905626
test-63327,0.3212210543192243
test-63328,0.03908761153701232
test-63329,0.02026538891657556
test-6333,0.06142488525316237
test-63330,0.1652572321825254
test-63331,0.02746932235708438
test-63332,0.017843908725871247
test-63333,0.017774797990592135
test-63334,0.022619607015211367
test-63335,0.033767770849542925
test-63336,0.08819098012875183
test-63337,0.3638368426405929
test-63338,0.38525091632176484
test-63339,0.036198202697409525
test-6334,0.2747351236365553
test-63340,0.012256559785211393
test-63341,0.03803863208084566
test-63342,0.1545066769758906
test-63343,0.037383678677083004
test-63344,0.02744644130060719
test-63345,0.25541852355787653
test-63346,0.009911654554493981
test-63347,0.2640580985112414
test-63348,0.2608606113982203
test-63349,0.022038628002914187
test-6335,0.08598317058598526
test-63350,0.007692118412331058
test-63351,0.022854551834191744
test-63352,0.11585766931797682
test-63353,0.01709681777950922
test-63354,0.03496275090114055
test-63355,0.2255233688766979
test-63356,0.19632024349265403
test-63357,0.011996300655044008
test-63358,0.035636608854265645
test-63359,0.19033598650245237
test-6336,0.008446781035898321
test-63360,0.052587175427313934
test-63361,0.1970354257907757
test-63362,0.058721088489083306
test-63363,0.0290986600926644
test-63364,0.009911670187777492
test-63365,0.05096561615981184
test-63366,0.04252105837468247
test-63367,0.033033190567207805
test-63368,0.0257151619395022
test-63369,0.0846182167635542
test-6337,0.16799758799036305
test-63370,0.004594434493915799
test-63371,0.0645239754109495
test-63372,0.26353985757282683
test-63373,0.020455168067087144
test-63374,0.012966314951690363
test-63375,0.1521103761092742
test-63376,0.12587566059914065
test-63377,0.01634436068830537
test-63378,0.06747998805569741
test-63379,0.22556404999254917
test-6338,0.08219192647824698
test-63380,0.020933930223910758
test-63381,0.07896917855603469
test-63382,0.06593429208534961
test-63383,0.021879323658064984
test-63384,0.17004503814373298
test-63385,0.1425958352099339
test-63386,0.0403472807698928
test-63387,0.05339307069340168
test-63388,0.013970983314049957
test-63389,0.01173901088197153
test-6339,0.07958009128105223
test-63390,0.014868816317503579
test-63391,0.07896886305700196
test-63392,0.007540409157914677
test-63393,0.12534820450574038
test-63394,0.16252832673627235
test-63395,0.07896917855603469
test-63396,0.05676469096338048
test-63397,0.022760114270935425
test-63398,0.24845578639910654
test-63399,0.1869862259410365
test-634,0.39051936758516415
test-6340,0.009271913641416527
test-63400,0.10756186062078496
test-63401,0.012256559785211393
test-63402,0.07958009128105223
test-63403,0.05804819267264902
test-63404,0.018134385938443076
test-63405,0.1538341058310007
test-63406,0.026612737656420443
test-63407,0.014538055400504315
test-63408,0.04444747360192003
test-63409,0.03289453182636228
test-6341,0.05725299363210824
test-63410,0.11028179695303904
test-63411,0.21341975735733565
test-63412,0.061577899304617906
test-63413,0.05639989946247313
test-63414,0.0830907658366152
test-63415,0.12478074713329909
test-63416,0.014693127423763021
test-63417,0.04484820883364802
test-63418,0.014171599588951339
test-63419,0.023226343409104712
test-6342,0.2322538863183231
test-63420,0.018879412373820223
test-63421,0.1657013186834414
test-63422,0.07436811730532213
test-63423,0.036889280479345116
test-63424,0.10634851154105945
test-63425,0.01563368312666278
test-63426,0.0173229907695282
test-63427,0.017159711865667466
test-63428,0.11805174645519834
test-63429,0.034462792400414846
test-6343,0.09787796055403811
test-63430,0.04350718906522587
test-63431,0.23179260198121526
test-63432,0.39357129843335287
test-63433,0.02712610431248483
test-63434,0.04430311119103017
test-63435,0.01270779351846471
test-63436,0.025537596321444547
test-63437,0.09842248958499943
test-63438,0.11384820727371332
test-63439,0.32095928035729226
test-6344,0.17363701072407922
test-63440,0.13775918575813118
test-63441,0.036638687848118794
test-63442,0.011944918142142743
test-63443,0.1608134465106034
test-63444,0.1710475848236152
test-63445,0.3366006339362821
test-63446,0.06229737934275718
test-63447,0.09133812560504738
test-63448,0.012284687473794636
test-63449,0.020224854306244076
test-6345,0.020401754505120412
test-63450,0.020732097253496284
test-63451,0.04288935294060568
test-63452,0.28460899957666763
test-63453,0.06807277471988875
test-63454,0.010031706495964136
test-63455,0.04035617346349312
test-63456,0.22634297173026205
test-63457,0.02200973538904288
test-63458,0.02597948426391501
test-63459,0.019527608299482267
test-6346,0.011274809895461523
test-63460,0.04196791611099746
test-63461,0.07714289983813125
test-63462,0.09860381645007209
test-63463,0.005619340220780551
test-63464,0.29853593879533713
test-63465,0.012212469709819361
test-63466,0.09362524377549346
test-63467,0.021070242101046386
test-63468,0.012687665164335357
test-63469,0.11089421803810073
test-6347,0.11103706212382741
test-63470,0.04688163618239434
test-63471,0.31458748133394027
test-63472,0.021016266526309783
test-63473,0.008225028043409641
test-63474,0.11455278589564295
test-63475,0.10315617997009509
test-63476,0.3851508318707773
test-63477,0.11119558561177603
test-63478,0.2278873080350188
test-63479,0.03818492542503549
test-6348,0.021897757146381508
test-63480,0.010518746155886568
test-63481,0.007690952206737121
test-63482,0.010494522582037098
test-63483,0.05534185724428679
test-63484,0.0480874289899147
test-63485,0.011061380137847894
test-63486,0.17120991757720783
test-63487,0.16695447271917302
test-63488,0.13115066429993424
test-63489,0.04315587774234556
test-6349,0.091372232063747
test-63490,0.05273939999786985
test-63491,0.0384018080853708
test-63492,0.026223785775408463
test-63493,0.027927079245238663
test-63494,0.10124629685844638
test-63495,0.03284675588003683
test-63496,0.05339307069340168
test-63497,0.014082143951783267
test-63498,0.01874190623743814
test-63499,0.3677147125460941
test-635,0.044179972783737705
test-6350,0.24297744315892658
test-63500,0.040467094366994985
test-63501,0.03678708107977819
test-63502,0.13238582302652632
test-63503,0.15034905799445494
test-63504,0.3100155038108944
test-63505,0.05905990518807699
test-63506,0.018670490792297708
test-63507,0.025933464629957693
test-63508,0.2987212414715929
test-63509,0.012962765446716897
test-6351,0.19934473785386173
test-63510,0.02290775664055549
test-63511,0.014370265212633666
test-63512,0.023348696449364725
test-63513,0.08515524703619663
test-63514,0.11683174820988532
test-63515,0.19484391376107799
test-63516,0.01037120998066765
test-63517,0.2827178373490535
test-63518,0.05605694865053669
test-63519,0.1505698445299812
test-6352,0.11908997932850894
test-63520,0.04346248687226705
test-63521,0.03515830205119099
test-63522,0.008091627811770152
test-63523,0.4252554837280234
test-63524,0.24532886488928154
test-63525,0.01789519939187395
test-63526,0.1523067493039368
test-63527,0.028088557607318727
test-63528,0.0708289779666321
test-63529,0.033840128205900766
test-6353,0.0441347091557929
test-63530,0.03587065921665394
test-63531,0.023198068481741014
test-63532,0.011201630439494577
test-63533,0.03558490301932406
test-63534,0.011048626247993416
test-63535,0.016963547846649035
test-63536,0.014947859004726862
test-63537,0.010330253169077222
test-63538,0.027411861059391824
test-63539,0.05019888910544245
test-6354,0.05053106596559426
test-63540,0.03253783055702789
test-63541,0.02827493625296393
test-63542,0.0732858674232542
test-63543,0.018578074274800804
test-63544,0.16695447271917302
test-63545,0.38085749940731467
test-63546,0.044899840311769815
test-63547,0.3081715698683709
test-63548,0.06476781465119673
test-63549,0.03301411209743846
test-6355,0.07225503336378239
test-63550,0.06983136155849988
test-63551,0.16619171736368638
test-63552,0.02219203877809643
test-63553,0.010648486895899876
test-63554,0.04526910096224766
test-63555,0.029844991400927733
test-63556,0.010811739850351514
test-63557,0.32072693085634246
test-63558,0.013129317485540352
test-63559,0.03171851916311565
test-6356,0.05747903744803935
test-63560,0.02018959285876929
test-63561,0.011454542336213415
test-63562,0.32072693085634246
test-63563,0.027053410231467203
test-63564,0.01283721760830263
test-63565,0.030259491622325226
test-63566,0.009950890378935208
test-63567,0.08604537925275636
test-63568,0.18818656064677738
test-63569,0.09787796055403811
test-6357,0.030278865357535004
test-63570,0.21845128988706813
test-63571,0.20827235291093912
test-63572,0.15674930040640309
test-63573,0.022793697500109907
test-63574,0.1912979688573988
test-63575,0.14890982847750664
test-63576,0.025557467738463034
test-63577,0.015531317249093082
test-63578,0.012910180486455822
test-63579,0.12660538776477676
test-6358,0.046219069214379405
test-63580,0.03563965779772
test-63581,0.33754593629652924
test-63582,0.01402542103212214
test-63583,0.016408623453446604
test-63584,0.027917145507895185
test-63585,0.014233143975674661
test-63586,0.08890115724917734
test-63587,0.04992602504619911
test-63588,0.025511072772484517
test-63589,0.08566667429885282
test-6359,0.025677363576311098
test-63590,0.25092815187587264
test-63591,0.05946440084054051
test-63592,0.04522250991065696
test-63593,0.08455210142664883
test-63594,0.03583935805387059
test-63595,0.011640964237807553
test-63596,0.12620349011931686
test-63597,0.02469990664439859
test-63598,0.09873225759295305
test-63599,0.05169662320875171
test-636,0.12743193538800532
test-6360,0.026265187836556132
test-63600,0.1145632318137381
test-63601,0.15932018819903493
test-63602,0.09868130861170114
test-63603,0.04815304499224502
test-63604,0.16695447271917302
test-63605,0.05339307069340168
test-63606,0.06803412447426488
test-63607,0.09634025038348075
test-63608,0.017949803685674462
test-63609,0.11122796654958488
test-6361,0.0510634465736328
test-63610,0.19933954200030096
test-63611,0.10671887878101015
test-63612,0.0694111238041309
test-63613,0.048549661838805096
test-63614,0.020533235383096503
test-63615,0.015270036849865899
test-63616,0.012774625084151529
test-63617,0.1984354209455435
test-63618,0.022267060720536504
test-63619,0.01571713686241979
test-6362,0.10398483167253961
test-63620,0.013405773356116979
test-63621,0.0324263320067014
test-63622,0.013215195551195593
test-63623,0.009504688015075674
test-63624,0.026194244372384243
test-63625,0.1368649914274016
test-63626,0.0669392073111586
test-63627,0.12819412947753134
test-63628,0.014023982309401798
test-63629,0.008530755659926417
test-6363,0.009644095471519582
test-63630,0.01662650498309106
test-63631,0.043895529348978314
test-63632,0.030438002334453658
test-63633,0.008443481737337723
test-63634,0.03728642737124618
test-63635,0.05760371382046642
test-63636,0.01143944872613681
test-63637,0.04286898552785605
test-63638,0.20061745689195498
test-63639,0.08436850079413662
test-6364,0.025030334970221255
test-63640,0.14287650435121627
test-63641,0.025642942930657307
test-63642,0.026710894036318475
test-63643,0.021551940215317436
test-63644,0.024136705246332664
test-63645,0.13415073123759313
test-63646,0.034875457747988434
test-63647,0.05044489152265099
test-63648,0.06410634004921617
test-63649,0.0057313315130603825
test-6365,0.019588518555058956
test-63650,0.020269008109324818
test-63651,0.02111710949031272
test-63652,0.12645951679402603
test-63653,0.021193783638536322
test-63654,0.1930602316482168
test-63655,0.14447979133401595
test-63656,0.1230591772058676
test-63657,0.11725728435292251
test-63658,0.28153257195100617
test-63659,0.054383814054529786
test-6366,0.1131544532039118
test-63660,0.27016283422729853
test-63661,0.05149197210644582
test-63662,0.11364279010462254
test-63663,0.030927513329239965
test-63664,0.07771558515616006
test-63665,0.0776467391459096
test-63666,0.0088223444170915
test-63667,0.062442156317121814
test-63668,0.019425183810511507
test-63669,0.14816994854251106
test-6367,0.1818838207602828
test-63670,0.04733710555713483
test-63671,0.06438639910335942
test-63672,0.03808926221621729
test-63673,0.03533209588503597
test-63674,0.008573401587560446
test-63675,0.15548325308621216
test-63676,0.04286233860186598
test-63677,0.05487776745599645
test-63678,0.1387564677932596
test-63679,0.04541542192532661
test-6368,0.11675886107725185
test-63680,0.02729438341543402
test-63681,0.07420175824613516
test-63682,0.23946769265153486
test-63683,0.011803246860551822
test-63684,0.16394766534960878
test-63685,0.01445277785067024
test-63686,0.09240245396379726
test-63687,0.14080926978117908
test-63688,0.11992865485900006
test-63689,0.06613128233036399
test-6369,0.021340410030459812
test-63690,0.02235936291504653
test-63691,0.05339307069340168
test-63692,0.022438608640854944
test-63693,0.018814467223500275
test-63694,0.01780377479900179
test-63695,0.06988811538137597
test-63696,0.010872206871221637
test-63697,0.04624379950413418
test-63698,0.1247282384843349
test-63699,0.02602626549708631
test-637,0.04744836284985823
test-6370,0.013891963986724137
test-63700,0.15777845409324973
test-63701,0.13788854016326016
test-63702,0.07896917855603469
test-63703,0.12460507488050093
test-63704,0.3949786425969553
test-63705,0.2757033733049531
test-63706,0.05013060286326647
test-63707,0.17511512327407003
test-63708,0.007526720686486233
test-63709,0.005144046442246976
test-6371,0.03117976398146068
test-63710,0.0944500804819671
test-63711,0.04281709974455204
test-63712,0.010676955080578423
test-63713,0.049839776299304424
test-63714,0.02831429583265895
test-63715,0.034372508193812705
test-63716,0.016703117619662717
test-63717,0.05999982681861188
test-63718,0.18691324053458
test-63719,0.19900852953806641
test-6372,0.2255679214337096
test-63720,0.0776563492531748
test-63721,0.16511226861719555
test-63722,0.01642731998202158
test-63723,0.09285857753789148
test-63724,0.09710790502582296
test-63725,0.11558808405770943
test-63726,0.006120471617664632
test-63727,0.03182570574720664
test-63728,0.14803251656940444
test-63729,0.03458818245370021
test-6373,0.315107226151039
test-63730,0.03163018858995262
test-63731,0.14775986835186775
test-63732,0.37559642686642
test-63733,0.027361150464776315
test-63734,0.014331144642753682
test-63735,0.22214852364080281
test-63736,0.06905009605311695
test-63737,0.14442285885929715
test-63738,0.08651627012986852
test-63739,0.021641768220666394
test-6374,0.007767843001995947
test-63740,0.08855195248732263
test-63741,0.09231870597344345
test-63742,0.012239160401159762
test-63743,0.1608708523614883
test-63744,0.022548562781945967
test-63745,0.02491280777545257
test-63746,0.013449274926769263
test-63747,0.007944212103135664
test-63748,0.014675783144617061
test-63749,0.18049235318350335
test-6375,0.021430538357508053
test-63750,0.049335267081321535
test-63751,0.024084975400967025
test-63752,0.1313395705021038
test-63753,0.029974354452129263
test-63754,0.018806080927411
test-63755,0.013080221789174201
test-63756,0.13583430479645828
test-63757,0.05608161125235809
test-63758,0.0448271636538759
test-63759,0.15446344753695251
test-6376,0.04414144036815126
test-63760,0.01840281782561253
test-63761,0.12924897352087156
test-63762,0.20737734328226967
test-63763,0.06247177855193048
test-63764,0.024906022094315486
test-63765,0.02247334183110466
test-63766,0.026424429060477466
test-63767,0.01999216076612873
test-63768,0.30902669917001296
test-63769,0.026629161779830143
test-6377,0.07666413761860694
test-63770,0.01259328817759159
test-63771,0.015579011429697804
test-63772,0.07859197714629405
test-63773,0.04526910096224766
test-63774,0.019750100620857008
test-63775,0.15398960895504243
test-63776,0.12024619034702431
test-63777,0.1750302864350343
test-63778,0.07859197714629405
test-63779,0.026170963960814444
test-6378,0.15506810989390019
test-63780,0.012999350849648551
test-63781,0.17229336901275966
test-63782,0.08175930512140497
test-63783,0.008761809273244834
test-63784,0.15434614857410742
test-63785,0.2251556758591511
test-63786,0.06613128233036399
test-63787,0.05223331370605016
test-63788,0.022451725850246962
test-63789,0.03226632130868415
test-6379,0.09787796055403811
test-63790,0.17097343461278933
test-63791,0.19580106384605983
test-63792,0.021453750321230494
test-63793,0.01978070731793125
test-63794,0.01220417273923821
test-63795,0.16955325717680142
test-63796,0.025117940526778983
test-63797,0.11270097907637978
test-63798,0.05444450125870035
test-63799,0.29382590383978296
test-638,0.03966882441571814
test-6380,0.029206991536382725
test-63800,0.03329752406827819
test-63801,0.05004505839681013
test-63802,0.279406684907123
test-63803,0.25442283393946014
test-63804,0.07886389856148882
test-63805,0.022126069263948674
test-63806,0.10534888879592197
test-63807,0.1033295870703968
test-63808,0.02765235888900762
test-63809,0.011413886321069105
test-6381,0.06666744601909012
test-63810,0.025699073859528573
test-63811,0.046912432842775305
test-63812,0.09673533330374554
test-63813,0.04867956593442875
test-63814,0.1440407767155698
test-63815,0.17730094007670247
test-63816,0.197286025661373
test-63817,0.17830110687722497
test-63818,0.17561146607439831
test-63819,0.10202275932713735
test-6382,0.05147104581932746
test-63820,0.0669392073111586
test-63821,0.034906316694472084
test-63822,0.009143517798907519
test-63823,0.026309451413893476
test-63824,0.01603270439889296
test-63825,0.010042080270842076
test-63826,0.08660711854182461
test-63827,0.011155349029723446
test-63828,0.01669408619187842
test-63829,0.02131493227524228
test-6383,0.05487776745599645
test-63830,0.28077594850677035
test-63831,0.012188989371272446
test-63832,0.05900572984748775
test-63833,0.009675410811784559
test-63834,0.07284410562846595
test-63835,0.025190896889199905
test-63836,0.05019072796319182
test-63837,0.3504569714297448
test-63838,0.016010007729205362
test-63839,0.03050286291794043
test-6384,0.01291270395405198
test-63840,0.04773644069770138
test-63841,0.16824325897115652
test-63842,0.013112830426960926
test-63843,0.3159704131956289
test-63844,0.11151227888013909
test-63845,0.014696408501749225
test-63846,0.0585194159628915
test-63847,0.0045895065442009605
test-63848,0.06113169028478447
test-63849,0.004190379034869099
test-6385,0.009768115629058756
test-63850,0.04201587544696237
test-63851,0.17261752591391524
test-63852,0.08855129238180084
test-63853,0.035776021472554854
test-63854,0.019271569257165996
test-63855,0.08380861972902044
test-63856,0.0407224374969349
test-63857,0.02723934569235277
test-63858,0.1424455291770036
test-63859,0.205625991011511
test-6386,0.01742396821311588
test-63860,0.03796407644338692
test-63861,0.14169582702171984
test-63862,0.05262855009831404
test-63863,0.0070403749143351756
test-63864,0.057400412512490874
test-63865,0.2727501533416776
test-63866,0.15127769590815743
test-63867,0.1990131192734547
test-63868,0.210649272390982
test-63869,0.029235299415940094
test-6387,0.027045551278525204
test-63870,0.043662103635192726
test-63871,0.053250413113739035
test-63872,0.24445610208996965
test-63873,0.07324343561030845
test-63874,0.021945850012933033
test-63875,0.14564907175744427
test-63876,0.061577899304617906
test-63877,0.04079984859964506
test-63878,0.3279873329593428
test-63879,0.14215827304639675
test-6388,0.09476964158454305
test-63880,0.04888121871455033
test-63881,0.06855072318768757
test-63882,0.05003697088968722
test-63883,0.04720074347774622
test-63884,0.011302577213881638
test-63885,0.019266145932857248
test-63886,0.02302992929773497
test-63887,0.17724190655096678
test-63888,0.12624347395843794
test-63889,0.01479045904874158
test-6389,0.3951689071688702
test-63890,0.024316122549215315
test-63891,0.016862543893116696
test-63892,0.12951355568067852
test-63893,0.015635389854133624
test-63894,0.18684711651933592
test-63895,0.026217246561048187
test-63896,0.017808423708689212
test-63897,0.13138464395203975
test-63898,0.008348971992885135
test-63899,0.028747215902649857
test-639,0.08723666399312696
test-6390,0.2544246848630486
test-63900,0.010269659278003915
test-63901,0.09994754120015127
test-63902,0.14154259017015605
test-63903,0.0054812325198093596
test-63904,0.24490875184542119
test-63905,0.0257016321274621
test-63906,0.010742044642731983
test-63907,0.07274523378288573
test-63908,0.4308325754206156
test-63909,0.04002990845528347
test-6391,0.09984521867913673
test-63910,0.023462041809312658
test-63911,0.05648856712038174
test-63912,0.21584981523322402
test-63913,0.3937301534634637
test-63914,0.12197455496128475
test-63915,0.04792925474825192
test-63916,0.15366506972771934
test-63917,0.030093881793187602
test-63918,0.039167397560375246
test-63919,0.46676555947724474
test-6392,0.01687257062938718
test-63920,0.1543693773528168
test-63921,0.02045638604416034
test-63922,0.0669392073111586
test-63923,0.03089672296328437
test-63924,0.03849385307396757
test-63925,0.20140258675403153
test-63926,0.29827120591249473
test-63927,0.018291632448953467
test-63928,0.03920589757650944
test-63929,0.02489113995617877
test-6393,0.10884330960623143
test-63930,0.021253415089233584
test-63931,0.02824621410715333
test-63932,0.009883207207340289
test-63933,0.02084782803714342
test-63934,0.1857713215252583
test-63935,0.021390896090839925
test-63936,0.02410318272274495
test-63937,0.17993661485296195
test-63938,0.026135107325531617
test-63939,0.025377890692986117
test-6394,0.04343607527504736
test-63940,0.22612689375992398
test-63941,0.07031212180226938
test-63942,0.016160909900064323
test-63943,0.013736452639970358
test-63944,0.02436531142295488
test-63945,0.13643503968068646
test-63946,0.03251977409057509
test-63947,0.021418160202072288
test-63948,0.025095367257880977
test-63949,0.1587043041257998
test-6395,0.13014836916621247
test-63950,0.010470971584594582
test-63951,0.05339307069340168
test-63952,0.10043716920552258
test-63953,0.17442743637469132
test-63954,0.015335452776096044
test-63955,0.010008549488248161
test-63956,0.11389228970212582
test-63957,0.32993703958256637
test-63958,0.04026153148235053
test-63959,0.011483970387803999
test-6396,0.0669392073111586
test-63960,0.13467564020783318
test-63961,0.09813470293918841
test-63962,0.07155736569013475
test-63963,0.015442720032728003
test-63964,0.07512180394517347
test-63965,0.016089615059345377
test-63966,0.19866749682016518
test-63967,0.016955077342553023
test-63968,0.029168923349736666
test-63969,0.04238135390011061
test-6397,0.020570938945540553
test-63970,0.06566457790675438
test-63971,0.1398817640174991
test-63972,0.022795223380139833
test-63973,0.10022332301988479
test-63974,0.07896917855603469
test-63975,0.31113149364478704
test-63976,0.017562706196942193
test-63977,0.031573277611457166
test-63978,0.014663331218710903
test-63979,0.024034952624335085
test-6398,0.016004850654526465
test-63980,0.03211517769577638
test-63981,0.024158769944670533
test-63982,0.013075058165898268
test-63983,0.17645226684991447
test-63984,0.016262454317031383
test-63985,0.16695447271917302
test-63986,0.022213787311503665
test-63987,0.22533113340091912
test-63988,0.038320231681002265
test-63989,0.028146556194189813
test-6399,0.051529928222320276
test-63990,0.032285215908022157
test-63991,0.3197481364403251
test-63992,0.022092657526893513
test-63993,0.020470315615544424
test-63994,0.1774917128804913
test-63995,0.011175095662616985
test-63996,0.15983653398723804
test-63997,0.07290573029703791
test-63998,0.03309721077911543
test-63999,0.08219192647824698
test-64,0.01860123221164605
test-640,0.026898771354934247
test-6400,0.06381367375084455
test-64000,0.16129912792218193
test-64001,0.016552352860183653
test-64002,0.03958471858137933
test-64003,0.08236541236715608
test-64004,0.023661627701113665
test-64005,0.0846182167635542
test-64006,0.012832934875555712
test-64007,0.2873942011669597
test-64008,0.02605410742465868
test-64009,0.3136040974364507
test-6401,0.018487811456801444
test-64010,0.04811911069779162
test-64011,0.04954854798503244
test-64012,0.07034808348152621
test-64013,0.1944346418129891
test-64014,0.026573036685805806
test-64015,0.08069144865654489
test-64016,0.05952588119390986
test-64017,0.07896917855603469
test-64018,0.15606644745006223
test-64019,0.013876298874662227
test-6402,0.08752019470863416
test-64020,0.005222795098780765
test-64021,0.013771722108761875
test-64022,0.25835332586042387
test-64023,0.07273063380885392
test-64024,0.1948301644536835
test-64025,0.197286025661373
test-64026,0.09787796055403811
test-64027,0.17792071961420752
test-64028,0.027578681697706088
test-64029,0.07240425457499185
test-6403,0.15297958678898352
test-64030,0.010593657676253705
test-64031,0.035900133692643325
test-64032,0.023567153666158188
test-64033,0.00900513510810355
test-64034,0.15684860910073448
test-64035,0.041525441460422266
test-64036,0.15224806965322044
test-64037,0.1586802256377835
test-64038,0.03058419875184599
test-64039,0.13632316857259644
test-6404,0.019194241620959937
test-64040,0.076181040955055
test-64041,0.3034825355251072
test-64042,0.07261804761000458
test-64043,0.036567354999493824
test-64044,0.07658082860715502
test-64045,0.09394507126896243
test-64046,0.03561740012049894
test-64047,0.08008786305083729
test-64048,0.046009648738188004
test-64049,0.17028046885636064
test-6405,0.1398817640174991
test-64050,0.01707170734587753
test-64051,0.024103734686652254
test-64052,0.12243170848415845
test-64053,0.06725519047539667
test-64054,0.03353878877425753
test-64055,0.383538232856317
test-64056,0.22203091064142907
test-64057,0.18684711651933592
test-64058,0.21483952361366657
test-64059,0.024700854350667423
test-6406,0.21509046495724332
test-64060,0.031935940017356425
test-64061,0.04475351461529831
test-64062,0.08469207989574525
test-64063,0.011879989203129944
test-64064,0.2298700891085518
test-64065,0.2062000166813161
test-64066,0.036233388317089124
test-64067,0.010019288567208913
test-64068,0.11709343371842393
test-64069,0.013417176795123987
test-6407,0.02627425038867897
test-64070,0.2660453892532529
test-64071,0.029160050309133646
test-64072,0.19282165586782693
test-64073,0.02878058672124324
test-64074,0.01929892800694591
test-64075,0.05425209259681171
test-64076,0.04892144721250467
test-64077,0.01292390989101037
test-64078,0.23641577367406133
test-64079,0.17839559737897584
test-6408,0.26099292296569615
test-64080,0.09673533330374554
test-64081,0.015409579903010936
test-64082,0.361810145367959
test-64083,0.013827653683005215
test-64084,0.08859236866885901
test-64085,0.2073597231977612
test-64086,0.059501922873155644
test-64087,0.04602675104607365
test-64088,0.010559536056300342
test-64089,0.05036349939759588
test-6409,0.032378659605434186
test-64090,0.014374111142187316
test-64091,0.058610721899327686
test-64092,0.01491413843630841
test-64093,0.0634485361400959
test-64094,0.03159133843587275
test-64095,0.047898925950176925
test-64096,0.11607553849948815
test-64097,0.015885712761223716
test-64098,0.07897587687950618
test-64099,0.01934157002365852
test-641,0.021137227181848194
test-6410,0.10734935386822868
test-64100,0.2732937175129906
test-64101,0.34223675852065555
test-64102,0.1581663100373892
test-64103,0.06819473966114212
test-64104,0.22996847128818868
test-64105,0.12360514666466839
test-64106,0.01173977764882342
test-64107,0.1881393451955648
test-64108,0.022988015896925743
test-64109,0.09017556928306354
test-6411,0.1313395705021038
test-64110,0.04002990845528347
test-64111,0.014023199470165192
test-64112,0.01635543870745204
test-64113,0.21259497656533566
test-64114,0.04676311622941416
test-64115,0.03659731571845612
test-64116,0.05381620187223081
test-64117,0.041136733762333344
test-64118,0.19569988327226073
test-64119,0.2245864340368646
test-6412,0.0550099059650859
test-64120,0.1499573958001352
test-64121,0.1838812754828093
test-64122,0.0669392073111586
test-64123,0.18889237071174927
test-64124,0.24442855223239152
test-64125,0.01804811351721556
test-64126,0.007699264228433844
test-64127,0.01914087891562523
test-64128,0.017784828409473978
test-64129,0.015054913135641475
test-6413,0.0480983288077847
test-64130,0.12460507488050093
test-64131,0.10011865560534153
test-64132,0.0836160361599026
test-64133,0.012625180328794458
test-64134,0.18877797228648707
test-64135,0.2724693040327666
test-64136,0.12754813900245587
test-64137,0.06430660063827745
test-64138,0.0846182167635542
test-64139,0.36236518796272793
test-6414,0.15965449062459794
test-64140,0.08676426786931425
test-64141,0.01909098000130147
test-64142,0.03356488436068827
test-64143,0.011155002689389619
test-64144,0.03255878156021958
test-64145,0.07825714499228684
test-64146,0.06626198487452521
test-64147,0.09742076696274313
test-64148,0.22605038392667867
test-64149,0.21932071691327332
test-6415,0.17681491731004878
test-64150,0.03714988897915884
test-64151,0.019156993182775077
test-64152,0.04214112178898388
test-64153,0.08091840458510943
test-64154,0.019379221984116724
test-64155,0.00809666087282529
test-64156,0.260174865823257
test-64157,0.021042058785937758
test-64158,0.1596981624189633
test-64159,0.032831243968955114
test-6416,0.12137488932291944
test-64160,0.12348971203771407
test-64161,0.031046298679188494
test-64162,0.06853302075787376
test-64163,0.017375498787785673
test-64164,0.19090988532406986
test-64165,0.018016953083464498
test-64166,0.03345642281239137
test-64167,0.11393945952564928
test-64168,0.06164427346577812
test-64169,0.2082119421641473
test-6417,0.07597101430311462
test-64170,0.09634025038348075
test-64171,0.03192747044490721
test-64172,0.014761748814177982
test-64173,0.2891269478585082
test-64174,0.04140485772993086
test-64175,0.18536842991417432
test-64176,0.0694311981061502
test-64177,0.18595516302044024
test-64178,0.06983136155849988
test-64179,0.01749312087043599
test-6418,0.0414953855924854
test-64180,0.025340199744508612
test-64181,0.00729517901254599
test-64182,0.02023829723730323
test-64183,0.02036167163788289
test-64184,0.09385982253514215
test-64185,0.3473311046381655
test-64186,0.010810091035023832
test-64187,0.08502328257286164
test-64188,0.024059712181738396
test-64189,0.028306621692149796
test-6419,0.05208361039733355
test-64190,0.033767770849542925
test-64191,0.025613690644819505
test-64192,0.05339307069340168
test-64193,0.09621911320896186
test-64194,0.0336009464755485
test-64195,0.026026698470807675
test-64196,0.34095649543364176
test-64197,0.02875795918458332
test-64198,0.018690519065685533
test-64199,0.05089329065528092
test-642,0.08223726515293212
test-6420,0.2700978885541094
test-64200,0.09552219588713218
test-64201,0.08144354109085282
test-64202,0.010695806954700172
test-64203,0.03611663395578433
test-64204,0.006907631660412655
test-64205,0.142590971599126
test-64206,0.009828372400007057
test-64207,0.04688163618239434
test-64208,0.008457008497622605
test-64209,0.06792825084411598
test-6421,0.06058846176286019
test-64210,0.01945131748116586
test-64211,0.11551299881631531
test-64212,0.07144809744087487
test-64213,0.018918729795902794
test-64214,0.187550291619094
test-64215,0.05339307069340168
test-64216,0.02196295658120954
test-64217,0.027704177436145207
test-64218,0.16913142050694852
test-64219,0.015375917645106825
test-6422,0.028815915821677026
test-64220,0.21588310830556098
test-64221,0.023341766231779366
test-64222,0.059782492471676996
test-64223,0.1935310913935748
test-64224,0.39160688945663785
test-64225,0.03444090683418038
test-64226,0.014036889458783071
test-64227,0.006449147017562565
test-64228,0.02333058018475714
test-64229,0.17902261452809354
test-6423,0.09136601879276311
test-64230,0.04201587544696237
test-64231,0.01024817858711763
test-64232,0.05747880092639075
test-64233,0.16948764875643343
test-64234,0.030762682052362794
test-64235,0.020573138482107903
test-64236,0.021323810157429905
test-64237,0.006315660995092601
test-64238,0.07896917855603469
test-64239,0.08855448568457788
test-6424,0.10863229382433724
test-64240,0.1363167109839094
test-64241,0.10356037286271763
test-64242,0.16249604854180957
test-64243,0.029188912204367985
test-64244,0.3203868204994877
test-64245,0.016927813679975846
test-64246,0.0239457279497915
test-64247,0.19632024349265403
test-64248,0.0084752837565889
test-64249,0.011114939310934683
test-6425,0.009757508628766438
test-64250,0.08486856791573538
test-64251,0.30902669917001296
test-64252,0.018679639665580706
test-64253,0.025792120905851753
test-64254,0.01019435428557345
test-64255,0.15367575091382585
test-64256,0.016527386133751248
test-64257,0.08129432478249564
test-64258,0.0455764415975723
test-64259,0.05758776899246842
test-6426,0.03043972614228296
test-64260,0.018581200478609214
test-64261,0.04212604322347563
test-64262,0.09220543008511474
test-64263,0.06473258254976975
test-64264,0.41338463643058293
test-64265,0.017786063649330393
test-64266,0.10225662438754711
test-64267,0.03892902530013648
test-64268,0.022944535181318705
test-64269,0.025377890692986117
test-6427,0.08897640829957086
test-64270,0.2836331306421779
test-64271,0.028215527796812124
test-64272,0.009070373357416995
test-64273,0.03517840802953128
test-64274,0.06518688175134404
test-64275,0.021839262963982323
test-64276,0.11406573607985475
test-64277,0.02603801234091004
test-64278,0.023317303344771986
test-64279,0.033171180919277045
test-6428,0.010734723856108892
test-64280,0.08781294946799593
test-64281,0.009644095471519582
test-64282,0.15545841929316193
test-64283,0.0328840515884818
test-64284,0.023681136263783722
test-64285,0.033517949280683905
test-64286,0.0230214600045553
test-64287,0.01855722405330881
test-64288,0.17645226684991447
test-64289,0.02173653244790888
test-6429,0.040484922198407006
test-64290,0.1066469206291436
test-64291,0.06989588257000236
test-64292,0.030726579975955577
test-64293,0.1978089325527507
test-64294,0.04858988705980062
test-64295,0.15684649911972037
test-64296,0.03355403077527231
test-64297,0.01497030504655433
test-64298,0.1294431969315739
test-64299,0.01687131735574947
test-643,0.008637078199609112
test-6430,0.06099464978755942
test-64300,0.13808886689263694
test-64301,0.08884743158153059
test-64302,0.021554189700266443
test-64303,0.07287513663214307
test-64304,0.2970232705986067
test-64305,0.02372289305257482
test-64306,0.015134788631674116
test-64307,0.06108085344638038
test-64308,0.03491521764511512
test-64309,0.14584971832814003
test-6431,0.22005922460226426
test-64310,0.33963887115905256
test-64311,0.008418160040976607
test-64312,0.1221780144948328
test-64313,0.05015468531813707
test-64314,0.013744952712695312
test-64315,0.017704442892523476
test-64316,0.018063162925269556
test-64317,0.008581341450804065
test-64318,0.07724321830613118
test-64319,0.40051128735302255
test-6432,0.03131277220194418
test-64320,0.034462792400414846
test-64321,0.12262337692810746
test-64322,0.043820942722911066
test-64323,0.13427187521081005
test-64324,0.06794476528463178
test-64325,0.06006458078144196
test-64326,0.09787796055403811
test-64327,0.014991224733134084
test-64328,0.019733388547417307
test-64329,0.01637697474636509
test-6433,0.09433676627750225
test-64330,0.015209576103699163
test-64331,0.043736980433873814
test-64332,0.29268335947399177
test-64333,0.19735801041033657
test-64334,0.2530633364091884
test-64335,0.006750713552034971
test-64336,0.0704855610646791
test-64337,0.03356989327243176
test-64338,0.0189114761991466
test-64339,0.02881962892195619
test-6434,0.01459841897651391
test-64340,0.020507170137012535
test-64341,0.0562156097390376
test-64342,0.0358490599552976
test-64343,0.031724012156559823
test-64344,0.03297374830291221
test-64345,0.04674436193555794
test-64346,0.2777459791880765
test-64347,0.2889013679088359
test-64348,0.02566409627853916
test-64349,0.1377979397837487
test-6435,0.17758165190235015
test-64350,0.16271370298193752
test-64351,0.006202156370272178
test-64352,0.014859028780175592
test-64353,0.011171684817864626
test-64354,0.1906424383984508
test-64355,0.19209684067377417
test-64356,0.01417763350366591
test-64357,0.02372289305257482
test-64358,0.051765332970610214
test-64359,0.004908788541102812
test-6436,0.28658852668192814
test-64360,0.07896917855603469
test-64361,0.039799828744800335
test-64362,0.07896917855603469
test-64363,0.029563705255858497
test-64364,0.10088302988679923
test-64365,0.037920534296144594
test-64366,0.06803412447426488
test-64367,0.0697594879032512
test-64368,0.011871032551407975
test-64369,0.014355890117116727
test-6437,0.023792323835763997
test-64370,0.23742740367092457
test-64371,0.05958466769536481
test-64372,0.039056486816039286
test-64373,0.030787662756989423
test-64374,0.0919370635176419
test-64375,0.18107747014572564
test-64376,0.026573036685805806
test-64377,0.012471026011732026
test-64378,0.03185668945975935
test-64379,0.3063313435133902
test-6438,0.00980590120808306
test-64380,0.1255576894632305
test-64381,0.13799994062466853
test-64382,0.1797121837047857
test-64383,0.03180365866418191
test-64384,0.011369611807106113
test-64385,0.01030520617802075
test-64386,0.06122024212978874
test-64387,0.01539557613661207
test-64388,0.028913320013544436
test-64389,0.01351166205704017
test-6439,0.14856305279395865
test-64390,0.01664795609091366
test-64391,0.012055689540950097
test-64392,0.14258101860695194
test-64393,0.20692691187713486
test-64394,0.20957239821097817
test-64395,0.18748102076294998
test-64396,0.012272294748412767
test-64397,0.016283049988916717
test-64398,0.018690209706077092
test-64399,0.29296606059709185
test-644,0.054496667003789585
test-6440,0.02995403887978745
test-64400,0.05948502767961288
test-64401,0.017101028369529
test-64402,0.05339307069340168
test-64403,0.027331676450878053
test-64404,0.10135147787955867
test-64405,0.09435854111353265
test-64406,0.010168927167935977
test-64407,0.02874157781611735
test-64408,0.008644450983108795
test-64409,0.2501321357504268
test-6441,0.009408210258116128
test-64410,0.022840744924929247
test-64411,0.018970088216664648
test-64412,0.06803412447426488
test-64413,0.12524036827814317
test-64414,0.008084861121145573
test-64415,0.0268250801226429
test-64416,0.017931629013962513
test-64417,0.13556649853390698
test-64418,0.015065775204403897
test-64419,0.03291794936520425
test-6442,0.021385777999286565
test-64420,0.010031276531528261
test-64421,0.1592296126237523
test-64422,0.03392625034547449
test-64423,0.04973803027372902
test-64424,0.04602717714642892
test-64425,0.08368910446903587
test-64426,0.24489447285526275
test-64427,0.17822699084209592
test-64428,0.20244646075836434
test-64429,0.0985704559107891
test-6443,0.30887806445538424
test-64430,0.040594778584545806
test-64431,0.11920378267227875
test-64432,0.010865154306093174
test-64433,0.010901188173153123
test-64434,0.09480640797290417
test-64435,0.025663536359285172
test-64436,0.027119115577631542
test-64437,0.3328253372369291
test-64438,0.16695447271917302
test-64439,0.035009445352366636
test-6444,0.009004283206243012
test-64440,0.06803412447426488
test-64441,0.05208457129373567
test-64442,0.0077713169623850695
test-64443,0.2262887729828075
test-64444,0.11709343371842393
test-64445,0.13052173715661766
test-64446,0.021879219677398885
test-64447,0.31939396202793396
test-64448,0.007661146410324269
test-64449,0.01709123045515962
test-6445,0.02058910199698727
test-64450,0.0846182167635542
test-64451,0.07591979604265832
test-64452,0.036000005650505415
test-64453,0.02821860197224319
test-64454,0.009400240630579372
test-64455,0.028468523808741833
test-64456,0.1645130986123088
test-64457,0.07205022100044221
test-64458,0.018727467757629387
test-64459,0.007383347351553944
test-6446,0.3203868204994877
test-64460,0.07080388011510971
test-64461,0.2036029548902755
test-64462,0.028703508075175424
test-64463,0.18095167447121688
test-64464,0.06269811845995281
test-64465,0.014639547795696923
test-64466,0.03579126674944572
test-64467,0.041374009466322345
test-64468,0.016806759631969252
test-64469,0.04694035048575103
test-6447,0.023169222873179584
test-64470,0.02145900470680324
test-64471,0.39734879023310465
test-64472,0.20049436246453295
test-64473,0.3267316099443742
test-64474,0.012082731201619887
test-64475,0.1526253495954419
test-64476,0.024045553567493636
test-64477,0.09265817854904337
test-64478,0.04203722289881156
test-64479,0.03213200167692251
test-6448,0.07569448897501972
test-64480,0.02235476076526124
test-64481,0.030902619716642835
test-64482,0.14388118429679173
test-64483,0.021168903045602372
test-64484,0.06108085344638038
test-64485,0.01040195136962297
test-64486,0.01517552446226218
test-64487,0.16661008276988382
test-64488,0.06259100480523434
test-64489,0.1313445003747629
test-6449,0.055148312911940674
test-64490,0.024352350756164834
test-64491,0.09111097437743863
test-64492,0.009811551901944698
test-64493,0.044915201380825505
test-64494,0.048919590924311085
test-64495,0.0322560369895652
test-64496,0.04717267016417677
test-64497,0.08424563654730806
test-64498,0.046575692610921954
test-64499,0.17055773632563764
test-645,0.25980242509967777
test-6450,0.07321148603617267
test-64500,0.021264799040577712
test-64501,0.08925419541453347
test-64502,0.23321843101410103
test-64503,0.010752344122721014
test-64504,0.009573884586380641
test-64505,0.1269708668097791
test-64506,0.14157253052261104
test-64507,0.01448468647547538
test-64508,0.033767770849542925
test-64509,0.10107765507000721
test-6451,0.09787796055403811
test-64510,0.15995633934410647
test-64511,0.06687591078501293
test-64512,0.1368321145500669
test-64513,0.266569031448489
test-64514,0.013947373507802353
test-64515,0.012962765446716897
test-64516,0.07587995522987366
test-64517,0.014244875009878751
test-64518,0.01989419310007183
test-64519,0.1229497226581949
test-6452,0.06798931790349583
test-64520,0.28149478501355174
test-64521,0.05339307069340168
test-64522,0.25475191540903463
test-64523,0.11059647945411542
test-64524,0.028818868740263164
test-64525,0.011750161068188344
test-64526,0.2058108263634346
test-64527,0.09019622082039126
test-64528,0.006971521069376922
test-64529,0.11920240456810677
test-6453,0.008649074284065986
test-64530,0.008277239092371706
test-64531,0.07765548192385864
test-64532,0.040301740166790403
test-64533,0.17369099688985343
test-64534,0.06980830189606753
test-64535,0.0142284941322372
test-64536,0.028893147273982605
test-64537,0.009712070475105757
test-64538,0.03609783483951046
test-64539,0.23401738698643484
test-6454,0.13903661698894904
test-64540,0.11607553849948815
test-64541,0.07201303020445379
test-64542,0.174424713627795
test-64543,0.15496377164466835
test-64544,0.009079715152555132
test-64545,0.022859745894235468
test-64546,0.05114382204264083
test-64547,0.302503535824219
test-64548,0.012878492213284468
test-64549,0.02815325255873555
test-6455,0.03957797408190487
test-64550,0.06914797329153724
test-64551,0.029568743643717754
test-64552,0.0937870258290184
test-64553,0.017503348817284443
test-64554,0.011487826206458152
test-64555,0.055134278455545686
test-64556,0.014321989434331162
test-64557,0.061577899304617906
test-64558,0.013838403614823136
test-64559,0.1329494340355293
test-6456,0.10928441419957592
test-64560,0.025285066906288272
test-64561,0.11349257113818724
test-64562,0.024996454589811493
test-64563,0.17179252953535293
test-64564,0.010749644727980179
test-64565,0.04100184201971828
test-64566,0.11082772367044785
test-64567,0.22566338318647605
test-64568,0.014928778934480868
test-64569,0.026944707719614304
test-6457,0.05339307069340168
test-64570,0.045255266705098406
test-64571,0.19400108834141586
test-64572,0.0501871336267515
test-64573,0.025933348005790738
test-64574,0.34413368318641513
test-64575,0.08960005464841313
test-64576,0.07289959866881442
test-64577,0.17449732388489878
test-64578,0.25772297772782204
test-64579,0.024299934296292916
test-6458,0.07956923105483538
test-64580,0.021283913076394576
test-64581,0.02140465606746392
test-64582,0.00890628050252049
test-64583,0.14279850256918739
test-64584,0.07842831807171277
test-64585,0.017381733084624627
test-64586,0.027056204675180422
test-64587,0.013028073579298735
test-64588,0.1196049120835853
test-64589,0.05390099634952445
test-6459,0.012475270070065693
test-64590,0.2680365672110993
test-64591,0.01162002255737999
test-64592,0.02647899625979891
test-64593,0.21979638621454956
test-64594,0.07736953252942919
test-64595,0.03957797408190487
test-64596,0.2032881262300473
test-64597,0.1961060662805916
test-64598,0.05339307069340168
test-64599,0.3768373643327093
test-646,0.012075704752698844
test-6460,0.014134745138315492
test-64600,0.04049860151896432
test-64601,0.015595114850077356
test-64602,0.0765176442062777
test-64603,0.2608606113982203
test-64604,0.2167856563665008
test-64605,0.1305753118922354
test-64606,0.1398388875173638
test-64607,0.0327176475037165
test-64608,0.05478628675804692
test-64609,0.016889224916890575
test-6461,0.014089082423877452
test-64610,0.00700706710567631
test-64611,0.012323402264393843
test-64612,0.052620729686156165
test-64613,0.007325982681566174
test-64614,0.016298818066578152
test-64615,0.10115140949880579
test-64616,0.12756464018589395
test-64617,0.09894217917792562
test-64618,0.021869928143378046
test-64619,0.017999693746265477
test-6462,0.20793692899562602
test-64620,0.11607553849948815
test-64621,0.031198224452785042
test-64622,0.014715392141278802
test-64623,0.03997775468994636
test-64624,0.01698551539157077
test-64625,0.014478570649181911
test-64626,0.0669392073111586
test-64627,0.012357383145838095
test-64628,0.014780796890408746
test-64629,0.012287098800573505
test-6463,0.21856091762527333
test-64630,0.04166971932024224
test-64631,0.020730501466260202
test-64632,0.10668265885156561
test-64633,0.08085779403150305
test-64634,0.03182330756027121
test-64635,0.015249120472991156
test-64636,0.17527146102638022
test-64637,0.11590398180242344
test-64638,0.08788120190007584
test-64639,0.05088496758781998
test-6464,0.016286498275828565
test-64640,0.02343213407818511
test-64641,0.00841049815675855
test-64642,0.010823358649941982
test-64643,0.022209627035791556
test-64644,0.09787796055403811
test-64645,0.10459858811366371
test-64646,0.008443481737337723
test-64647,0.01517812546061999
test-64648,0.0669392073111586
test-64649,0.07154554671561687
test-6465,0.35303488018141055
test-64650,0.010700744377942424
test-64651,0.01905678263885777
test-64652,0.19606162653486098
test-64653,0.00899916137985698
test-64654,0.2129752933442284
test-64655,0.07973965277242508
test-64656,0.0718157741582137
test-64657,0.020249733519300744
test-64658,0.011848033737717215
test-64659,0.03603346038149868
test-6466,0.1769933518755625
test-64660,0.0060025158553387095
test-64661,0.019600395212878947
test-64662,0.09832135480608803
test-64663,0.04054485704662308
test-64664,0.015602907059892345
test-64665,0.05641087824844124
test-64666,0.26709465559588547
test-64667,0.07676795282752241
test-64668,0.023960406355158018
test-64669,0.02558887863721941
test-6467,0.017905267515514318
test-64670,0.04176654903424682
test-64671,0.013444946971638425
test-64672,0.07412945889798178
test-64673,0.014236254045695975
test-64674,0.05328294783986321
test-64675,0.08962400567994712
test-64676,0.01539557613661207
test-64677,0.07861686603511328
test-64678,0.021853663875536236
test-64679,0.06814244713805528
test-6468,0.136479096762394
test-64680,0.11187029402100802
test-64681,0.03553926042762737
test-64682,0.08646582555188921
test-64683,0.0983207130074073
test-64684,0.09618307027181106
test-64685,0.11398753701896212
test-64686,0.10982853565044759
test-64687,0.120796609442797
test-64688,0.043116679364286314
test-64689,0.03912811486326923
test-6469,0.06611019618936939
test-64690,0.3181656467829937
test-64691,0.25197854248596036
test-64692,0.026372372374516787
test-64693,0.02149176171952123
test-64694,0.19114805784386074
test-64695,0.014389254890034125
test-64696,0.19394137390640206
test-64697,0.09962040147161716
test-64698,0.19497672662939394
test-64699,0.04157297110658382
test-647,0.1860096838086854
test-6470,0.011019883328711356
test-64700,0.020753684162367156
test-64701,0.07799933693556027
test-64702,0.24812243686550975
test-64703,0.1630252958546963
test-64704,0.07321148603617267
test-64705,0.1297734406506209
test-64706,0.23742740367092457
test-64707,0.08892510553576406
test-64708,0.10612399559138161
test-64709,0.07564187602682827
test-6471,0.24601973892946674
test-64710,0.02661262545862471
test-64711,0.013222090821720005
test-64712,0.1404885618838519
test-64713,0.024738601156968628
test-64714,0.15344297315294375
test-64715,0.02157097729009983
test-64716,0.16197392707209135
test-64717,0.036592687707977335
test-64718,0.021264854817552598
test-64719,0.14542668351947677
test-6472,0.18687356281017262
test-64720,0.009657044972116611
test-64721,0.14842351771471976
test-64722,0.013767471691053006
test-64723,0.0384944006442071
test-64724,0.02807505648520358
test-64725,0.06897107603830833
test-64726,0.035599699101802676
test-64727,0.017807902641609526
test-64728,0.197286025661373
test-64729,0.17645226684991447
test-6473,0.16667729645461543
test-64730,0.11189577028082993
test-64731,0.014018915541727177
test-64732,0.39427979348673103
test-64733,0.07896917855603469
test-64734,0.2522463380285739
test-64735,0.09277280204836906
test-64736,0.029808801572631983
test-64737,0.07278892182117214
test-64738,0.014674848613888394
test-64739,0.15164355656214898
test-6474,0.05910806212760864
test-64740,0.03697209103170249
test-64741,0.02160449127490314
test-64742,0.006250531289235153
test-64743,0.14668793417307008
test-64744,0.014946540170299914
test-64745,0.011252025536416336
test-64746,0.32072693085634246
test-64747,0.021865609432450285
test-64748,0.034479997223566254
test-64749,0.17684880056906702
test-6475,0.016229938928545892
test-64750,0.3212646039161301
test-64751,0.08028124321095755
test-64752,0.048092654295266886
test-64753,0.0792568634389713
test-64754,0.16934019642641485
test-64755,0.18341801916387468
test-64756,0.01758434101057528
test-64757,0.027802238468958258
test-64758,0.22627061950621544
test-64759,0.1751520132846641
test-6476,0.17094559838154633
test-64760,0.03723544320034463
test-64761,0.13830743809882362
test-64762,0.10867841813543261
test-64763,0.12669521753714805
test-64764,0.018171958784349518
test-64765,0.01563368312666278
test-64766,0.008682978058034549
test-64767,0.015983705144443677
test-64768,0.1976080235671968
test-64769,0.01992059990090833
test-6477,0.02442445717590594
test-64770,0.01997912596751928
test-64771,0.10209116971692427
test-64772,0.2574556307212952
test-64773,0.01396609992424485
test-64774,0.05997208020020565
test-64775,0.011082051018715226
test-64776,0.08850178006794654
test-64777,0.02128295529166451
test-64778,0.016785103625597434
test-64779,0.011214910921917353
test-6478,0.1556920683828667
test-64780,0.0586803192705532
test-64781,0.01367031329727464
test-64782,0.1276965200064816
test-64783,0.05568736813708078
test-64784,0.09865143086310076
test-64785,0.009765475617972964
test-64786,0.07746306920699099
test-64787,0.03486019569907645
test-64788,0.016105380473482797
test-64789,0.03588296218156406
test-6479,0.05866014561002235
test-64790,0.03986651486915079
test-64791,0.07672630367799198
test-64792,0.010591068838213554
test-64793,0.007450104854411602
test-64794,0.07074206478718377
test-64795,0.14327066243303438
test-64796,0.20953475179256278
test-64797,0.021430538357508053
test-64798,0.02058610577404625
test-64799,0.1760746086625714
test-648,0.06893218095378534
test-6480,0.008815605957460622
test-64800,0.1771405258337973
test-64801,0.03836578062548525
test-64802,0.035673997222367394
test-64803,0.008164606270353371
test-64804,0.03317357571672344
test-64805,0.007480047862140639
test-64806,0.010946009349178635
test-64807,0.03808926221621729
test-64808,0.3147502131079928
test-64809,0.009652192344726597
test-6481,0.14765657314827385
test-64810,0.20575808060189385
test-64811,0.07287513663214307
test-64812,0.12910810347499574
test-64813,0.006223786633920408
test-64814,0.012455314582779247
test-64815,0.015810456143134862
test-64816,0.20209044320535763
test-64817,0.11389228970212582
test-64818,0.08041529821999793
test-64819,0.08795948422406905
test-6482,0.0175044620860156
test-64820,0.17645226684991447
test-64821,0.018650596197910593
test-64822,0.024355168447464492
test-64823,0.2518228744504913
test-64824,0.0376155050181073
test-64825,0.0669392073111586
test-64826,0.20647459697778686
test-64827,0.008539554636054646
test-64828,0.0707119985986715
test-64829,0.03544080451276304
test-6483,0.1518186660957838
test-64830,0.020886086336706022
test-64831,0.08502283340237296
test-64832,0.015058313311995275
test-64833,0.02759995246664544
test-64834,0.14724415568917104
test-64835,0.23813766333637051
test-64836,0.0902641375436349
test-64837,0.038088190032557055
test-64838,0.01623508412592168
test-64839,0.1415731488881624
test-6484,0.05105519356930162
test-64840,0.24056619489427739
test-64841,0.0669392073111586
test-64842,0.010752344122721014
test-64843,0.04590942358397873
test-64844,0.08913952529167092
test-64845,0.017696063282669965
test-64846,0.12331582012140498
test-64847,0.0707805929621425
test-64848,0.02963900627970304
test-64849,0.2032845607945445
test-6485,0.04223978773562272
test-64850,0.2861105927733099
test-64851,0.23931690125766733
test-64852,0.017672991953071128
test-64853,0.016380106927139173
test-64854,0.20559963798188916
test-64855,0.05250345793176752
test-64856,0.015121315030867197
test-64857,0.015261919558435208
test-64858,0.03991427570930743
test-64859,0.039477482084524645
test-6486,0.04463505647536982
test-64860,0.02299255861990873
test-64861,0.011045217565248842
test-64862,0.02945694012974496
test-64863,0.019468214252912647
test-64864,0.022226938465521307
test-64865,0.07806653768100628
test-64866,0.3229139119221529
test-64867,0.0669392073111586
test-64868,0.20850721895368476
test-64869,0.008308925603910519
test-6487,0.011093999133388127
test-64870,0.07109672343866341
test-64871,0.016270184024423318
test-64872,0.04577931207722763
test-64873,0.02758101767422967
test-64874,0.022725001160574902
test-64875,0.019391456805998627
test-64876,0.02780751997770344
test-64877,0.20375945124330658
test-64878,0.03554211791869482
test-64879,0.16695447271917302
test-6488,0.2972909264474854
test-64880,0.16992716413997475
test-64881,0.0074648416360214714
test-64882,0.10684415625429174
test-64883,0.20783624300708262
test-64884,0.08901438795160956
test-64885,0.00920373373900435
test-64886,0.01659760879549062
test-64887,0.021764134043069396
test-64888,0.19186488961799067
test-64889,0.22504926828500396
test-6489,0.02766095251544029
test-64890,0.010470971584594582
test-64891,0.19632024349265403
test-64892,0.058496636832656775
test-64893,0.007482840486750377
test-64894,0.01758069238182379
test-64895,0.01646840123587842
test-64896,0.008104545779943101
test-64897,0.16862936169275256
test-64898,0.23453082472099898
test-64899,0.10910863465564435
test-649,0.2742505385706943
test-6490,0.26708088026757426
test-64900,0.019154159963644467
test-64901,0.12075006049660805
test-64902,0.09860381645007209
test-64903,0.0669392073111586
test-64904,0.006385698688215299
test-64905,0.03377845598680765
test-64906,0.131664200537681
test-64907,0.02967080776921846
test-64908,0.014949032003956897
test-64909,0.009984776730042668
test-6491,0.018872879175700227
test-64910,0.06613128233036399
test-64911,0.028004152926600946
test-64912,0.021575050570424165
test-64913,0.03772930020037507
test-64914,0.12999636579631924
test-64915,0.06983136155849988
test-64916,0.2929010193134433
test-64917,0.02162059452241479
test-64918,0.10095478406573405
test-64919,0.2590918800463008
test-6492,0.09478099402696855
test-64920,0.021961246438862284
test-64921,0.012452203499464016
test-64922,0.14270035608106144
test-64923,0.11859330636209701
test-64924,0.017759020963952623
test-64925,0.18555748829794744
test-64926,0.09050078996163637
test-64927,0.3386178999890736
test-64928,0.02517936341911246
test-64929,0.012756186320588456
test-6493,0.02428624131898219
test-64930,0.01836344889166657
test-64931,0.3390530174250527
test-64932,0.04092386936370922
test-64933,0.16409233112477994
test-64934,0.2629042516067051
test-64935,0.09865143086310076
test-64936,0.07258643488200144
test-64937,0.13097788987197126
test-64938,0.07814758548854914
test-64939,0.18805331306134976
test-6494,0.008065426599880202
test-64940,0.035311193854557874
test-64941,0.062493307285411824
test-64942,0.012028049155318389
test-64943,0.1518186660957838
test-64944,0.04727423555436045
test-64945,0.027860921275786606
test-64946,0.02020651544457751
test-64947,0.05654925602741626
test-64948,0.32072693085634246
test-64949,0.010727555319807307
test-6495,0.02252783008787292
test-64950,0.011998635760957327
test-64951,0.1543693773528168
test-64952,0.011410194789810802
test-64953,0.02345467839947484
test-64954,0.02576253633520363
test-64955,0.08398920911803069
test-64956,0.26824633743261644
test-64957,0.08504222630786168
test-64958,0.21528853756442476
test-64959,0.10005143510189109
test-6496,0.058153833876791454
test-64960,0.02568189561891015
test-64961,0.07799433853261355
test-64962,0.01054028913512263
test-64963,0.20049436246453295
test-64964,0.05701949221428197
test-64965,0.0119864695139566
test-64966,0.15359757805651403
test-64967,0.026004225348377333
test-64968,0.2100683577637947
test-64969,0.06275792015152626
test-6497,0.10014292934030003
test-64970,0.07240425457499185
test-64971,0.01968027225795483
test-64972,0.3014534681304697
test-64973,0.09938373315976043
test-64974,0.07896917855603469
test-64975,0.049047845792459695
test-64976,0.0224866784951061
test-64977,0.12756464018589395
test-64978,0.01161165343600391
test-64979,0.00794070603013565
test-6498,0.1572558350108862
test-64980,0.036315999398070856
test-64981,0.023720103917896466
test-64982,0.10625432985742343
test-64983,0.15241633641152563
test-64984,0.19872839939041093
test-64985,0.015462660196176621
test-64986,0.010222118955886665
test-64987,0.12913253738235023
test-64988,0.05975096206662589
test-64989,0.29368096987821596
test-6499,0.056702325345395294
test-64990,0.0846182167635542
test-64991,0.35988862007974715
test-64992,0.024996229295879743
test-64993,0.0846182167635542
test-64994,0.031546051914641694
test-64995,0.019255799158577752
test-64996,0.03723780921305887
test-64997,0.3545331059687356
test-64998,0.19194645234872149
test-64999,0.20571239093742497
test-65,0.08851842529057405
test-650,0.013631228774117338
test-6500,0.1870026217293648
test-65000,0.01428820619003262
test-65001,0.010094692488675285
test-65002,0.05174672876561033
test-65003,0.01843555868894632
test-65004,0.11595259250921974
test-65005,0.12494892597267296
test-65006,0.02523795171999821
test-65007,0.07896917855603469
test-65008,0.06803412447426488
test-65009,0.16948764875643343
test-6501,0.07596212569959175
test-65010,0.009574972811836476
test-65011,0.18271798837861875
test-65012,0.32580356895529605
test-65013,0.02390070396802138
test-65014,0.04155294876233394
test-65015,0.13924898768105945
test-65016,0.03623823777256025
test-65017,0.03394517755049771
test-65018,0.21301471133970298
test-65019,0.02690354451951169
test-6502,0.10022332301988479
test-65020,0.04201587544696237
test-65021,0.4019755808721606
test-65022,0.3631018964584497
test-65023,0.01480600726118188
test-65024,0.019486589624516968
test-65025,0.00900353076799211
test-65026,0.12868095144089736
test-65027,0.035077587429854666
test-65028,0.02226175994918646
test-65029,0.3391930287624618
test-6503,0.10238790866427776
test-65030,0.16768214534513334
test-65031,0.02596880771394803
test-65032,0.008994573102512097
test-65033,0.017413691667515722
test-65034,0.05015468531813707
test-65035,0.27881860400925335
test-65036,0.030710391314618606
test-65037,0.20904759770358203
test-65038,0.03676734955527032
test-65039,0.00966437869366505
test-6504,0.01447520755673333
test-65040,0.03792830403095357
test-65041,0.022004673084679658
test-65042,0.032054131845584186
test-65043,0.12243265641665092
test-65044,0.04252105837468247
test-65045,0.014859186883337976
test-65046,0.1313395705021038
test-65047,0.00910319379897418
test-65048,0.010228983521563395
test-65049,0.18815487151868854
test-6505,0.0692775303518493
test-65050,0.03253717028070933
test-65051,0.3398144478893152
test-65052,0.03683064901054493
test-65053,0.01169537426039632
test-65054,0.11204617294492093
test-65055,0.2023650948335795
test-65056,0.013428843715478823
test-65057,0.029907457978295856
test-65058,0.1493252398319435
test-65059,0.021221161694447963
test-6506,0.1963509144588782
test-65060,0.0319551045279392
test-65061,0.02701451449049498
test-65062,0.07167766264836993
test-65063,0.1466040245653791
test-65064,0.18797607187944093
test-65065,0.20076579714671464
test-65066,0.21583581167639773
test-65067,0.011761128455391581
test-65068,0.01023392993707666
test-65069,0.11577766307859434
test-6507,0.02617831940742064
test-65070,0.09285718785249984
test-65071,0.05285583072222752
test-65072,0.016438707203413474
test-65073,0.02057408140854892
test-65074,0.16448853097541388
test-65075,0.028108097227946643
test-65076,0.007930840025447286
test-65077,0.2863480479047963
test-65078,0.01127011700213711
test-65079,0.045981519367020426
test-6508,0.023504699031333474
test-65080,0.03654503693738982
test-65081,0.0285011809601482
test-65082,0.19755460849591192
test-65083,0.15083182184146515
test-65084,0.1139341199793815
test-65085,0.1567548053746409
test-65086,0.07166073490576397
test-65087,0.15291984496654798
test-65088,0.021897757146381508
test-65089,0.17684880056906702
test-6509,0.10451896692684502
test-65090,0.012209665701577992
test-65091,0.07666413761860694
test-65092,0.00982747498317504
test-65093,0.10481859758928998
test-65094,0.013102429018510749
test-65095,0.0463630298797408
test-65096,0.12432351550403742
test-65097,0.0880042435747912
test-65098,0.01868938290081173
test-65099,0.010420370762919396
test-651,0.021122857596423104
test-6510,0.037680469598119035
test-65100,0.07285352056167836
test-65101,0.025614072497502048
test-65102,0.08825557869745343
test-65103,0.2891638696033888
test-65104,0.03802594357460331
test-65105,0.10468448472506858
test-65106,0.007769842084628368
test-65107,0.03370618115869601
test-65108,0.31730252989813446
test-65109,0.10142323323729723
test-6511,0.03390272546408469
test-65110,0.01874880219800186
test-65111,0.10734935386822868
test-65112,0.06803412447426488
test-65113,0.058776797752283345
test-65114,0.16122456172105937
test-65115,0.009973283414928511
test-65116,0.01797750289437168
test-65117,0.15150472165183665
test-65118,0.03655456715233582
test-65119,0.11607553849948815
test-6512,0.11344222182134518
test-65120,0.024779638146042792
test-65121,0.01506764339402043
test-65122,0.018537814196577983
test-65123,0.07970303411194056
test-65124,0.015710658183206626
test-65125,0.14387047461611413
test-65126,0.1310519306178601
test-65127,0.023713497865870427
test-65128,0.03609783483951046
test-65129,0.05487776745599645
test-6513,0.14106203941003242
test-65130,0.033950226157190365
test-65131,0.10891174903670928
test-65132,0.02064439850565483
test-65133,0.026665348910363533
test-65134,0.015371258000744384
test-65135,0.02130920709180371
test-65136,0.008924145371213532
test-65137,0.01679972627526747
test-65138,0.01673015649760647
test-65139,0.010898624610459469
test-6514,0.017846881746058547
test-65140,0.010745448128978348
test-65141,0.018232399505698976
test-65142,0.20354127013560264
test-65143,0.13108904054286935
test-65144,0.022652441463624568
test-65145,0.0735898824526361
test-65146,0.0335185606762643
test-65147,0.10918456146789154
test-65148,0.07154554671561687
test-65149,0.019190546594718447
test-6515,0.08962782951307559
test-65150,0.14019608138645961
test-65151,0.01263221411230989
test-65152,0.0445372406137827
test-65153,0.14548565878366854
test-65154,0.22901677619727703
test-65155,0.3668747971996854
test-65156,0.019052714158890892
test-65157,0.06580176197303123
test-65158,0.025509168347958883
test-65159,0.0669392073111586
test-6516,0.18518054504365752
test-65160,0.030216085813996728
test-65161,0.08675251963229894
test-65162,0.012229311966077957
test-65163,0.2492271005648227
test-65164,0.032859352395417644
test-65165,0.044221602266402225
test-65166,0.037043101613391374
test-65167,0.21886796482009305
test-65168,0.1521103761092742
test-65169,0.08755818408965367
test-6517,0.05339307069340168
test-65170,0.011653918396143055
test-65171,0.05212102450909948
test-65172,0.01856301941587016
test-65173,0.02058561917128977
test-65174,0.025580238074073038
test-65175,0.06034011389465852
test-65176,0.0604671309763339
test-65177,0.0222262464128125
test-65178,0.2169294502610432
test-65179,0.197286025661373
test-6518,0.2637923182208244
test-65180,0.12209216940059903
test-65181,0.03755965833212034
test-65182,0.054461493785058844
test-65183,0.02401262153919612
test-65184,0.10594529741029539
test-65185,0.30336003215595847
test-65186,0.02876917671434443
test-65187,0.05525179924640839
test-65188,0.021808119377916487
test-65189,0.2864151035033448
test-6519,0.07439439932428475
test-65190,0.012623658156919307
test-65191,0.18687356281017262
test-65192,0.022038628002914187
test-65193,0.07450059621419183
test-65194,0.024730025836338883
test-65195,0.034429879591989156
test-65196,0.1449164263378356
test-65197,0.016762265322136472
test-65198,0.04008375606643495
test-65199,0.02899327572146202
test-652,0.19411897950091353
test-6520,0.025212649226830253
test-65200,0.03897666591629338
test-65201,0.05380316525448739
test-65202,0.12663596937894922
test-65203,0.052705985476318586
test-65204,0.025677363576311098
test-65205,0.13556649853390698
test-65206,0.0846182167635542
test-65207,0.019736170150145723
test-65208,0.2733118338370414
test-65209,0.04460664823524676
test-6521,0.018650596197910593
test-65210,0.11145803397092079
test-65211,0.20174207786466936
test-65212,0.10812230317096443
test-65213,0.017684727207186012
test-65214,0.14164950684354927
test-65215,0.049690107299978636
test-65216,0.14337330974915638
test-65217,0.2996086217389529
test-65218,0.0064062767795242176
test-65219,0.016662276877701297
test-6522,0.18582349848576973
test-65220,0.032269744940211495
test-65221,0.26829794368717763
test-65222,0.007640952527522505
test-65223,0.030068502837569934
test-65224,0.2040446359653352
test-65225,0.03217148106861156
test-65226,0.011242412392221903
test-65227,0.1638883068063562
test-65228,0.03033876351669744
test-65229,0.13679675410403952
test-6523,0.014131209345837609
test-65230,0.016378824759121797
test-65231,0.012284687473794636
test-65232,0.016568110129834293
test-65233,0.027674189332596015
test-65234,0.024096545365370942
test-65235,0.04953858611954152
test-65236,0.020790420085942438
test-65237,0.015070159618288316
test-65238,0.1405487783268057
test-65239,0.007256128012451698
test-6524,0.18671381082981484
test-65240,0.16695447271917302
test-65241,0.08440367075848065
test-65242,0.12614711902775436
test-65243,0.019957547693316806
test-65244,0.13473111397650483
test-65245,0.07377147694612446
test-65246,0.1527919355446522
test-65247,0.07626814170345315
test-65248,0.40674954881879777
test-65249,0.010828377418706915
test-6525,0.024228407298448756
test-65250,0.17645226684991447
test-65251,0.14882132715410318
test-65252,0.15240061560073376
test-65253,0.017077778944622278
test-65254,0.19926059705827837
test-65255,0.027813910588508392
test-65256,0.25541852355787653
test-65257,0.08676426786931425
test-65258,0.05003697088968722
test-65259,0.012637857763808859
test-6526,0.25788273733967376
test-65260,0.031250403908801086
test-65261,0.15408275372512262
test-65262,0.16176104954067966
test-65263,0.08009590208462727
test-65264,0.02124328237082979
test-65265,0.18084475509447534
test-65266,0.020698373607922184
test-65267,0.05664163406680563
test-65268,0.01234626843482238
test-65269,0.009355552181193558
test-6527,0.016150995546186635
test-65270,0.12052228662106175
test-65271,0.020228904711698588
test-65272,0.03957797408190487
test-65273,0.2784583169502341
test-65274,0.018656498568948146
test-65275,0.1360788459605701
test-65276,0.015691829833189626
test-65277,0.029504481524664523
test-65278,0.02500922856955644
test-65279,0.037654391908090744
test-6528,0.13565957067288223
test-65280,0.0242368306054827
test-65281,0.025150007034964474
test-65282,0.019017478460849765
test-65283,0.049724510363253704
test-65284,0.2901437484114226
test-65285,0.21706054981832693
test-65286,0.03593129388358587
test-65287,0.07873557445235589
test-65288,0.019885641114931102
test-65289,0.012637397863476533
test-6529,0.12614623286923957
test-65290,0.11516365372809453
test-65291,0.014292568330261149
test-65292,0.08824416423962378
test-65293,0.014595354584923696
test-65294,0.0322560369895652
test-65295,0.313573616394207
test-65296,0.197286025661373
test-65297,0.13207564119353027
test-65298,0.01407494225843914
test-65299,0.01630166483006914
test-653,0.08676426786931425
test-6530,0.015224312249784357
test-65300,0.14502199739837027
test-65301,0.008698850415203425
test-65302,0.1961078411806508
test-65303,0.09511216649782597
test-65304,0.026506377199969865
test-65305,0.16809398408443837
test-65306,0.16876373894605287
test-65307,0.18715443893489978
test-65308,0.15551889485214032
test-65309,0.07896917855603469
test-6531,0.17909856925714268
test-65310,0.28658852668192814
test-65311,0.02472791045356327
test-65312,0.015329596021345435
test-65313,0.19142969010905564
test-65314,0.015168327330796262
test-65315,0.26319933238568555
test-65316,0.09119339770255026
test-65317,0.09265093756978181
test-65318,0.01496447391816596
test-65319,0.09673533330374554
test-6532,0.008305857564556329
test-65320,0.02546487116531571
test-65321,0.11380477524097334
test-65322,0.2541724987281758
test-65323,0.02548666590040702
test-65324,0.003732627470701513
test-65325,0.07818046689388404
test-65326,0.04980623140280265
test-65327,0.07374732653988936
test-65328,0.06108085344638038
test-65329,0.015310802305586645
test-6533,0.02758222031628137
test-65330,0.3211886442621834
test-65331,0.14154259017015605
test-65332,0.03165132242266193
test-65333,0.07896917855603469
test-65334,0.014023199470165192
test-65335,0.04807791321046816
test-65336,0.04405065291123568
test-65337,0.009686765469198708
test-65338,0.007257585174266178
test-65339,0.04983999154654472
test-6534,0.006814675730205213
test-65340,0.009379571220005656
test-65341,0.021885275849685932
test-65342,0.0846182167635542
test-65343,0.021486091489145355
test-65344,0.017346898916265546
test-65345,0.023303153196629366
test-65346,0.13775918575813118
test-65347,0.1319959913759028
test-65348,0.011511333456993917
test-65349,0.02712610431248483
test-6535,0.09945136332035177
test-65350,0.12362947411721754
test-65351,0.05339307069340168
test-65352,0.01612323151695285
test-65353,0.008526446284031847
test-65354,0.04996085435371375
test-65355,0.03471240629505726
test-65356,0.0836160361599026
test-65357,0.01758434101057528
test-65358,0.02596229079218321
test-65359,0.007437127968517655
test-6536,0.038299824984753504
test-65360,0.046009648738188004
test-65361,0.015405030860672606
test-65362,0.2671949564060487
test-65363,0.016740870732518703
test-65364,0.024632701943664678
test-65365,0.08730738027794818
test-65366,0.13844485831116107
test-65367,0.013661636577303285
test-65368,0.2081688009614682
test-65369,0.1882967170255982
test-6537,0.32076879650771395
test-65370,0.4173133009417867
test-65371,0.024418213784376166
test-65372,0.05882370396448623
test-65373,0.04358543179706072
test-65374,0.33240491214606055
test-65375,0.01901887987347598
test-65376,0.029829339149258276
test-65377,0.008751478004597591
test-65378,0.10520747112096893
test-65379,0.012568207022370588
test-6538,0.0669392073111586
test-65380,0.020542076147258104
test-65381,0.10314951126190536
test-65382,0.26568074230570465
test-65383,0.06486808615145316
test-65384,0.007322153597761506
test-65385,0.3908129249743189
test-65386,0.2262887729828075
test-65387,0.3913282070246532
test-65388,0.07639058946398053
test-65389,0.029625927395172325
test-6539,0.07124476373718741
test-65390,0.0343448118052693
test-65391,0.20779245604427932
test-65392,0.1014515197318582
test-65393,0.012157390680677404
test-65394,0.00899185430340952
test-65395,0.021869719819343273
test-65396,0.09602446977245027
test-65397,0.019395471713439437
test-65398,0.023654959162736588
test-65399,0.01589922091982881
test-654,0.1532456473275676
test-6540,0.030403806266781092
test-65400,0.14743577821797538
test-65401,0.08013992888105673
test-65402,0.038428531146356124
test-65403,0.012273499821831315
test-65404,0.0669392073111586
test-65405,0.14756851916380634
test-65406,0.016398991630311575
test-65407,0.20375945124330658
test-65408,0.07282319045063486
test-65409,0.05864020424842513
test-6541,0.013140921315796332
test-65410,0.23965618601497335
test-65411,0.03036718401391118
test-65412,0.016660202277241767
test-65413,0.08163752643692694
test-65414,0.007523609365497503
test-65415,0.046743582879538184
test-65416,0.059693979397095184
test-65417,0.019393124963274774
test-65418,0.017287533909774937
test-65419,0.18528259192881547
test-6542,0.2729198409002501
test-65420,0.03808926221621729
test-65421,0.23864447689651336
test-65422,0.3972104502420894
test-65423,0.023827607946861777
test-65424,0.028523877387046297
test-65425,0.20236881172864016
test-65426,0.010458891117949638
test-65427,0.03561051937977803
test-65428,0.013125155838904338
test-65429,0.04395071538385167
test-6543,0.07468252460024191
test-65430,0.021981164036717984
test-65431,0.09936897264036039
test-65432,0.22876409174415244
test-65433,0.03151089213121032
test-65434,0.04744836284985823
test-65435,0.10513216480043615
test-65436,0.33801623826002575
test-65437,0.008443481737337723
test-65438,0.14285604616094147
test-65439,0.03083087672929423
test-6544,0.039455415292948604
test-65440,0.0860992969635787
test-65441,0.03726757706351841
test-65442,0.016903738000227896
test-65443,0.042339597151914106
test-65444,0.03246990869912125
test-65445,0.11304946531132593
test-65446,0.06951966855975188
test-65447,0.018572097324446753
test-65448,0.17015397131278343
test-65449,0.015927981338599642
test-6545,0.10583782554993967
test-65450,0.02367223270468921
test-65451,0.008823709522975598
test-65452,0.13901630003515025
test-65453,0.00827931795840023
test-65454,0.07403405058130529
test-65455,0.08640245488812187
test-65456,0.07813879929816639
test-65457,0.011836477000202739
test-65458,0.305222406444141
test-65459,0.1631824562509843
test-6546,0.05273939999786985
test-65460,0.008663424746900928
test-65461,0.059377167306484714
test-65462,0.021851898143894384
test-65463,0.34447439082345055
test-65464,0.14939112598813328
test-65465,0.11878663679268046
test-65466,0.025933348005790738
test-65467,0.14159036512761342
test-65468,0.09726067762890132
test-65469,0.010791411005571254
test-6547,0.03991427570930743
test-65470,0.014545873179657132
test-65471,0.07585537387618903
test-65472,0.022172135613543982
test-65473,0.033584882621283556
test-65474,0.0642885230349947
test-65475,0.019426403943523216
test-65476,0.13941008303489852
test-65477,0.01267755216980194
test-65478,0.02471627762247428
test-65479,0.01547682279924592
test-6548,0.017522268272626255
test-65480,0.01942622412100989
test-65481,0.02835352629179153
test-65482,0.03526412013248857
test-65483,0.019027674301522208
test-65484,0.025350879582714793
test-65485,0.02088803982557676
test-65486,0.022378624868582424
test-65487,0.08196973207204497
test-65488,0.11140480162269964
test-65489,0.06429700202344006
test-6549,0.04847561455437924
test-65490,0.018382298893055385
test-65491,0.06084073803781437
test-65492,0.0944453112469416
test-65493,0.008808459429007813
test-65494,0.019444927096140235
test-65495,0.020462866745425808
test-65496,0.01661650769423318
test-65497,0.016173578137674397
test-65498,0.02278439618972153
test-65499,0.008100897565751072
test-655,0.2555649942871384
test-6550,0.09787796055403811
test-65500,0.017969465325603052
test-65501,0.025330824177268903
test-65502,0.05746045987233934
test-65503,0.02551430900527814
test-65504,0.08091840458510943
test-65505,0.03228560109671937
test-65506,0.155555117176134
test-65507,0.023795427874522188
test-65508,0.08124040518273115
test-65509,0.07246310413069056
test-6551,0.1770072578558326
test-65510,0.02022172528257812
test-65511,0.043426535588116044
test-65512,0.05257320426469508
test-65513,0.01669746637407722
test-65514,0.028494602740856873
test-65515,0.02177186164583829
test-65516,0.05271664444798747
test-65517,0.025521912243537403
test-65518,0.05339307069340168
test-65519,0.028594784390405737
test-6552,0.03591814450935382
test-65520,0.18485336580497877
test-65521,0.031801550021015125
test-65522,0.015146967274106912
test-65523,0.008990586812810944
test-65524,0.05460413916843728
test-65525,0.02109569706418708
test-65526,0.30902669917001296
test-65527,0.03896406312066275
test-65528,0.023590046452049762
test-65529,0.018737616182729903
test-6553,0.07348680687545493
test-65530,0.11955306222221775
test-65531,0.027464810942393832
test-65532,0.06800113797723387
test-65533,0.04252105837468247
test-65534,0.03810495562487775
test-65535,0.01797191541695291
test-65536,0.06513071003435603
test-65537,0.006811042955786062
test-65538,0.04475351461529831
test-65539,0.02472347836710725
test-6554,0.16586019097477575
test-65540,0.06137832185497587
test-65541,0.009963159932885865
test-65542,0.0275104703988797
test-65543,0.16827329800384103
test-65544,0.09103868808928962
test-65545,0.07846246123273962
test-65546,0.09332873264947827
test-65547,0.043779493245796136
test-65548,0.08614989984163614
test-65549,0.02713682064389846
test-6555,0.11215913693326654
test-65550,0.38430157697721756
test-65551,0.1387564677932596
test-65552,0.08196973207204497
test-65553,0.035701319801129956
test-65554,0.15683410776034584
test-65555,0.04471015808688698
test-65556,0.07799433853261355
test-65557,0.05003697088968722
test-65558,0.007725021709262014
test-65559,0.2945717124999017
test-6556,0.06127948724721313
test-65560,0.06812976788945697
test-65561,0.1777263857794793
test-65562,0.0522866469823982
test-65563,0.11512351736983528
test-65564,0.39994728436422394
test-65565,0.04475351461529831
test-65566,0.09787796055403811
test-65567,0.0203539526822755
test-65568,0.009945544235989269
test-65569,0.3671696551886824
test-6557,0.3815451521508321
test-65570,0.11268932116471705
test-65571,0.05959235513548363
test-65572,0.015948259386760203
test-65573,0.0143632518024536
test-65574,0.035982117947671456
test-65575,0.19887813583243655
test-65576,0.016648982892350037
test-65577,0.021552735241692437
test-65578,0.011785518092137447
test-65579,0.25559389283524714
test-6558,0.022352450265519297
test-65580,0.03210560817513344
test-65581,0.014080232656244744
test-65582,0.19283731822782604
test-65583,0.01903444407842305
test-65584,0.039092649216594645
test-65585,0.2758771168853234
test-65586,0.026204336342465974
test-65587,0.0075420069114630825
test-65588,0.014008051237986279
test-65589,0.05784190642035326
test-6559,0.01898180136957709
test-65590,0.2262887729828075
test-65591,0.1508126009690024
test-65592,0.022189792338361044
test-65593,0.021193132645053243
test-65594,0.40674954881879777
test-65595,0.07824180436495898
test-65596,0.027157713924539546
test-65597,0.28270357979783584
test-65598,0.08603785274655606
test-65599,0.2356772797558423
test-656,0.06259100480523434
test-6560,0.014620539463620937
test-65600,0.009523006697597047
test-65601,0.13460470579645722
test-65602,0.24384568962033493
test-65603,0.2262581263619911
test-65604,0.029327665152107194
test-65605,0.00883062758097794
test-65606,0.08768139707488731
test-65607,0.08003083037374147
test-65608,0.030831851050389263
test-65609,0.10704431454077264
test-6561,0.02272146782961945
test-65610,0.03371709720556654
test-65611,0.057738957094061565
test-65612,0.011100677070053076
test-65613,0.18556857695701012
test-65614,0.045506186729335964
test-65615,0.22454066213320145
test-65616,0.011019796295223058
test-65617,0.0744759739511813
test-65618,0.13911276078539256
test-65619,0.12756464018589395
test-6562,0.10187623348293892
test-65620,0.04992602504619911
test-65621,0.009677502767344328
test-65622,0.13844485831116107
test-65623,0.02165858124996746
test-65624,0.01803697784397543
test-65625,0.02022288510080862
test-65626,0.015041174819284632
test-65627,0.02403168801781399
test-65628,0.03908761153701232
test-65629,0.1790727033988056
test-6563,0.031201165834723387
test-65630,0.23924006211013935
test-65631,0.21709694384449607
test-65632,0.11760517563393508
test-65633,0.287328559740158
test-65634,0.008388724831525404
test-65635,0.01663182289740692
test-65636,0.031010996267491604
test-65637,0.07896917855603469
test-65638,0.027737096818074066
test-65639,0.03621700315255041
test-6564,0.07368001262956865
test-65640,0.015434303050617515
test-65641,0.013325677631487818
test-65642,0.22251871157479605
test-65643,0.01959079137459661
test-65644,0.031724255317847304
test-65645,0.12833246313869937
test-65646,0.28109835135608185
test-65647,0.07765548192385864
test-65648,0.012960810828381315
test-65649,0.01245112813005285
test-6565,0.14090781754766726
test-65650,0.03729396336756824
test-65651,0.27611707799428625
test-65652,0.014893026626218145
test-65653,0.05793975550458188
test-65654,0.30868722751670347
test-65655,0.0676409191047476
test-65656,0.2921292167363729
test-65657,0.022108764299838726
test-65658,0.0373728040767616
test-65659,0.011489201983448388
test-6566,0.3485571815891804
test-65660,0.24366138845384802
test-65661,0.03223269245735937
test-65662,0.041539114284483564
test-65663,0.06769227346933265
test-65664,0.02891650937246989
test-65665,0.095007148270285
test-65666,0.015720759380408955
test-65667,0.19040195307202668
test-65668,0.023137862580920352
test-65669,0.02895697529335346
test-6567,0.010308619835164083
test-65670,0.10732336946401917
test-65671,0.028823619549931345
test-65672,0.010183072163360757
test-65673,0.035712170587707294
test-65674,0.0892354353929986
test-65675,0.06121512875340126
test-65676,0.029821964950544642
test-65677,0.10156381991957361
test-65678,0.2533566778969942
test-65679,0.02387994864549203
test-6568,0.027801810158740618
test-65680,0.12268124583503243
test-65681,0.04952287860765794
test-65682,0.017857534102177556
test-65683,0.24044890319087153
test-65684,0.014044050445971795
test-65685,0.2262887729828075
test-65686,0.15454019728896407
test-65687,0.14635052034750573
test-65688,0.18354347808136262
test-65689,0.19182572174306092
test-6569,0.17388543180690808
test-65690,0.006499400461673415
test-65691,0.014620537476137984
test-65692,0.040247201352407294
test-65693,0.010425971264741324
test-65694,0.1666025006369793
test-65695,0.009019432199058054
test-65696,0.062006565321260934
test-65697,0.03426472677256163
test-65698,0.3424315814147771
test-65699,0.11964270420219512
test-657,0.04533002607193554
test-6570,0.11620376548595909
test-65700,0.123817286149575
test-65701,0.10162897280377105
test-65702,0.1589101224846053
test-65703,0.04880051484547615
test-65704,0.03639021897760403
test-65705,0.03935726945153674
test-65706,0.04851805402919949
test-65707,0.03216238944204181
test-65708,0.09567076632951511
test-65709,0.20327228434751518
test-6571,0.03786743582196697
test-65710,0.09787796055403811
test-65711,0.1501655086081887
test-65712,0.017608609227574606
test-65713,0.02750960850705585
test-65714,0.008138519746710149
test-65715,0.07931836740810959
test-65716,0.030351421199915827
test-65717,0.03099384102586459
test-65718,0.09442793442436977
test-65719,0.03782268595644776
test-6572,0.10727059559081699
test-65720,0.06584939513687804
test-65721,0.02211089486991527
test-65722,0.0385640939117219
test-65723,0.008885780739832297
test-65724,0.1017283272217907
test-65725,0.020391819342976143
test-65726,0.16819892395595024
test-65727,0.005910368190521168
test-65728,0.03045083231858296
test-65729,0.06107244868006746
test-6573,0.2462850450461358
test-65730,0.014070906889061001
test-65731,0.30561396138051106
test-65732,0.009176341298435675
test-65733,0.025529453907912145
test-65734,0.02255857027389648
test-65735,0.03654005772562299
test-65736,0.1291898542757164
test-65737,0.024747630452291128
test-65738,0.026403623085365497
test-65739,0.09716555515316373
test-6574,0.34650676014423865
test-65740,0.06421785457778778
test-65741,0.02713682064389846
test-65742,0.022743608806605954
test-65743,0.0351847854204258
test-65744,0.05270809024180408
test-65745,0.059501922873155644
test-65746,0.06083574149368635
test-65747,0.06860571491586533
test-65748,0.020508528972562508
test-65749,0.02102246008896372
test-6575,0.08046163333568256
test-65750,0.09967505524039096
test-65751,0.007077650127392603
test-65752,0.2715680893507938
test-65753,0.11089787061097897
test-65754,0.018777479169219666
test-65755,0.1460243832441869
test-65756,0.04744836284985823
test-65757,0.22261457751152544
test-65758,0.09500959397727599
test-65759,0.12756464018589395
test-6576,0.015572057599272344
test-65760,0.015400890397036973
test-65761,0.04646791098816878
test-65762,0.012605798991638249
test-65763,0.009256600130851904
test-65764,0.00812445729178867
test-65765,0.05159529352238529
test-65766,0.16422713902712452
test-65767,0.03160706870642078
test-65768,0.022174298760130263
test-65769,0.017111127575840497
test-6577,0.15367562507178423
test-65770,0.007785501302675856
test-65771,0.07710857756195663
test-65772,0.1351518564665563
test-65773,0.036960978175126134
test-65774,0.2972391006303952
test-65775,0.022625532028370966
test-65776,0.03991427570930743
test-65777,0.053879077820531
test-65778,0.011314166590018123
test-65779,0.012032359870092622
test-6578,0.10812230317096443
test-65780,0.0796624279191443
test-65781,0.22199685183652476
test-65782,0.022599730121464604
test-65783,0.131380846755516
test-65784,0.013879614093078998
test-65785,0.21761731002072132
test-65786,0.07807872085554522
test-65787,0.02441174908385336
test-65788,0.04864376274953059
test-65789,0.07776615690267856
test-6579,0.08458994362789574
test-65790,0.14001983399896917
test-65791,0.18005200376795774
test-65792,0.02601306373750347
test-65793,0.1701087033791924
test-65794,0.1608602192403365
test-65795,0.12754813900245587
test-65796,0.010891462863206053
test-65797,0.23839884823743926
test-65798,0.034067199775660174
test-65799,0.029466019054991896
test-658,0.16948764875643343
test-6580,0.007185611235355732
test-65800,0.16874798038784844
test-65801,0.010546411516718783
test-65802,0.05877325090212217
test-65803,0.03510416813047542
test-65804,0.07708093166292239
test-65805,0.30626614632850524
test-65806,0.019153264206563575
test-65807,0.02909287992778067
test-65808,0.012107955787687143
test-65809,0.07408710143327149
test-6581,0.21385190724181286
test-65810,0.014998950325453238
test-65811,0.01478742316297524
test-65812,0.0375018337318025
test-65813,0.02769861354166085
test-65814,0.02020576716006696
test-65815,0.009154938317533024
test-65816,0.017102443589192228
test-65817,0.015288244350370383
test-65818,0.23046880664159503
test-65819,0.08967329049762027
test-6582,0.2764844791079761
test-65820,0.05487776745599645
test-65821,0.07984600052248031
test-65822,0.012300702005935756
test-65823,0.009511869154117147
test-65824,0.013414864622922547
test-65825,0.145534466139558
test-65826,0.03772930020037507
test-65827,0.06418844045962674
test-65828,0.011543451915099272
test-65829,0.012594263898652728
test-6583,0.197286025661373
test-65830,0.26461923454598685
test-65831,0.007899484192530878
test-65832,0.03764343178449908
test-65833,0.01696954403051426
test-65834,0.1508126009690024
test-65835,0.16695447271917302
test-65836,0.022487548992525405
test-65837,0.3937301534634637
test-65838,0.05036434181547101
test-65839,0.2185088249112265
test-6584,0.16307811845111042
test-65840,0.12422098184188149
test-65841,0.017632720598679125
test-65842,0.019249356334985257
test-65843,0.018685036094953762
test-65844,0.09787796055403811
test-65845,0.12188389398306844
test-65846,0.0669392073111586
test-65847,0.14477738904936552
test-65848,0.02561185040205035
test-65849,0.20038763307567561
test-6585,0.010741000030083658
test-65850,0.010495418056502864
test-65851,0.010631374536048309
test-65852,0.15657492738616585
test-65853,0.02751436797595237
test-65854,0.03292936324509598
test-65855,0.1430556108441769
test-65856,0.17015165992774323
test-65857,0.19348592183918703
test-65858,0.02618835412164348
test-65859,0.029260574933686598
test-6586,0.2548086083852679
test-65860,0.007914015895763798
test-65861,0.009379571220005656
test-65862,0.19688276429024384
test-65863,0.015382304356667983
test-65864,0.06017681031625298
test-65865,0.06636919822503616
test-65866,0.04741412104867718
test-65867,0.010891547284632687
test-65868,0.1652247690542422
test-65869,0.013743181329281954
test-6587,0.23672618236705592
test-65870,0.05420696106458327
test-65871,0.018229336502107434
test-65872,0.010894618632715925
test-65873,0.09453578713212096
test-65874,0.15081963495468872
test-65875,0.025299154945774727
test-65876,0.03568773740859099
test-65877,0.30730459560771595
test-65878,0.028091475470488524
test-65879,0.014625743623043964
test-6588,0.1141330110167048
test-65880,0.009938919412853709
test-65881,0.24959691046681648
test-65882,0.013297670862006596
test-65883,0.08231203820509995
test-65884,0.04750716366796516
test-65885,0.011841520233121856
test-65886,0.17920587221983536
test-65887,0.0669392073111586
test-65888,0.02745352734632803
test-65889,0.009764356455678655
test-6589,0.21747056018760358
test-65890,0.12750083480216265
test-65891,0.03853245574665997
test-65892,0.005740492762455878
test-65893,0.009650953854961808
test-65894,0.04010090378027665
test-65895,0.04107678575729988
test-65896,0.07736971131561239
test-65897,0.0669392073111586
test-65898,0.3906741767845021
test-65899,0.00733061162656312
test-659,0.11573809284434375
test-6590,0.028820255116878794
test-65900,0.05402937330262211
test-65901,0.1408487658022275
test-65902,0.09787796055403811
test-65903,0.12663596937894922
test-65904,0.015850716708903017
test-65905,0.0459784215237038
test-65906,0.07951101129914741
test-65907,0.04428922141123578
test-65908,0.20415890138616308
test-65909,0.06803412447426488
test-6591,0.2847978926234268
test-65910,0.032361981072338425
test-65911,0.015449936841909206
test-65912,0.09023552917886195
test-65913,0.019860276223153277
test-65914,0.26423980896068994
test-65915,0.26790180716309353
test-65916,0.02101193949347939
test-65917,0.052842750649366235
test-65918,0.13966974691516612
test-65919,0.03842556009717356
test-6592,0.055514945329229314
test-65920,0.06390585972311909
test-65921,0.01239262728837329
test-65922,0.40248599718447725
test-65923,0.0206139183768133
test-65924,0.13797663695183132
test-65925,0.06673380676741365
test-65926,0.031942097460329555
test-65927,0.03667886671461944
test-65928,0.03167663658381392
test-65929,0.04638728264821882
test-6593,0.09927714659827205
test-65930,0.026258678206703984
test-65931,0.025282570964719232
test-65932,0.09028438490666627
test-65933,0.16695447271917302
test-65934,0.0318183128713356
test-65935,0.0073247600009860355
test-65936,0.389606039667169
test-65937,0.012224109865986278
test-65938,0.014373814663533477
test-65939,0.045560263803000586
test-6594,0.09271328486536638
test-65940,0.04315587774234556
test-65941,0.11853258164755116
test-65942,0.134974100108198
test-65943,0.020311036252681526
test-65944,0.15899922468322739
test-65945,0.29055257447563226
test-65946,0.15794418411627914
test-65947,0.08602317472462488
test-65948,0.023326434066600028
test-65949,0.13401098107887666
test-6595,0.0844264613273772
test-65950,0.01773597349904578
test-65951,0.19137158499758583
test-65952,0.11168069281255127
test-65953,0.02699807709173766
test-65954,0.11028807378232115
test-65955,0.123817286149575
test-65956,0.10687173661082255
test-65957,0.03261306781163084
test-65958,0.016833080227506226
test-65959,0.15496377164466835
test-6596,0.021964173107183068
test-65960,0.05526594703928838
test-65961,0.0846182167635542
test-65962,0.024860981024108397
test-65963,0.12035459379795585
test-65964,0.022111231741804037
test-65965,0.008690741431736355
test-65966,0.037211025947255096
test-65967,0.04705658518957365
test-65968,0.19762814216137428
test-65969,0.030902094316851186
test-6597,0.03447501836717147
test-65970,0.014637334975728696
test-65971,0.15226319253677517
test-65972,0.11845828342966366
test-65973,0.242558207736482
test-65974,0.13384484972843247
test-65975,0.04451314130965383
test-65976,0.17750241906021788
test-65977,0.02759663285794422
test-65978,0.2502746341160058
test-65979,0.014008375287761075
test-6598,0.039258126464179206
test-65980,0.046309342949700516
test-65981,0.05339307069340168
test-65982,0.018645608960362926
test-65983,0.13914827995826545
test-65984,0.17903802988922818
test-65985,0.114776007833202
test-65986,0.013653530093672659
test-65987,0.015434193113978784
test-65988,0.12311069310943404
test-65989,0.014012751616640076
test-6599,0.2209119882814986
test-65990,0.023661916910116515
test-65991,0.012490472625968514
test-65992,0.009136630802815092
test-65993,0.008510507460494017
test-65994,0.014144763688571748
test-65995,0.11620376548595909
test-65996,0.18599455144120466
test-65997,0.08526813997140402
test-65998,0.010842628113560779
test-65999,0.0319438666442105
test-66,0.16153505979417976
test-660,0.01626444999669467
test-6600,0.010433484184151947
test-66000,0.02912335805474075
test-66001,0.08750093828393538
test-66002,0.02097845725819917
test-66003,0.022389899665170417
test-66004,0.007110189152012833
test-66005,0.04252105837468247
test-66006,0.02247697594166751
test-66007,0.016953947073553206
test-66008,0.06148093363491958
test-66009,0.07858651076686174
test-6601,0.13775918575813118
test-66010,0.02955518805027347
test-66011,0.15503380679956932
test-66012,0.007279747158115051
test-66013,0.00831841778191277
test-66014,0.028943265877303344
test-66015,0.009324425265549344
test-66016,0.25237094495954876
test-66017,0.025872955923324333
test-66018,0.03573133633272917
test-66019,0.03691731028815891
test-6602,0.03863092054402234
test-66020,0.07717321049652556
test-66021,0.09399029956193916
test-66022,0.13844485831116107
test-66023,0.011509526107954145
test-66024,0.0318254372683287
test-66025,0.06794476528463178
test-66026,0.03203506667905159
test-66027,0.16583640941357738
test-66028,0.2287014142096604
test-66029,0.23203154109969254
test-6603,0.027074256659109095
test-66030,0.03562798081380685
test-66031,0.03309721077911543
test-66032,0.054421707878695144
test-66033,0.01007737794952618
test-66034,0.0358843228561544
test-66035,0.24584900952059374
test-66036,0.08976132224155456
test-66037,0.1483274372853307
test-66038,0.12323797835386725
test-66039,0.010138215511616531
test-6604,0.030148316213949814
test-66040,0.02123631601776897
test-66041,0.02030698082501756
test-66042,0.02160099765564108
test-66043,0.056891050617981255
test-66044,0.05432084707777751
test-66045,0.09238432317454845
test-66046,0.13119043897841157
test-66047,0.09165774629914188
test-66048,0.1155375657944801
test-66049,0.018604360233762614
test-6605,0.05273939999786985
test-66050,0.021826118469268112
test-66051,0.038814766016324144
test-66052,0.011114852204260381
test-66053,0.012144703971013585
test-66054,0.058109118060300904
test-66055,0.12796851635119139
test-66056,0.015836755779295674
test-66057,0.046519676200835525
test-66058,0.029985760393486705
test-66059,0.009519453674328368
test-6606,0.053357719145987026
test-66060,0.01658829528924223
test-66061,0.16325406928703667
test-66062,0.25541852355787653
test-66063,0.01456798924451902
test-66064,0.030583252274597295
test-66065,0.04255062461727849
test-66066,0.008637489353218768
test-66067,0.03149107664898442
test-66068,0.020184049019556536
test-66069,0.3206675089608734
test-6607,0.09662790092174882
test-66070,0.043744882282434124
test-66071,0.32985878395277024
test-66072,0.019438426590459395
test-66073,0.029254601910633577
test-66074,0.014767174060264206
test-66075,0.014512975378352968
test-66076,0.008587179428866701
test-66077,0.05390073586593358
test-66078,0.010823358649941982
test-66079,0.05398046845891988
test-6608,0.03319937918278354
test-66080,0.03150425666471663
test-66081,0.06317769162449981
test-66082,0.009993270656379533
test-66083,0.0164844288710179
test-66084,0.035250223945093674
test-66085,0.024202812130067836
test-66086,0.0441874654306883
test-66087,0.009469497090733527
test-66088,0.06259100480523434
test-66089,0.10521654495435566
test-6609,0.02847286320343176
test-66090,0.16876441302317863
test-66091,0.00909212232515065
test-66092,0.11590652609241782
test-66093,0.006469522121412172
test-66094,0.0413603512294799
test-66095,0.009546053570412195
test-66096,0.15321232873445423
test-66097,0.11105441343460147
test-66098,0.045977943768993265
test-66099,0.013831792148441944
test-661,0.16245219540169273
test-6610,0.17822699084209592
test-66100,0.017336560682407718
test-66101,0.11266714550532139
test-66102,0.07814688450649016
test-66103,0.02393265370436081
test-66104,0.04513131662257201
test-66105,0.024369423432412104
test-66106,0.011874068101625734
test-66107,0.20241811188247336
test-66108,0.058988862567258486
test-66109,0.21374212616947358
test-6611,0.29727133697836505
test-66110,0.17645226684991447
test-66111,0.04263902246970291
test-66112,0.013400934599740948
test-66113,0.1848275326484053
test-66114,0.03819834755824972
test-66115,0.022573853360063095
test-66116,0.026979628079771712
test-66117,0.022793413152147543
test-66118,0.17645226684991447
test-66119,0.01739229179001611
test-6612,0.08661128354520885
test-66120,0.11441988623121589
test-66121,0.02106094124181315
test-66122,0.11854135185247917
test-66123,0.2602486660070209
test-66124,0.010246908897193
test-66125,0.13980550641447664
test-66126,0.04381142309346409
test-66127,0.2811031507478405
test-66128,0.005853272326522068
test-66129,0.16466872328676446
test-6613,0.007817925680209585
test-66130,0.179264851966117
test-66131,0.010993436840271948
test-66132,0.03370569978224307
test-66133,0.02251697903593117
test-66134,0.03247139564460169
test-66135,0.06886437624926364
test-66136,0.011798837937642208
test-66137,0.030542937798603755
test-66138,0.05294864447528404
test-66139,0.0681125196682653
test-6614,0.05421658559613124
test-66140,0.055157469287504604
test-66141,0.03482187520744224
test-66142,0.021707243551881552
test-66143,0.17924612489518424
test-66144,0.010732844945014763
test-66145,0.015320918986113695
test-66146,0.18790240577969236
test-66147,0.01376309128858203
test-66148,0.01117003882292187
test-66149,0.07896917855603469
test-6615,0.2071578588553671
test-66150,0.12456179376616706
test-66151,0.014734687752719335
test-66152,0.03338895677177955
test-66153,0.09470544100951546
test-66154,0.15270804988325035
test-66155,0.024673006056378705
test-66156,0.10452811782540596
test-66157,0.09913577497736929
test-66158,0.10770032286694109
test-66159,0.12272114756429739
test-6616,0.00850524428595566
test-66160,0.0681125196682653
test-66161,0.143166781270243
test-66162,0.01519524321004887
test-66163,0.06839723600851359
test-66164,0.03240758764689325
test-66165,0.029079938842035132
test-66166,0.011614805689329863
test-66167,0.11853475193135006
test-66168,0.010800706107064142
test-66169,0.08743413913202806
test-6617,0.062365460256377084
test-66170,0.20946125021337889
test-66171,0.09870796579632887
test-66172,0.13354179637593988
test-66173,0.012778472290210858
test-66174,0.11803087843920418
test-66175,0.01207082208850535
test-66176,0.027391141192188464
test-66177,0.1001728034970038
test-66178,0.07789009395804374
test-66179,0.010208815362334152
test-6618,0.02286241944420398
test-66180,0.16344830039709268
test-66181,0.027444447183030542
test-66182,0.09448756256958177
test-66183,0.05015468531813707
test-66184,0.01603462185480531
test-66185,0.030248691797217755
test-66186,0.14712502333910119
test-66187,0.25561895904408594
test-66188,0.08676426786931425
test-66189,0.2511539572493519
test-6619,0.3413871602611624
test-66190,0.30051880006149545
test-66191,0.019417534738491164
test-66192,0.024789633523329965
test-66193,0.061577899304617906
test-66194,0.1523758246155824
test-66195,0.18527794449779003
test-66196,0.12855772294495657
test-66197,0.09994099520202213
test-66198,0.2967288974571239
test-66199,0.03967388468000415
test-662,0.08181116950240602
test-6620,0.25795751206859746
test-66200,0.03155358373482753
test-66201,0.06581468624115425
test-66202,0.1793529640305347
test-66203,0.02116216282857869
test-66204,0.10928441419957592
test-66205,0.05016619376583185
test-66206,0.01984812582189706
test-66207,0.05658777930088109
test-66208,0.015746739307303116
test-66209,0.01832731539451931
test-6621,0.08196973207204497
test-66210,0.1170887542578447
test-66211,0.35286647085331163
test-66212,0.03208551951689323
test-66213,0.04252105837468247
test-66214,0.014509427288584549
test-66215,0.023338255216083577
test-66216,0.019715676793895385
test-66217,0.007495450190952629
test-66218,0.0652859797957717
test-66219,0.08260182777979576
test-6622,0.06007031728018209
test-66220,0.05730372326800713
test-66221,0.010377005565016738
test-66222,0.20750129600800696
test-66223,0.04050542736117613
test-66224,0.0275104703988797
test-66225,0.07902299166981816
test-66226,0.026233268434080755
test-66227,0.015689196396553112
test-66228,0.12954064052101308
test-66229,0.22332319862222394
test-6623,0.01874190623743814
test-66230,0.073001424479117
test-66231,0.17740253453243437
test-66232,0.08550424191031944
test-66233,0.056797525882339515
test-66234,0.13858972408039183
test-66235,0.0282569362081705
test-66236,0.18877797228648707
test-66237,0.020686803380595465
test-66238,0.036538184662296774
test-66239,0.02993596400180827
test-6624,0.0073445098841958285
test-66240,0.017224418122132545
test-66241,0.022200229781094625
test-66242,0.01602336962891218
test-66243,0.05552563192946696
test-66244,0.015419686638581695
test-66245,0.008075252077432392
test-66246,0.13596335925464295
test-66247,0.2965062537904996
test-66248,0.0231014474431284
test-66249,0.0406166911116857
test-6625,0.006235727174248072
test-66250,0.04169655541220452
test-66251,0.023149342623105675
test-66252,0.01460209503695249
test-66253,0.01748107915003612
test-66254,0.014609741325247765
test-66255,0.31397646530619067
test-66256,0.013182557869639476
test-66257,0.02229947963849835
test-66258,0.30609818424317026
test-66259,0.2995994357711716
test-6626,0.15653796150981883
test-66260,0.05339307069340168
test-66261,0.020252784267629383
test-66262,0.05302570652193802
test-66263,0.35318802373055586
test-66264,0.031055365447393807
test-66265,0.09957648266852974
test-66266,0.0539211257103187
test-66267,0.009966614116195207
test-66268,0.027701014013959253
test-66269,0.06846703578814468
test-6627,0.06533966976296818
test-66270,0.03723401862342753
test-66271,0.17517141011130122
test-66272,0.14728728250940273
test-66273,0.07539318122419617
test-66274,0.0669392073111586
test-66275,0.047088645074076764
test-66276,0.2361705529243124
test-66277,0.017580248081591365
test-66278,0.022299092952197754
test-66279,0.0669392073111586
test-6628,0.34113621690266216
test-66280,0.0313994531793639
test-66281,0.3158531187970216
test-66282,0.038088762392234896
test-66283,0.02213940115576285
test-66284,0.02014846236685905
test-66285,0.09793219470663003
test-66286,0.04049375342475265
test-66287,0.1088694546084892
test-66288,0.04752495830411218
test-66289,0.15595997335992548
test-6629,0.006232924124234133
test-66290,0.16695447271917302
test-66291,0.023175016634397177
test-66292,0.08486856791573538
test-66293,0.03902516233390028
test-66294,0.027471521470755177
test-66295,0.02127396441158239
test-66296,0.141907403989948
test-66297,0.010603827649681027
test-66298,0.13632491504128827
test-66299,0.011480683809604826
test-663,0.1469888718678362
test-6630,0.0669392073111586
test-66300,0.1944346418129891
test-66301,0.033480543010226155
test-66302,0.007202468589375964
test-66303,0.08073779737717049
test-66304,0.005443501843093368
test-66305,0.4490866557477791
test-66306,0.01068943845148969
test-66307,0.25559389283524714
test-66308,0.10404125537587319
test-66309,0.2439258202673136
test-6631,0.09526063506268198
test-66310,0.02048206187048783
test-66311,0.04388176469894364
test-66312,0.013327400145216967
test-66313,0.04750716366796516
test-66314,0.0669392073111586
test-66315,0.13456846758422852
test-66316,0.11551299881631531
test-66317,0.028607641580588972
test-66318,0.19816069662652525
test-66319,0.023317568731071256
test-6632,0.01571094712622559
test-66320,0.02028457023211454
test-66321,0.0837089393315731
test-66322,0.08535525738315237
test-66323,0.015816614928234548
test-66324,0.06997057369383777
test-66325,0.09612078835752413
test-66326,0.01568039673851229
test-66327,0.057452961197866685
test-66328,0.011168087034460428
test-66329,0.13292193093672713
test-6633,0.023464967605109927
test-66330,0.15482396884482785
test-66331,0.02063169373853889
test-66332,0.20947535351284147
test-66333,0.0306874942978367
test-66334,0.2722386160725989
test-66335,0.1152015462400605
test-66336,0.0059702185207495114
test-66337,0.17203056153425067
test-66338,0.023059996711211256
test-66339,0.2294878571528635
test-6634,0.02202306536096826
test-66340,0.012207531636041775
test-66341,0.020529161562685465
test-66342,0.03686691720634148
test-66343,0.010894618632715925
test-66344,0.050463673914654526
test-66345,0.025377890692986117
test-66346,0.018074282208399607
test-66347,0.01426976408643388
test-66348,0.27043840059801205
test-66349,0.16481994971178485
test-6635,0.008524819316472754
test-66350,0.04126952358084569
test-66351,0.0190531430986033
test-66352,0.09424991526344556
test-66353,0.15089977545054142
test-66354,0.0306874942978367
test-66355,0.02376762326804837
test-66356,0.092198973983762
test-66357,0.04311109981111524
test-66358,0.019249356334985257
test-66359,0.031898620420456394
test-6636,0.015829590056087542
test-66360,0.11363757391924637
test-66361,0.027080731788388254
test-66362,0.018021320669312845
test-66363,0.024116125966791295
test-66364,0.0680204808512694
test-66365,0.019275554613386387
test-66366,0.15701630716024761
test-66367,0.014318472517051692
test-66368,0.016538371809078155
test-66369,0.11808409985493855
test-6637,0.26080461539259847
test-66370,0.05339307069340168
test-66371,0.04953980615094274
test-66372,0.3904186118225203
test-66373,0.25788273733967376
test-66374,0.0522866469823982
test-66375,0.02224673604338441
test-66376,0.14859827599459538
test-66377,0.04689126967445379
test-66378,0.24716406418233164
test-66379,0.026274500679190137
test-6638,0.007939076330457717
test-66380,0.0687732139720173
test-66381,0.09354910437982168
test-66382,0.27945060572467795
test-66383,0.021480988420496946
test-66384,0.07940250012847111
test-66385,0.01314445307244974
test-66386,0.09143209743752091
test-66387,0.013179661004751882
test-66388,0.3497444966332126
test-66389,0.1244892465673478
test-6639,0.03880566763731674
test-66390,0.0711061941096629
test-66391,0.12249642571331844
test-66392,0.25453752245194944
test-66393,0.11773923230328613
test-66394,0.011303898089712746
test-66395,0.12352064208897057
test-66396,0.08762072139441085
test-66397,0.02603801234091004
test-66398,0.15553359318188978
test-66399,0.12977634545582437
test-664,0.1317417342394935
test-6640,0.22038534189019826
test-66400,0.12758786262445412
test-66401,0.15984489638363583
test-66402,0.22318839352362804
test-66403,0.00792244212568748
test-66404,0.022827051711578453
test-66405,0.024587608261745626
test-66406,0.00850036772510996
test-66407,0.010984650763629103
test-66408,0.13253984701525492
test-66409,0.36091290514125585
test-6641,0.12517565873768208
test-66410,0.04688163618239434
test-66411,0.16575889564831295
test-66412,0.03359347823370298
test-66413,0.005179473137095237
test-66414,0.013100213604508366
test-66415,0.03449290580061207
test-66416,0.1425004619838877
test-66417,0.20414661079388555
test-66418,0.019375716408831255
test-66419,0.0673035348799053
test-6642,0.019300035846878855
test-66420,0.10424262673866508
test-66421,0.18138614041753237
test-66422,0.0144033046334829
test-66423,0.03562798081380685
test-66424,0.07889854563356552
test-66425,0.03120095606911416
test-66426,0.040664146277973795
test-66427,0.019435380413904642
test-66428,0.06323384565026884
test-66429,0.28124703875556367
test-6643,0.01690685384991717
test-66430,0.027161273541921188
test-66431,0.009712512147975751
test-66432,0.26730878213419784
test-66433,0.01395859110368722
test-66434,0.33579139966699684
test-66435,0.01784462358915346
test-66436,0.011093823449985976
test-66437,0.04252105837468247
test-66438,0.016025541736849815
test-66439,0.10605747899609444
test-6644,0.11199155317712656
test-66440,0.01323693783078075
test-66441,0.09219236325278243
test-66442,0.3220812034622364
test-66443,0.12523201730013997
test-66444,0.05914534686484879
test-66445,0.036592687707977335
test-66446,0.02912335805474075
test-66447,0.024637955026289092
test-66448,0.021632142716081326
test-66449,0.02515777627471399
test-6645,0.01832155013394861
test-66450,0.07869897189533245
test-66451,0.0669392073111586
test-66452,0.10445832010707386
test-66453,0.013756795629109591
test-66454,0.0397735718220828
test-66455,0.061577899304617906
test-66456,0.1001728034970038
test-66457,0.04581911949977503
test-66458,0.03076813074570375
test-66459,0.023329163946757835
test-6646,0.06313387959487642
test-66460,0.010338178292936998
test-66461,0.15226319253677517
test-66462,0.11620376548595909
test-66463,0.1517181994288566
test-66464,0.009395635629308287
test-66465,0.26637518866603394
test-66466,0.155555117176134
test-66467,0.01618101842727473
test-66468,0.16835039372260174
test-66469,0.022056466302850405
test-6647,0.018669518361155997
test-66470,0.17645226684991447
test-66471,0.28309756851400286
test-66472,0.1398388875173638
test-66473,0.1387564677932596
test-66474,0.12073581539078104
test-66475,0.021691155008224532
test-66476,0.06327241612297828
test-66477,0.19983936492927104
test-66478,0.023001343938041225
test-66479,0.020984244491213614
test-6648,0.035586844310777584
test-66480,0.0907451965126057
test-66481,0.012913762425895882
test-66482,0.08003083037374147
test-66483,0.057534650687697766
test-66484,0.05526658446463881
test-66485,0.16460355188792128
test-66486,0.08667552464164029
test-66487,0.25410939047211256
test-66488,0.01701909456711571
test-66489,0.007019819896002921
test-6649,0.018681551897731647
test-66490,0.08989948505610701
test-66491,0.09503873836229888
test-66492,0.037486638302877136
test-66493,0.1461234756608596
test-66494,0.009821116585065749
test-66495,0.025007386117648103
test-66496,0.10518758840254525
test-66497,0.1824034431482472
test-66498,0.22619679567229217
test-66499,0.04297982685202927
test-665,0.01610349207419715
test-6650,0.013352335495722751
test-66500,0.09613443595337047
test-66501,0.0960649301636989
test-66502,0.14227836853317583
test-66503,0.015745229371678316
test-66504,0.20580447855737793
test-66505,0.08890115724917734
test-66506,0.12669521753714805
test-66507,0.032325441623230415
test-66508,0.052680201423058265
test-66509,0.022023821151709932
test-6651,0.011900736948174203
test-66510,0.031627398627721556
test-66511,0.09787796055403811
test-66512,0.0537612159782778
test-66513,0.08543612012073748
test-66514,0.017990356060645883
test-66515,0.012185934938322488
test-66516,0.01586787206807222
test-66517,0.10008522656468961
test-66518,0.020662243343152434
test-66519,0.007902523869116017
test-6652,0.006502883004136894
test-66520,0.026589244343448778
test-66521,0.010735802353632523
test-66522,0.027014312529422282
test-66523,0.275124858609311
test-66524,0.014683521533281339
test-66525,0.01560925587944964
test-66526,0.006925607029838732
test-66527,0.02949026839429855
test-66528,0.04564281061499872
test-66529,0.06036037746113669
test-6653,0.018780874076986243
test-66530,0.00856654538764342
test-66531,0.09267583757863966
test-66532,0.012635577641674597
test-66533,0.014236250470800828
test-66534,0.14063984938086524
test-66535,0.014684448557898761
test-66536,0.020855758442417757
test-66537,0.023173069090630737
test-66538,0.20368655124824386
test-66539,0.16695447271917302
test-6654,0.06988811538137597
test-66540,0.008679716647584289
test-66541,0.009503389694959605
test-66542,0.08096571373824285
test-66543,0.022866670692999476
test-66544,0.021528190749961748
test-66545,0.023057239287004552
test-66546,0.047980128203571434
test-66547,0.01637697474636509
test-66548,0.061577899304617906
test-66549,0.022901667464646308
test-6655,0.024440356099199253
test-66550,0.20117429995224723
test-66551,0.09783587103347056
test-66552,0.015091907869000068
test-66553,0.047769277222148014
test-66554,0.18827971898496845
test-66555,0.015150701595782792
test-66556,0.022986783927030456
test-66557,0.036592687707977335
test-66558,0.06259100480523434
test-66559,0.2090315629670927
test-6656,0.11545301120162402
test-66560,0.12558287175387534
test-66561,0.02854190843893384
test-66562,0.007699937958052582
test-66563,0.02024681269764035
test-66564,0.0669392073111586
test-66565,0.02458692946701565
test-66566,0.14379401417228324
test-66567,0.23482026349102922
test-66568,0.07001276528852196
test-66569,0.36365730280050523
test-6657,0.0666064039890525
test-66570,0.19632024349265403
test-66571,0.20136294708090585
test-66572,0.032070495637759405
test-66573,0.052587175427313934
test-66574,0.011034368975189687
test-66575,0.23850969639529154
test-66576,0.025000303872486508
test-66577,0.18792010931762498
test-66578,0.008416308877064734
test-66579,0.08003083037374147
test-6658,0.010024969971906408
test-66580,0.01092486426254855
test-66581,0.09859505329056155
test-66582,0.024101999657270362
test-66583,0.01593473952995811
test-66584,0.04047919215840426
test-66585,0.0908826532264291
test-66586,0.14553694076409418
test-66587,0.17909856925714268
test-66588,0.039404528476821625
test-66589,0.14007544223954788
test-6659,0.014707348130073355
test-66590,0.015177193228578464
test-66591,0.09435854111353265
test-66592,0.022905204949249414
test-66593,0.023856509764309138
test-66594,0.02653300057092141
test-66595,0.009139667948918184
test-66596,0.039161185045361556
test-66597,0.0846182167635542
test-66598,0.1897079466719651
test-66599,0.017739562320731116
test-666,0.13731171035429612
test-6660,0.03550613727987443
test-66600,0.032190321052609036
test-66601,0.01575342410646979
test-66602,0.011564735717893416
test-66603,0.12473865730698884
test-66604,0.015052611866545133
test-66605,0.05481095154276937
test-66606,0.07931633369088432
test-66607,0.09673533330374554
test-66608,0.02522002832760493
test-66609,0.010056568827193078
test-6661,0.03279166446987655
test-66610,0.06246387759721489
test-66611,0.308164514147282
test-66612,0.10634286174550034
test-66613,0.1746203716465402
test-66614,0.020421747890283556
test-66615,0.15795357113123662
test-66616,0.1618096243935481
test-66617,0.10135147787955867
test-66618,0.03554146798974776
test-66619,0.09870796579632887
test-6662,0.009379571220005656
test-66620,0.010962274824855468
test-66621,0.06427222437325687
test-66622,0.00795567002010734
test-66623,0.04468423038775441
test-66624,0.05815979624515651
test-66625,0.010559786963203357
test-66626,0.17518050766936918
test-66627,0.023178092852834148
test-66628,0.10022332301988479
test-66629,0.022654048654645702
test-6663,0.21069383708483053
test-66630,0.039969779057975184
test-66631,0.20076210400682523
test-66632,0.0687732139720173
test-66633,0.14768120054396036
test-66634,0.011991664691228183
test-66635,0.06614136984641822
test-66636,0.01106894259235816
test-66637,0.02684502067674993
test-66638,0.025694818557914986
test-66639,0.12277423351698022
test-6664,0.12404228944097181
test-66640,0.025718121518456535
test-66641,0.12498348346179866
test-66642,0.010494522582037098
test-66643,0.03888208619242015
test-66644,0.015711132943080963
test-66645,0.24661262786333527
test-66646,0.34102617316174355
test-66647,0.02057322281665833
test-66648,0.12663596937894922
test-66649,0.17806928299513036
test-6665,0.03492494814696013
test-66650,0.0883593489960353
test-66651,0.0091119697118891
test-66652,0.04087220544538983
test-66653,0.02250366963221875
test-66654,0.10896515092504538
test-66655,0.07282589225189656
test-66656,0.018415530052612088
test-66657,0.14917253254596
test-66658,0.04702163954120913
test-66659,0.014301334145836673
test-6666,0.10914418169580396
test-66660,0.2026370988555699
test-66661,0.01677523846844686
test-66662,0.015187498430156961
test-66663,0.025252184811312202
test-66664,0.01959444625530337
test-66665,0.02686534706788504
test-66666,0.015262413415543078
test-66667,0.012676358140311067
test-66668,0.08275980830972349
test-66669,0.0060548320974678676
test-6667,0.006668069010721944
test-66670,0.046244890320585263
test-66671,0.18143654393782063
test-66672,0.06845179840037012
test-66673,0.013351261666468198
test-66674,0.09791288338309262
test-66675,0.021383747732432384
test-66676,0.007560439816767133
test-66677,0.04342217792467707
test-66678,0.10590333773352646
test-66679,0.016362929264359716
test-6668,0.013235976222912194
test-66680,0.2663947902185754
test-66681,0.028019505934570078
test-66682,0.18505780148061426
test-66683,0.2014911767264218
test-66684,0.15432554620452843
test-66685,0.3338386623126168
test-66686,0.12815638368753415
test-66687,0.013297670862006596
test-66688,0.01404681657340385
test-66689,0.05527113041701808
test-6669,0.06412278019117269
test-66690,0.06835049620102612
test-66691,0.024893879483904167
test-66692,0.02565955462425593
test-66693,0.10782646824473852
test-66694,0.04455356445495195
test-66695,0.018255294285518347
test-66696,0.11070012508266591
test-66697,0.06769227346933265
test-66698,0.013747557089876948
test-66699,0.2262887729828075
test-667,0.10371323121284892
test-6670,0.1145562784460311
test-66700,0.11554691356435694
test-66701,0.007138490769114354
test-66702,0.011980592619461718
test-66703,0.008706556938887451
test-66704,0.0687732139720173
test-66705,0.09530179575731972
test-66706,0.04406428558156642
test-66707,0.028712603841137163
test-66708,0.09019866566487462
test-66709,0.010332737039342404
test-6671,0.16695447271917302
test-66710,0.022568029882829292
test-66711,0.008664461650980487
test-66712,0.019828277784809414
test-66713,0.2777405812873171
test-66714,0.1313395705021038
test-66715,0.01855212097442826
test-66716,0.0669392073111586
test-66717,0.041690459534014575
test-66718,0.036713955592597075
test-66719,0.0067704113594179586
test-6672,0.1874862335038975
test-66720,0.016299959920368676
test-66721,0.04624619934556738
test-66722,0.03950915470502685
test-66723,0.020184049019556536
test-66724,0.02556187287998153
test-66725,0.0213348458276394
test-66726,0.1581373015808407
test-66727,0.022515040473647864
test-66728,0.16118177903037845
test-66729,0.07093141108340034
test-6673,0.1869213515024209
test-66730,0.13243842754135182
test-66731,0.2522682757654695
test-66732,0.01680764930967949
test-66733,0.16909786834679408
test-66734,0.1299369883613502
test-66735,0.02764346060329443
test-66736,0.033892944640637204
test-66737,0.14127440860097476
test-66738,0.025992349731277842
test-66739,0.25832405356580806
test-6674,0.009496689040701934
test-66740,0.034875457747988434
test-66741,0.02397139077881984
test-66742,0.011187251021973528
test-66743,0.019332044672095986
test-66744,0.017814480791874615
test-66745,0.02204698475335802
test-66746,0.31031435814079444
test-66747,0.06613128233036399
test-66748,0.1999731564825198
test-66749,0.019172431002573063
test-6675,0.011022562633746256
test-66750,0.015033035743328413
test-66751,0.020540644383709294
test-66752,0.1121843011151068
test-66753,0.03257492825974957
test-66754,0.14247553619821407
test-66755,0.14307215942874507
test-66756,0.2330709026128012
test-66757,0.06903554095077442
test-66758,0.020763332932378514
test-66759,0.17120342076938516
test-6676,0.1810736553600906
test-66760,0.25212517694398046
test-66761,0.007855032054407818
test-66762,0.31311252640111137
test-66763,0.1066530050467754
test-66764,0.1145194732061183
test-66765,0.02925580883786919
test-66766,0.137743477675498
test-66767,0.3904186118225203
test-66768,0.03329162858335588
test-66769,0.008432118628875863
test-6677,0.03944032528564574
test-66770,0.13751337355585655
test-66771,0.1387857061874638
test-66772,0.01028243120262805
test-66773,0.15004116666827663
test-66774,0.011301773025743601
test-66775,0.010753781503308532
test-66776,0.03686670960135319
test-66777,0.030050478704596845
test-66778,0.32372745703757216
test-66779,0.007863580652676984
test-6678,0.03902237910186181
test-66780,0.179646975404358
test-66781,0.14906495375692852
test-66782,0.14693820533401758
test-66783,0.08748176207077804
test-66784,0.018574124346674215
test-66785,0.14160403584076814
test-66786,0.0265889939324808
test-66787,0.15468166755957946
test-66788,0.2441980129541587
test-66789,0.12336995817682628
test-6679,0.25217726805312385
test-66790,0.016451050972603555
test-66791,0.13844485831116107
test-66792,0.16590984825610067
test-66793,0.02980532954747122
test-66794,0.03694316241330263
test-66795,0.10812230317096443
test-66796,0.02750960850705585
test-66797,0.012936749906635021
test-66798,0.010390465564834427
test-66799,0.02372770533850546
test-668,0.013907159062645657
test-6680,0.13774157405628287
test-66800,0.06551525199582188
test-66801,0.022878795973006388
test-66802,0.11966452781964629
test-66803,0.3394139247538089
test-66804,0.018290525220486017
test-66805,0.18866041908998754
test-66806,0.13956941702613873
test-66807,0.11154028886134498
test-66808,0.02543413379811761
test-66809,0.009811653372753746
test-6681,0.0829889121420105
test-66810,0.20239904591060112
test-66811,0.13775918575813118
test-66812,0.026951386858540226
test-66813,0.031650786693649915
test-66814,0.14194652499910534
test-66815,0.02160449127490314
test-66816,0.2364824725462624
test-66817,0.03695119828750819
test-66818,0.007973423258864232
test-66819,0.24254321679418933
test-6682,0.20135016868153116
test-66820,0.05539303057802659
test-66821,0.019837740351841396
test-66822,0.1214417384823019
test-66823,0.1782446555507042
test-66824,0.02985632158955969
test-66825,0.015558848814878429
test-66826,0.03169832376697381
test-66827,0.030781103620546018
test-66828,0.017001451876712065
test-66829,0.10622769514566124
test-6683,0.023234666123362613
test-66830,0.16695447271917302
test-66831,0.005903633817895459
test-66832,0.021523591032456907
test-66833,0.19244131914554566
test-66834,0.024843390447673586
test-66835,0.03618003034957812
test-66836,0.38594479722674285
test-66837,0.15154472671397362
test-66838,0.03730708546361911
test-66839,0.011206606047868897
test-6684,0.07931075502391961
test-66840,0.04688163618239434
test-66841,0.06983136155849988
test-66842,0.012568940636166112
test-66843,0.10967647743502154
test-66844,0.008443481737337723
test-66845,0.0236845923333821
test-66846,0.04110996757285537
test-66847,0.037658600636406254
test-66848,0.07288148558433358
test-66849,0.03635479179379278
test-6685,0.060749948865709835
test-66850,0.02133231389192287
test-66851,0.012637857763808859
test-66852,0.01999883731992536
test-66853,0.1698688107781243
test-66854,0.0682077616163572
test-66855,0.09638621102156193
test-66856,0.020479287085730515
test-66857,0.4057565914966612
test-66858,0.19450856604872882
test-66859,0.13040914171264414
test-6686,0.013355833562394167
test-66860,0.007004969768412017
test-66861,0.04252105837468247
test-66862,0.2875054674359933
test-66863,0.20138667492899665
test-66864,0.04914597372862528
test-66865,0.17749960200925405
test-66866,0.41388197397725135
test-66867,0.009501418558876843
test-66868,0.015314936643416622
test-66869,0.16914540415456433
test-6687,0.02367031041431239
test-66870,0.03939938888085561
test-66871,0.02069284238150086
test-66872,0.14132883506858265
test-66873,0.03436521809599211
test-66874,0.03207947787863464
test-66875,0.1368064526262009
test-66876,0.08325872142667289
test-66877,0.1587531170075455
test-66878,0.10948297718932011
test-66879,0.007137790555822894
test-6688,0.07968008541165149
test-66880,0.12151624916098193
test-66881,0.20192717866426538
test-66882,0.03208458140061395
test-66883,0.027471521470755177
test-66884,0.13237473373389974
test-66885,0.022919576787163606
test-66886,0.014339860758183753
test-66887,0.10812230317096443
test-66888,0.011043539749771215
test-66889,0.1734528017622262
test-6689,0.012256559785211393
test-66890,0.035875152760839295
test-66891,0.0829218568225859
test-66892,0.008349952222107486
test-66893,0.01312990896769692
test-66894,0.012562816633475558
test-66895,0.0852456290057542
test-66896,0.39565193186279335
test-66897,0.047310692056158864
test-66898,0.10074380023192826
test-66899,0.07154554671561687
test-669,0.061577899304617906
test-6690,0.25410790322514937
test-66900,0.17820205542073778
test-66901,0.011024266488654174
test-66902,0.07865136937087115
test-66903,0.012384915932797074
test-66904,0.019980836732376137
test-66905,0.012273158600710272
test-66906,0.04735629869033125
test-66907,0.13584648180255504
test-66908,0.37425672766154533
test-66909,0.013005963899563298
test-6691,0.10566706976063163
test-66910,0.02114565949745344
test-66911,0.1699839387370069
test-66912,0.02547168289526059
test-66913,0.032378659605434186
test-66914,0.0669392073111586
test-66915,0.1313395705021038
test-66916,0.03761104832995318
test-66917,0.01097369256069185
test-66918,0.12262950428994593
test-66919,0.011615213185694648
test-6692,0.03706533139256917
test-66920,0.07081651254111938
test-66921,0.03681316845055552
test-66922,0.0061505595492283216
test-66923,0.014390477085816452
test-66924,0.007438883387959811
test-66925,0.06901256719635225
test-66926,0.17975843968303243
test-66927,0.028248544913788417
test-66928,0.17676913793907537
test-66929,0.2049681152135336
test-6693,0.04146828243016562
test-66930,0.10135147787955867
test-66931,0.3603577995077128
test-66932,0.08395183120844195
test-66933,0.13632316857259644
test-66934,0.15455492546013833
test-66935,0.1127279061666934
test-66936,0.21453338019642565
test-66937,0.05868568112799116
test-66938,0.044689260717378713
test-66939,0.02769677507641612
test-6694,0.07807872085554522
test-66940,0.044693572919255665
test-66941,0.020653588171496286
test-66942,0.34227215879228917
test-66943,0.009635868451908827
test-66944,0.03935088388217238
test-66945,0.015792160852457566
test-66946,0.1821297276504446
test-66947,0.026955172576033946
test-66948,0.04799414015474895
test-66949,0.27068596967868996
test-6695,0.10135147787955867
test-66950,0.14936100556311693
test-66951,0.015738082478855817
test-66952,0.025602824649159122
test-66953,0.009155610071642381
test-66954,0.10928441419957592
test-66955,0.2927969099924036
test-66956,0.018162759693712057
test-66957,0.04252105837468247
test-66958,0.0741414003983916
test-66959,0.12661957088946885
test-6696,0.02812774547977176
test-66960,0.03196445431625904
test-66961,0.30345964812948845
test-66962,0.007103459395646547
test-66963,0.33635535843854614
test-66964,0.23222743196355328
test-66965,0.06837716154279296
test-66966,0.033321610539726126
test-66967,0.32412656905913556
test-66968,0.32641958553279166
test-66969,0.039477482084524645
test-6697,0.0836160361599026
test-66970,0.028981049762852013
test-66971,0.07096446565888062
test-66972,0.032027553616175014
test-66973,0.13686649501455087
test-66974,0.01481228138285431
test-66975,0.0669392073111586
test-66976,0.06769879338391328
test-66977,0.13443649263353588
test-66978,0.24563532912386798
test-66979,0.1508126009690024
test-6698,0.05608161125235809
test-66980,0.011187251021973528
test-66981,0.36180148556864045
test-66982,0.06912799229490997
test-66983,0.04436925249107653
test-66984,0.07928676758595092
test-66985,0.03356238907557358
test-66986,0.1632515319984783
test-66987,0.31639113532117935
test-66988,0.045163227381492636
test-66989,0.031566883425509264
test-6699,0.008930337169720005
test-66990,0.0801953694129738
test-66991,0.021109848561460247
test-66992,0.08576130120973265
test-66993,0.02967743402750785
test-66994,0.013225891972198242
test-66995,0.046009648738188004
test-66996,0.06554234679240642
test-66997,0.03614509191943906
test-66998,0.008793285853239617
test-66999,0.19044485455797192
test-67,0.016044496788667834
test-670,0.02166714076758941
test-6700,0.0669392073111586
test-67000,0.09985010718917382
test-67001,0.2674500661546806
test-67002,0.20368655124824386
test-67003,0.019396848590989127
test-67004,0.28546104868914546
test-67005,0.15409058034147938
test-67006,0.13789967507468318
test-67007,0.010609968812195149
test-67008,0.020998884843027126
test-67009,0.2611720502264323
test-6701,0.016161277060601893
test-67010,0.21947627287290275
test-67011,0.026372372374516787
test-67012,0.033220947084565446
test-67013,0.004750830298266732
test-67014,0.05828821081148281
test-67015,0.01288682404724962
test-67016,0.08091840458510943
test-67017,0.039516019431297615
test-67018,0.12756464018589395
test-67019,0.11790273543109678
test-6702,0.05819604623059732
test-67020,0.013891963986724137
test-67021,0.35483554019669866
test-67022,0.04811768906445356
test-67023,0.018241031211899145
test-67024,0.10016106950207247
test-67025,0.0669392073111586
test-67026,0.019266145932857248
test-67027,0.06803412447426488
test-67028,0.021958161317193147
test-67029,0.006223786633920408
test-6703,0.18177196761872258
test-67030,0.008475525864905962
test-67031,0.06613128233036399
test-67032,0.0069989158232690064
test-67033,0.13723585301291086
test-67034,0.01821505667465259
test-67035,0.11854525046218815
test-67036,0.07270163841092878
test-67037,0.09787796055403811
test-67038,0.12034676410352553
test-67039,0.018573713660987288
test-6704,0.09467937905533548
test-67040,0.013214938090158612
test-67041,0.012302762994075978
test-67042,0.021293043288361575
test-67043,0.009105272070074754
test-67044,0.16258210992199318
test-67045,0.05339307069340168
test-67046,0.19236271477146402
test-67047,0.1838668322041126
test-67048,0.00878720589187768
test-67049,0.05896012090409313
test-6705,0.04967481547494608
test-67050,0.02839726257748859
test-67051,0.10046572688012989
test-67052,0.2215808240564418
test-67053,0.014616811999332718
test-67054,0.020315102656831598
test-67055,0.05055530363131904
test-67056,0.009633445195102529
test-67057,0.016499903587831818
test-67058,0.028036646000716047
test-67059,0.16815243234815966
test-6706,0.2143812824003862
test-67060,0.03593440561935754
test-67061,0.008917876003165253
test-67062,0.008623777461767302
test-67063,0.0074460345379434925
test-67064,0.4252554837280234
test-67065,0.10230512067301363
test-67066,0.0091119697118891
test-67067,0.022604194361582425
test-67068,0.17925597430206539
test-67069,0.08890115724917734
test-6707,0.03317357571672344
test-67070,0.037299700858960345
test-67071,0.020891542826394698
test-67072,0.05522703994050245
test-67073,0.0143632518024536
test-67074,0.40914661054400314
test-67075,0.055971340744869105
test-67076,0.11671903520046009
test-67077,0.26129216182336673
test-67078,0.037802933463891165
test-67079,0.37166907912227104
test-6708,0.05436674078975019
test-67080,0.0669392073111586
test-67081,0.028427135698466825
test-67082,0.05892489478764712
test-67083,0.2558036947468898
test-67084,0.0523682385772108
test-67085,0.08859057383072798
test-67086,0.034462792400414846
test-67087,0.21978189982694504
test-67088,0.008451508995985497
test-67089,0.05210238457801451
test-6709,0.015602907059892345
test-67090,0.31639113532117935
test-67091,0.2614620302551285
test-67092,0.035883359986586955
test-67093,0.1910367256898184
test-67094,0.21113576864986242
test-67095,0.009310283983320898
test-67096,0.007019791302617607
test-67097,0.08130351433005753
test-67098,0.01984143788390806
test-67099,0.18607134272790726
test-671,0.1689499874967984
test-6710,0.024492408339036046
test-67100,0.0109083218286929
test-67101,0.09012284828754594
test-67102,0.021640441901058585
test-67103,0.011420526122138308
test-67104,0.19290878976665882
test-67105,0.12750083480216265
test-67106,0.009154938317533024
test-67107,0.037314325260610175
test-67108,0.03341847573915413
test-67109,0.0707119985986715
test-6711,0.23900369541852823
test-67110,0.02183948983591184
test-67111,0.09787796055403811
test-67112,0.07014673511928562
test-67113,0.10977125055524378
test-67114,0.07583931608310544
test-67115,0.2378485715783027
test-67116,0.025578902964529485
test-67117,0.018679785237779235
test-67118,0.02598049569371233
test-67119,0.017961236616667747
test-6712,0.0758921368634453
test-67120,0.012690752556213207
test-67121,0.12948280615147423
test-67122,0.024554574859873387
test-67123,0.06558543347912044
test-67124,0.0681113142677019
test-67125,0.028288215439958114
test-67126,0.013041573391006266
test-67127,0.06420640299672713
test-67128,0.17820205542073778
test-67129,0.012733704304389493
test-6713,0.08661128354520885
test-67130,0.0395775463138258
test-67131,0.07287513663214307
test-67132,0.016377714114926563
test-67133,0.01295109350482895
test-67134,0.017190557492110663
test-67135,0.020936088181508977
test-67136,0.17261752591391524
test-67137,0.012622152924728174
test-67138,0.01803675622622386
test-67139,0.028011357951184136
test-6714,0.014998950325453238
test-67140,0.046684802853147356
test-67141,0.011669119456656465
test-67142,0.008171562663981858
test-67143,0.022900719249938927
test-67144,0.028758970137325153
test-67145,0.01947995840102267
test-67146,0.1832177602153138
test-67147,0.11620376548595909
test-67148,0.00925803662767432
test-67149,0.03941874907551302
test-6715,0.17645226684991447
test-67150,0.04183595476614899
test-67151,0.04315587774234556
test-67152,0.0372330751960068
test-67153,0.13946060125916582
test-67154,0.05244760688270192
test-67155,0.014757087228912592
test-67156,0.01395859110368722
test-67157,0.0888687870523802
test-67158,0.20119292790449267
test-67159,0.03687097074396525
test-6716,0.21116582113136026
test-67160,0.014420331529243465
test-67161,0.0685769913690541
test-67162,0.018952753565847438
test-67163,0.07843687858398381
test-67164,0.14521268313073882
test-67165,0.39324078457006145
test-67166,0.0510634465736328
test-67167,0.06421002244089799
test-67168,0.009764237828809945
test-67169,0.04468933282576323
test-6717,0.06229248314362648
test-67170,0.04468739901528994
test-67171,0.029726604630489883
test-67172,0.00787166348296611
test-67173,0.24405373889209409
test-67174,0.07666413761860694
test-67175,0.3267316099443742
test-67176,0.010848849213182913
test-67177,0.1356380738106281
test-67178,0.024440356099199253
test-67179,0.15403251763165596
test-6718,0.013576528714555006
test-67180,0.019697652401396558
test-67181,0.010495418056502864
test-67182,0.054528660164177414
test-67183,0.09618722114159195
test-67184,0.08096110748823805
test-67185,0.1206662052077265
test-67186,0.09478580921791226
test-67187,0.033584882621283556
test-67188,0.08404038273653341
test-67189,0.1263735068917583
test-6719,0.17645226684991447
test-67190,0.20992829845054767
test-67191,0.00997586490107625
test-67192,0.0256910219781938
test-67193,0.2044799643817732
test-67194,0.31089755506065525
test-67195,0.019282984525144174
test-67196,0.36767049087436543
test-67197,0.018841852694408735
test-67198,0.008560422664731738
test-67199,0.1166926537336016
test-672,0.2231906816063734
test-6720,0.01644526443499383
test-67200,0.016740870732518703
test-67201,0.02806966592886712
test-67202,0.0692935195666986
test-67203,0.13524787146096826
test-67204,0.08962782951307559
test-67205,0.1486798093671382
test-67206,0.2764131530751502
test-67207,0.030755259014961907
test-67208,0.05757325013236778
test-67209,0.06983136155849988
test-6721,0.11690782927104641
test-67210,0.009461553684584335
test-67211,0.010151389633337194
test-67212,0.08003083037374147
test-67213,0.04503019996985762
test-67214,0.04688163618239434
test-67215,0.022185549664788584
test-67216,0.017550387763098477
test-67217,0.08290872674684348
test-67218,0.023011596716070937
test-67219,0.03656390519956283
test-6722,0.16256192306206924
test-67220,0.08487258915509491
test-67221,0.22918271683084573
test-67222,0.10135147787955867
test-67223,0.061123565633985015
test-67224,0.0669392073111586
test-67225,0.3043501098292609
test-67226,0.17645226684991447
test-67227,0.031546051914641694
test-67228,0.03944032528564574
test-67229,0.0427902732587495
test-6723,0.030335608896396832
test-67230,0.04187143440187597
test-67231,0.060002527145057286
test-67232,0.3147502131079928
test-67233,0.01808765482523349
test-67234,0.03219425194483312
test-67235,0.021346821693959576
test-67236,0.026228892558182237
test-67237,0.03667886671461944
test-67238,0.10995647307232766
test-67239,0.24952422992327794
test-6724,0.010056363433970284
test-67240,0.3578762416055209
test-67241,0.033501057854088405
test-67242,0.015324327085486174
test-67243,0.09535160414351117
test-67244,0.11709343371842393
test-67245,0.09778155508214541
test-67246,0.15465726238851799
test-67247,0.03116387719111979
test-67248,0.03246777091919612
test-67249,0.09456466912495104
test-6725,0.00929450224729074
test-67250,0.047829491111354185
test-67251,0.009844766817339836
test-67252,0.12929947658339513
test-67253,0.07174304238411558
test-67254,0.014170141225443177
test-67255,0.04321644587540689
test-67256,0.07538709810930358
test-67257,0.19736186067404812
test-67258,0.08450391706935079
test-67259,0.01897571321258728
test-6726,0.06259777101322091
test-67260,0.38368250115368974
test-67261,0.011052531641681048
test-67262,0.014675783144617061
test-67263,0.03611663395578433
test-67264,0.017117271538458708
test-67265,0.09618307027181106
test-67266,0.06966667974880154
test-67267,0.260686008382042
test-67268,0.011140068957655428
test-67269,0.06850663184945754
test-6727,0.01900038240677797
test-67270,0.1784089747037841
test-67271,0.031040846037729733
test-67272,0.031051262151316802
test-67273,0.12946855012042505
test-67274,0.021391864673123238
test-67275,0.07586445930693646
test-67276,0.01065604505436549
test-67277,0.137743477675498
test-67278,0.0144593781657374
test-67279,0.17834618147322578
test-6728,0.04102719487459358
test-67280,0.3519925239281564
test-67281,0.06536764705152612
test-67282,0.29103353116324693
test-67283,0.33237016745917264
test-67284,0.012175742077683849
test-67285,0.036697813200545944
test-67286,0.028632209259534323
test-67287,0.33215616560189976
test-67288,0.04233611976077963
test-67289,0.1927025509411931
test-6729,0.21847498021360073
test-67290,0.131664200537681
test-67291,0.05948539271495662
test-67292,0.021229365066755896
test-67293,0.013876298874662227
test-67294,0.03463037888113405
test-67295,0.2392426452472124
test-67296,0.07145206924872341
test-67297,0.19286334359055451
test-67298,0.013803322894367847
test-67299,0.006035724854898556
test-673,0.026914497402886775
test-6730,0.07364328606729996
test-67300,0.03394517755049771
test-67301,0.14475957770043624
test-67302,0.02126958504738388
test-67303,0.25561895904408594
test-67304,0.0699216768503192
test-67305,0.011239040867514056
test-67306,0.0275391408797929
test-67307,0.03466717754616335
test-67308,0.010730709223603226
test-67309,0.02865421325549259
test-6731,0.007881168365748288
test-67310,0.016061036304917984
test-67311,0.056175817237386474
test-67312,0.060876574093039815
test-67313,0.01132593825126247
test-67314,0.049058874745930986
test-67315,0.18233041260119667
test-67316,0.3207147578667858
test-67317,0.03597463290363991
test-67318,0.23130909559743337
test-67319,0.02671249552374176
test-6732,0.054877533999256524
test-67320,0.3312823413182434
test-67321,0.006434615304636183
test-67322,0.007414207549555136
test-67323,0.020704023539492848
test-67324,0.061577899304617906
test-67325,0.28641784713248625
test-67326,0.20415890138616308
test-67327,0.09980759953703729
test-67328,0.12666556662764103
test-67329,0.12796851635119139
test-6733,0.12819412947753134
test-67330,0.038287735319688224
test-67331,0.1543693773528168
test-67332,0.08192813516343656
test-67333,0.038185564957500515
test-67334,0.25766027760286747
test-67335,0.015271826877613016
test-67336,0.24782615735307742
test-67337,0.019102136394599824
test-67338,0.01410092173410621
test-67339,0.17516705505801267
test-6734,0.39427979348673103
test-67340,0.03777418067477202
test-67341,0.12456179376616706
test-67342,0.024155352529967058
test-67343,0.10000315538152091
test-67344,0.10622105484310529
test-67345,0.07823028229324128
test-67346,0.25056137353351793
test-67347,0.22693647186414292
test-67348,0.03332848790665245
test-67349,0.022682073572861665
test-6735,0.047436425347739085
test-67350,0.014106620116213279
test-67351,0.016250961025215574
test-67352,0.04793266593257122
test-67353,0.04252105837468247
test-67354,0.02568518544248156
test-67355,0.020549412574378534
test-67356,0.07382117653151868
test-67357,0.008149002485368602
test-67358,0.014858788340851062
test-67359,0.10568929519208212
test-6736,0.06991324584585139
test-67360,0.10188653923827756
test-67361,0.23951129992376508
test-67362,0.033400007145687936
test-67363,0.13655548400463585
test-67364,0.014639547795696923
test-67365,0.06458597682622909
test-67366,0.0270879990082717
test-67367,0.12340822994866595
test-67368,0.0707119985986715
test-67369,0.02307196047907988
test-6737,0.022468810331311127
test-67370,0.010540420905899251
test-67371,0.3203868204994877
test-67372,0.01328449488975655
test-67373,0.00836464615373672
test-67374,0.12180681590932334
test-67375,0.1856585508974143
test-67376,0.013005305040571825
test-67377,0.1508034093675064
test-67378,0.07984600052248031
test-67379,0.05745040110534035
test-6738,0.09787796055403811
test-67380,0.1098410520798025
test-67381,0.26842950675279253
test-67382,0.03243465346644129
test-67383,0.0707119985986715
test-67384,0.038533475407091664
test-67385,0.06603172975087725
test-67386,0.12264910584311718
test-67387,0.017079055827678505
test-67388,0.10383860017998112
test-67389,0.01789095598740124
test-6739,0.16488023947409652
test-67390,0.018487811456801444
test-67391,0.021604528128146134
test-67392,0.008573401587560446
test-67393,0.31511483222461395
test-67394,0.025795051743934184
test-67395,0.011602790346026001
test-67396,0.08890115724917734
test-67397,0.16885088407475612
test-67398,0.29499987947449424
test-67399,0.0691827100574332
test-674,0.09586743304730369
test-6740,0.29612063682228357
test-67400,0.009643941529102664
test-67401,0.06639499606339844
test-67402,0.16162287455228008
test-67403,0.05388431735212573
test-67404,0.17645226684991447
test-67405,0.2502660811273969
test-67406,0.026424429060477466
test-67407,0.14967501279347456
test-67408,0.16045975896926695
test-67409,0.09456466912495104
test-6741,0.15622230177143426
test-67410,0.24782168864499474
test-67411,0.02095753738498804
test-67412,0.3114606284064005
test-67413,0.02149288923958537
test-67414,0.02505751224571757
test-67415,0.07748062158489404
test-67416,0.06108085344638038
test-67417,0.12846456254910532
test-67418,0.0669392073111586
test-67419,0.012911692145145481
test-6742,0.010732582579566326
test-67420,0.016241865053188174
test-67421,0.05887642253919273
test-67422,0.015679479913787295
test-67423,0.08929600550049148
test-67424,0.11607553849948815
test-67425,0.09455692363957144
test-67426,0.23415483139590007
test-67427,0.015190424919779627
test-67428,0.28209679468167775
test-67429,0.14282447599002426
test-6743,0.021628247523237436
test-67430,0.03360458025992269
test-67431,0.004832925547049061
test-67432,0.1681261936037352
test-67433,0.08181116950240602
test-67434,0.03119136994847943
test-67435,0.032269744940211495
test-67436,0.04916323573096067
test-67437,0.028231343595340297
test-67438,0.01886185872847177
test-67439,0.01008071878192671
test-6744,0.20589529028896988
test-67440,0.03991986638617876
test-67441,0.007526808765187166
test-67442,0.15750379231492037
test-67443,0.05287200977825544
test-67444,0.015019734229997096
test-67445,0.014684200038307104
test-67446,0.009911654554493981
test-67447,0.05354993114750586
test-67448,0.2179069278062682
test-67449,0.068806761494123
test-6745,0.038256636536965816
test-67450,0.020311560059563825
test-67451,0.03609142108879803
test-67452,0.18418539639569032
test-67453,0.0567566206725006
test-67454,0.04906984181357477
test-67455,0.01624350171206528
test-67456,0.20947396207984723
test-67457,0.031679115603311714
test-67458,0.05358705917536899
test-67459,0.0761463288834153
test-6746,0.010214752213631247
test-67460,0.0374809670409722
test-67461,0.08047154444891133
test-67462,0.11452214070690082
test-67463,0.009822208104495288
test-67464,0.05729037921663875
test-67465,0.015721376286499594
test-67466,0.015258857431621989
test-67467,0.12654342528268078
test-67468,0.016678943260149584
test-67469,0.015455212785599741
test-6747,0.014952048281888427
test-67470,0.07467876477994335
test-67471,0.06586569982326805
test-67472,0.0523530943884815
test-67473,0.1247282384843349
test-67474,0.11412015650690727
test-67475,0.12460507488050093
test-67476,0.04034293001171191
test-67477,0.18211504625645
test-67478,0.164816081151123
test-67479,0.10756399676681379
test-6748,0.32374682251125336
test-67480,0.2754241825800075
test-67481,0.040436528039129886
test-67482,0.12169690673138563
test-67483,0.07344271144404275
test-67484,0.007482170278673592
test-67485,0.03419360943874574
test-67486,0.07896917855603469
test-67487,0.17976079518634924
test-67488,0.33822031397969404
test-67489,0.025516295754530807
test-6749,0.024808387949643882
test-67490,0.15088143536207446
test-67491,0.0131459111303747
test-67492,0.01037228250059816
test-67493,0.016458538816234096
test-67494,0.06602639190964625
test-67495,0.1928332255813984
test-67496,0.1543693773528168
test-67497,0.05157469620652404
test-67498,0.015902511690096457
test-67499,0.19642987980739332
test-675,0.014322195256926292
test-6750,0.09530179575731972
test-67500,0.024322686038981942
test-67501,0.12613085259458184
test-67502,0.03947409785080055
test-67503,0.20798173301375214
test-67504,0.0892800608451595
test-67505,0.02279456958807494
test-67506,0.02250498232986426
test-67507,0.020175523601037637
test-67508,0.019940305724054898
test-67509,0.026457293425263758
test-6751,0.014368555606340955
test-67510,0.011413507308042223
test-67511,0.013792916730799295
test-67512,0.20789995624219185
test-67513,0.0687732139720173
test-67514,0.06988156867062127
test-67515,0.05223005428463546
test-67516,0.03659485164952502
test-67517,0.02871992094131251
test-67518,0.09696220472692985
test-67519,0.00962243437812409
test-6752,0.01912486276729797
test-67520,0.009135021563454797
test-67521,0.011480725339014453
test-67522,0.17697226168883465
test-67523,0.24381897001722774
test-67524,0.010633966277893623
test-67525,0.090465041416714
test-67526,0.026424429060477466
test-67527,0.0366233320729772
test-67528,0.10846262970976613
test-67529,0.04294278416343529
test-6753,0.04252105837468247
test-67530,0.11827833961898702
test-67531,0.4014502377212439
test-67532,0.039335776619789306
test-67533,0.0315414840882949
test-67534,0.02362517086416097
test-67535,0.03355403077527231
test-67536,0.07323228468885697
test-67537,0.009847678545999269
test-67538,0.046253177383797604
test-67539,0.008874387337223389
test-6754,0.035669676507795
test-67540,0.27853659316046053
test-67541,0.07542775084761988
test-67542,0.03434698375102949
test-67543,0.04482810872853425
test-67544,0.17660228341667697
test-67545,0.14062739762925086
test-67546,0.04068453952339233
test-67547,0.023895816858248892
test-67548,0.029407589261254367
test-67549,0.01757800555060706
test-6755,0.11028807378232115
test-67550,0.20952778042888728
test-67551,0.005576478198497053
test-67552,0.20076579714671464
test-67553,0.01947430496648796
test-67554,0.051145790333035054
test-67555,0.00776785772619245
test-67556,0.03745859120854307
test-67557,0.015694773777680585
test-67558,0.10101578072217006
test-67559,0.11075316212799184
test-6756,0.012185967847383598
test-67560,0.10653627314719624
test-67561,0.12164760201557083
test-67562,0.07462320047156586
test-67563,0.0635044010320146
test-67564,0.1725754509810732
test-67565,0.2500465605137199
test-67566,0.3665305167469105
test-67567,0.03248768071183019
test-67568,0.15240061560073376
test-67569,0.11019070500795115
test-6757,0.0687732139720173
test-67570,0.21358628501623153
test-67571,0.056653092308213845
test-67572,0.2976581873416141
test-67573,0.02126300992377978
test-67574,0.02428624131898219
test-67575,0.017757619500671992
test-67576,0.01940953115276515
test-67577,0.10429883517332635
test-67578,0.019742868642990387
test-67579,0.015316361770623264
test-6758,0.024642056953440097
test-67580,0.01789051526644235
test-67581,0.1172867180921956
test-67582,0.04351861868304078
test-67583,0.10187573904178153
test-67584,0.10940820103416439
test-67585,0.014663331218710903
test-67586,0.011096602652482612
test-67587,0.00521588712011153
test-67588,0.25386651913902863
test-67589,0.14919347127196403
test-6759,0.030515563022933366
test-67590,0.11332020277243152
test-67591,0.012419147781927393
test-67592,0.1207585146210949
test-67593,0.03040705258841133
test-67594,0.009035914966264122
test-67595,0.026541012089259134
test-67596,0.01059106008335345
test-67597,0.033669099457153066
test-67598,0.1169731902254496
test-67599,0.1169731902254496
test-676,0.014930340228013246
test-6760,0.17645226684991447
test-67600,0.21494232424277482
test-67601,0.022702002233101953
test-67602,0.15228576517090076
test-67603,0.2836331306421779
test-67604,0.01830528631493255
test-67605,0.1780766281422763
test-67606,0.22754317101004504
test-67607,0.39650777858085956
test-67608,0.022066973516225788
test-67609,0.11909750194693625
test-6761,0.049637998346672
test-67610,0.01010203303808415
test-67611,0.2580488116098765
test-67612,0.09381583891985533
test-67613,0.013507510162128296
test-67614,0.006308869074207436
test-67615,0.09490678813164732
test-67616,0.24792505773370271
test-67617,0.0669392073111586
test-67618,0.03285016888405428
test-67619,0.026995358773252803
test-6762,0.015515383291555896
test-67620,0.16785220804823675
test-67621,0.10769179491477508
test-67622,0.20654825453350825
test-67623,0.01498003381694541
test-67624,0.01079503291962508
test-67625,0.037712145226978196
test-67626,0.017390513503734092
test-67627,0.03650849116221333
test-67628,0.1301621743120468
test-67629,0.007735484730203847
test-6763,0.015224312249784357
test-67630,0.23988476003581136
test-67631,0.02861979525321291
test-67632,0.14915533465974132
test-67633,0.0669392073111586
test-67634,0.02160325824816995
test-67635,0.007546511951182183
test-67636,0.015131916409507921
test-67637,0.04049860151896432
test-67638,0.044003469882266874
test-67639,0.007584436206056614
test-6764,0.08073942360798118
test-67640,0.06001941976867018
test-67641,0.011942102509070482
test-67642,0.006616396346711423
test-67643,0.03176973537834028
test-67644,0.01262696305814607
test-67645,0.04792301612355916
test-67646,0.16695447271917302
test-67647,0.023190833492290144
test-67648,0.04252105837468247
test-67649,0.10849311745818162
test-6765,0.020376996312796363
test-67650,0.009206637695271533
test-67651,0.11690303489235095
test-67652,0.01405919678476139
test-67653,0.11910480795083443
test-67654,0.15048571449265893
test-67655,0.028915275515149434
test-67656,0.03333441783852116
test-67657,0.016495474903687118
test-67658,0.10385168701424002
test-67659,0.07179543383037036
test-6766,0.2132819035605265
test-67660,0.009609158970691227
test-67661,0.03570263450173231
test-67662,0.07896917855603469
test-67663,0.054324714592207675
test-67664,0.028823659690492293
test-67665,0.023349897277518787
test-67666,0.0730113205672059
test-67667,0.041106427317840706
test-67668,0.07014673511928562
test-67669,0.010892922003139698
test-6767,0.022958837704176328
test-67670,0.08543169306206017
test-67671,0.010971899066441589
test-67672,0.19395323279980545
test-67673,0.012077416467747746
test-67674,0.3230964926115124
test-67675,0.15864555075620765
test-67676,0.22434349155592856
test-67677,0.136479096762394
test-67678,0.027245572027056863
test-67679,0.053751738285478814
test-6768,0.0861915504119661
test-67680,0.13918353924797774
test-67681,0.3943421002483833
test-67682,0.031220970216712596
test-67683,0.11709343371842393
test-67684,0.010823358649941982
test-67685,0.009956483983254329
test-67686,0.18127361931470298
test-67687,0.013459048772941322
test-67688,0.02819944537995358
test-67689,0.021010119788473242
test-6769,0.061253287293022686
test-67690,0.006622181033259455
test-67691,0.013450442458460816
test-67692,0.07765548192385864
test-67693,0.008963321692099851
test-67694,0.016637282200772784
test-67695,0.09394507126896243
test-67696,0.18490144461740116
test-67697,0.03983305336371223
test-67698,0.031978413548250276
test-67699,0.04821846769707999
test-677,0.014124411689433456
test-6770,0.022454204636410274
test-67700,0.02978320743979289
test-67701,0.01671088228007356
test-67702,0.07154554671561687
test-67703,0.20240081376553773
test-67704,0.020697670683634387
test-67705,0.01828587263600842
test-67706,0.039056486816039286
test-67707,0.18244334754661024
test-67708,0.012047817912242046
test-67709,0.08003083037374147
test-6771,0.03044656803538443
test-67710,0.006149928075652403
test-67711,0.04502229534873279
test-67712,0.014270874019522825
test-67713,0.09095363519959088
test-67714,0.00876937984316505
test-67715,0.020414790535343483
test-67716,0.060419913010840744
test-67717,0.20096791560361138
test-67718,0.06983092643450711
test-67719,0.06248330738264845
test-6772,0.11346784987121243
test-67720,0.014186107978455919
test-67721,0.02064487087934156
test-67722,0.17753205826762491
test-67723,0.021621095170821572
test-67724,0.07305911273342602
test-67725,0.08260182777979576
test-67726,0.10062551206765444
test-67727,0.01173901088197153
test-67728,0.09445577220328645
test-67729,0.27792546507928595
test-6773,0.09955057154275018
test-67730,0.09574476363492278
test-67731,0.021042058785937758
test-67732,0.012264028871013757
test-67733,0.10062551206765444
test-67734,0.18632952701356512
test-67735,0.028755793442352115
test-67736,0.07958009128105223
test-67737,0.02452659627382823
test-67738,0.01615805766903317
test-67739,0.15337731128407234
test-6774,0.03418190228900119
test-67740,0.02989371921918971
test-67741,0.061088259657860224
test-67742,0.13684762298569011
test-67743,0.38446523059076004
test-67744,0.03161532639297443
test-67745,0.01530088109208499
test-67746,0.023608774816144106
test-67747,0.038944476413949596
test-67748,0.021614190453213198
test-67749,0.16139615887048425
test-6775,0.18043614825057416
test-67750,0.015173326950322787
test-67751,0.021235518917392837
test-67752,0.13844485831116107
test-67753,0.11252806424262769
test-67754,0.010251690444573596
test-67755,0.12663596937894922
test-67756,0.04634667682436954
test-67757,0.054822036684547854
test-67758,0.02659821452640631
test-67759,0.06904849216203704
test-6776,0.020237401109962184
test-67760,0.009710413106821537
test-67761,0.013143127771189337
test-67762,0.31639113532117935
test-67763,0.023933388882134383
test-67764,0.07963069154286
test-67765,0.038320231681002265
test-67766,0.023138648416337244
test-67767,0.013912243282540473
test-67768,0.05337160794475835
test-67769,0.09274540946517598
test-6777,0.01837114472882089
test-67770,0.05193954886056382
test-67771,0.12736993238161143
test-67772,0.015702569054117498
test-67773,0.06169880375652996
test-67774,0.1383853143446517
test-67775,0.01848646308477478
test-67776,0.03472664260636016
test-67777,0.04154351699599006
test-67778,0.016816283896602065
test-67779,0.031514190960663886
test-6778,0.01187522510878402
test-67780,0.22546247561551908
test-67781,0.2641626375374591
test-67782,0.020242548425581645
test-67783,0.0846182167635542
test-67784,0.14565522923002083
test-67785,0.20709042503609837
test-67786,0.12663596937894922
test-67787,0.09787796055403811
test-67788,0.2509464776231174
test-67789,0.032229977200077926
test-6779,0.10732336946401917
test-67790,0.012041538500617077
test-67791,0.034138948037359715
test-67792,0.07996334283829358
test-67793,0.1587473493068303
test-67794,0.01800182600633863
test-67795,0.01975319372295596
test-67796,0.1192852442111224
test-67797,0.03991427570930743
test-67798,0.11061382779106795
test-67799,0.04190898691262013
test-678,0.02424455288895962
test-6780,0.046397328902762235
test-67800,0.03491790665507071
test-67801,0.11543498080582862
test-67802,0.07796934744318088
test-67803,0.0723124370314971
test-67804,0.23402114174315922
test-67805,0.2554430016534932
test-67806,0.19260836390747452
test-67807,0.04262189393297906
test-67808,0.007910347893739754
test-67809,0.0198831746110147
test-6781,0.010577942083161904
test-67810,0.20368655124824386
test-67811,0.14660621249274897
test-67812,0.07300415700059695
test-67813,0.05015468531813707
test-67814,0.010002462056467694
test-67815,0.026783040570590267
test-67816,0.00734584589718611
test-67817,0.16092717975215448
test-67818,0.06861128748347771
test-67819,0.03161152976263396
test-6782,0.022826940420290327
test-67820,0.046009648738188004
test-67821,0.05159669079039536
test-67822,0.017489582606673354
test-67823,0.010894618632715925
test-67824,0.12349039417945043
test-67825,0.05610119588618884
test-67826,0.013330578709525687
test-67827,0.128905516917216
test-67828,0.30813150987946986
test-67829,0.015409579903010936
test-6783,0.21131385560789964
test-67830,0.0659718836415364
test-67831,0.10135147787955867
test-67832,0.013067113001450354
test-67833,0.02045096372109972
test-67834,0.08767548017327208
test-67835,0.14584971832814003
test-67836,0.00797848145749947
test-67837,0.3083356732648446
test-67838,0.01098709600117953
test-67839,0.008667457597575673
test-6784,0.03475552973564712
test-67840,0.038186487202347505
test-67841,0.013459362729502192
test-67842,0.06522665724983727
test-67843,0.14372210656871307
test-67844,0.054191428584087806
test-67845,0.28488332964243196
test-67846,0.025511072772484517
test-67847,0.03670812973319131
test-67848,0.012771624542283736
test-67849,0.19722081551827236
test-6785,0.11590856370642891
test-67850,0.0664249437901638
test-67851,0.08003083037374147
test-67852,0.14454470073813347
test-67853,0.28190255767451045
test-67854,0.020447947989120186
test-67855,0.06319761895299134
test-67856,0.034714388765070374
test-67857,0.3774746261789112
test-67858,0.22312464697828174
test-67859,0.139479739245978
test-6786,0.012089591290699631
test-67860,0.011356840397268806
test-67861,0.08223371600103453
test-67862,0.10058982267675515
test-67863,0.12913253738235023
test-67864,0.011086947084772187
test-67865,0.040036434232552064
test-67866,0.31639113532117935
test-67867,0.22003120922500832
test-67868,0.3051149402550923
test-67869,0.008842669862127185
test-6787,0.17645226684991447
test-67870,0.06769227346933265
test-67871,0.02561448946549146
test-67872,0.19727777110750264
test-67873,0.03529985242277171
test-67874,0.010494911518985826
test-67875,0.014847685946199533
test-67876,0.15218055205702272
test-67877,0.008443481737337723
test-67878,0.09023694042289088
test-67879,0.009998967150854448
test-6788,0.006465208046792973
test-67880,0.023054508764144215
test-67881,0.027678095958579688
test-67882,0.06447608157043376
test-67883,0.06691518612308531
test-67884,0.04181301719256915
test-67885,0.19631534127057498
test-67886,0.011778130458888944
test-67887,0.07138893420910056
test-67888,0.09347350967318542
test-67889,0.02328000701428375
test-6789,0.018290525220486017
test-67890,0.011606149363642565
test-67891,0.02038093430553686
test-67892,0.14061500063676427
test-67893,0.030335608896396832
test-67894,0.08041720625503929
test-67895,0.04956221459955939
test-67896,0.015714238815665697
test-67897,0.020176067947966357
test-67898,0.029521414695208286
test-67899,0.10022332301988479
test-679,0.16213456059291162
test-6790,0.009479564501136658
test-67900,0.03598149816490446
test-67901,0.01219598991172028
test-67902,0.016897167014686784
test-67903,0.20576893916157854
test-67904,0.11209808479497116
test-67905,0.011827112417379378
test-67906,0.05339307069340168
test-67907,0.029288122377699632
test-67908,0.06357129381178557
test-67909,0.049914758038776
test-6791,0.09199516423075282
test-67910,0.017599316467170684
test-67911,0.02609524005964832
test-67912,0.027746516834860454
test-67913,0.13491607937413952
test-67914,0.015986843897799835
test-67915,0.0077066611781073865
test-67916,0.09753048376710556
test-67917,0.07896917855603469
test-67918,0.024440356099199253
test-67919,0.0669392073111586
test-6792,0.3226482038487452
test-67920,0.008028265009533813
test-67921,0.0818405845251081
test-67922,0.044007773804504165
test-67923,0.07154554671561687
test-67924,0.1320076109192318
test-67925,0.285307183736478
test-67926,0.16695447271917302
test-67927,0.02111160408738124
test-67928,0.061577899304617906
test-67929,0.019310299379056657
test-6793,0.05640158392555019
test-67930,0.12193293402164837
test-67931,0.011926682980426389
test-67932,0.07354426804676757
test-67933,0.12750083480216265
test-67934,0.04724002441386713
test-67935,0.009293142912863258
test-67936,0.04526520378615135
test-67937,0.061577899304617906
test-67938,0.37964382709700545
test-67939,0.25320954807885265
test-6794,0.02455323639055583
test-67940,0.02278171115694068
test-67941,0.03176973537834028
test-67942,0.04654415330795881
test-67943,0.016055711773267135
test-67944,0.14625218370864182
test-67945,0.061577899304617906
test-67946,0.3689425171444459
test-67947,0.02498406543347223
test-67948,0.06313427868124435
test-67949,0.11889063251998333
test-6795,0.019560773000044315
test-67950,0.08889565400078277
test-67951,0.41727580565738814
test-67952,0.04025586458468236
test-67953,0.02289776495665943
test-67954,0.19058639126128218
test-67955,0.04201587544696237
test-67956,0.031880609970957444
test-67957,0.00925803662767432
test-67958,0.17309750948229094
test-67959,0.16036915061470394
test-6796,0.013270662534160904
test-67960,0.025034772127235757
test-67961,0.10879368662390755
test-67962,0.06036764537136917
test-67963,0.08816802730188074
test-67964,0.031046298679188494
test-67965,0.009396226750012629
test-67966,0.17235590480215288
test-67967,0.019345759804515344
test-67968,0.20785589716652972
test-67969,0.07984600052248031
test-6797,0.05270773373988601
test-67970,0.04858517731340526
test-67971,0.05513922869679376
test-67972,0.0066202769778190874
test-67973,0.012734424235313608
test-67974,0.01957423134049559
test-67975,0.08834965063112626
test-67976,0.0275104703988797
test-67977,0.022173506333751355
test-67978,0.08914719535210813
test-67979,0.14177357817200614
test-6798,0.03217148106861156
test-67980,0.19417238726358935
test-67981,0.38198421319848547
test-67982,0.01852756582965632
test-67983,0.00906933897684479
test-67984,0.09481398435217016
test-67985,0.017955425292182903
test-67986,0.05814479700458732
test-67987,0.03180949425941717
test-67988,0.16218232334990626
test-67989,0.09860381645007209
test-6799,0.019016407243113192
test-67990,0.020162475311006525
test-67991,0.031688293503101074
test-67992,0.008394067847488612
test-67993,0.03605421018361057
test-67994,0.014550598288399769
test-67995,0.40747043643706954
test-67996,0.015655406366133048
test-67997,0.09699813812614719
test-67998,0.3328253372369291
test-67999,0.0669392073111586
test-68,0.04390952442485377
test-680,0.013613145419741176
test-6800,0.06358124560473706
test-68000,0.06650741561226356
test-68001,0.05770623913568476
test-68002,0.014317034045006252
test-68003,0.32038613821796363
test-68004,0.09787796055403811
test-68005,0.28309756851400286
test-68006,0.15977930541567179
test-68007,0.2596492330802619
test-68008,0.007186802175301712
test-68009,0.3026637967048583
test-6801,0.02972078906836388
test-68010,0.024577672973274425
test-68011,0.027210846902983043
test-68012,0.022487548992525405
test-68013,0.0846182167635542
test-68014,0.16339774440292437
test-68015,0.011542082185077835
test-68016,0.04252105837468247
test-68017,0.12407788738540178
test-68018,0.028300289515439687
test-68019,0.06486661161424671
test-6802,0.08290872674684348
test-68020,0.0102109577068123
test-68021,0.028093590383588177
test-68022,0.15993726464805344
test-68023,0.017499285592330025
test-68024,0.0325848004559993
test-68025,0.061577899304617906
test-68026,0.00932809803716979
test-68027,0.0681125196682653
test-68028,0.05168296390573973
test-68029,0.026696383488772138
test-6803,0.2175439651796343
test-68030,0.009006204739237775
test-68031,0.11964076644266722
test-68032,0.04305098493546306
test-68033,0.018397486523359576
test-68034,0.025143616662159914
test-68035,0.020716059284581277
test-68036,0.32372745703757216
test-68037,0.01860094647617388
test-68038,0.31699788978884863
test-68039,0.13207564119353027
test-6804,0.09318543814718783
test-68040,0.1121463017054305
test-68041,0.024225757737295562
test-68042,0.08529999777784014
test-68043,0.06769227346933265
test-68044,0.008026588699338824
test-68045,0.06104709621968587
test-68046,0.07677159826944796
test-68047,0.018549641063936275
test-68048,0.14607565985614943
test-68049,0.005758450950855998
test-6805,0.06259100480523434
test-68050,0.05339307069340168
test-68051,0.03562798081380685
test-68052,0.2931730606599195
test-68053,0.01647870846103355
test-68054,0.03524252337256251
test-68055,0.021822030069800744
test-68056,0.029193097072959796
test-68057,0.09683504653649294
test-68058,0.01703354134376595
test-68059,0.15368310274186242
test-6806,0.19690117804487195
test-68060,0.008247291810592495
test-68061,0.24861273324910055
test-68062,0.29993711275533225
test-68063,0.01595761957228181
test-68064,0.029769009252380223
test-68065,0.1604019455443095
test-68066,0.08361969793012024
test-68067,0.01567019618653675
test-68068,0.12158237064367364
test-68069,0.10980056163726881
test-6807,0.013738621553052971
test-68070,0.021113263981551195
test-68071,0.06945474210126142
test-68072,0.035006332330647566
test-68073,0.15029276125925306
test-68074,0.0341641747996443
test-68075,0.060830464168921544
test-68076,0.09828823717576159
test-68077,0.11129591171534295
test-68078,0.014684200038307104
test-68079,0.20096791560361138
test-6808,0.037658600636406254
test-68080,0.01878318907543448
test-68081,0.011436876679646778
test-68082,0.018968745115781612
test-68083,0.0846182167635542
test-68084,0.14660621249274897
test-68085,0.022455340343950286
test-68086,0.30260410077192784
test-68087,0.1835518712678432
test-68088,0.13909044737354098
test-68089,0.03420273674371125
test-6809,0.01694826994940764
test-68090,0.013098082138223176
test-68091,0.2120033876744126
test-68092,0.012081210184200787
test-68093,0.02046323567396794
test-68094,0.012186897159714978
test-68095,0.11599974333175664
test-68096,0.017216683403658502
test-68097,0.1736270569585469
test-68098,0.045469738812527874
test-68099,0.017576507669825457
test-681,0.030965862133226187
test-6810,0.029137709592144956
test-68100,0.12474044316343466
test-68101,0.06074709996815599
test-68102,0.0669392073111586
test-68103,0.2326441813185484
test-68104,0.11562946231524736
test-68105,0.02561179931723224
test-68106,0.012435077415584908
test-68107,0.38319410002557996
test-68108,0.09787796055403811
test-68109,0.011471230471601852
test-6811,0.07728736445375486
test-68110,0.23310660848298947
test-68111,0.009083395578170015
test-68112,0.022939583548575167
test-68113,0.012413906808090024
test-68114,0.13095448462547835
test-68115,0.006721093465533161
test-68116,0.13033911342258456
test-68117,0.010638143120584807
test-68118,0.19010564479623845
test-68119,0.03031289208457089
test-6812,0.20853938594818486
test-68120,0.12663596937894922
test-68121,0.2011454835030215
test-68122,0.03726199022303869
test-68123,0.25559389283524714
test-68124,0.04201587544696237
test-68125,0.02629878507104978
test-68126,0.1016946839043275
test-68127,0.0580274361534023
test-68128,0.2230039970727549
test-68129,0.08469207989574525
test-6813,0.01042483697568999
test-68130,0.080139661910863
test-68131,0.14880410630185364
test-68132,0.15919737114001378
test-68133,0.033111667580915494
test-68134,0.18190268969923817
test-68135,0.028557274632588038
test-68136,0.20045364223918535
test-68137,0.02571607374000406
test-68138,0.052003246741978794
test-68139,0.08763186056673455
test-6814,0.19863393735283086
test-68140,0.015809951205437597
test-68141,0.018563757189890482
test-68142,0.03319937918278354
test-68143,0.009316721593924797
test-68144,0.05464524121529219
test-68145,0.02020091404728145
test-68146,0.21427420348667406
test-68147,0.06780312695244545
test-68148,0.017869679940878506
test-68149,0.1001728034970038
test-6815,0.018397486523359576
test-68150,0.012603491889200175
test-68151,0.05015468531813707
test-68152,0.013175084411215949
test-68153,0.15080586339390317
test-68154,0.048854133224719216
test-68155,0.22043041886853273
test-68156,0.015681184739320828
test-68157,0.009395635629308287
test-68158,0.04560066697579389
test-68159,0.2657715772788745
test-6816,0.025497033538970044
test-68160,0.038534507421155814
test-68161,0.0075489033313122485
test-68162,0.13919012465966588
test-68163,0.1550753389553904
test-68164,0.0546035663074268
test-68165,0.03849385307396757
test-68166,0.17942591900817922
test-68167,0.08355225911530673
test-68168,0.023218272922173117
test-68169,0.07507551541987388
test-6817,0.011991013798583248
test-68170,0.3838161239675165
test-68171,0.01822704737118634
test-68172,0.10314642884649411
test-68173,0.02047536873285026
test-68174,0.021215176083436392
test-68175,0.13190914437266932
test-68176,0.17645226684991447
test-68177,0.07447631002345562
test-68178,0.0602538396008374
test-68179,0.026704473055559955
test-6818,0.017743971461295194
test-68180,0.06769227346933265
test-68181,0.08433786955803646
test-68182,0.09912829482165084
test-68183,0.05924689940053894
test-68184,0.014306002372027522
test-68185,0.028850773537523734
test-68186,0.09039910299762652
test-68187,0.23067659730441825
test-68188,0.013820088441907597
test-68189,0.006217303820435169
test-6819,0.07202903557515565
test-68190,0.30260410077192784
test-68191,0.08680671570506247
test-68192,0.07685977160410407
test-68193,0.08735981097457704
test-68194,0.34528003818317243
test-68195,0.021340410030459812
test-68196,0.03566734834444175
test-68197,0.11640231571006414
test-68198,0.06669452943676986
test-68199,0.1675477208015003
test-682,0.0881528246744881
test-6820,0.010033785748775769
test-68200,0.045155809672114196
test-68201,0.020359795443264637
test-68202,0.055388204856855756
test-68203,0.03491070691095637
test-68204,0.015452891185134297
test-68205,0.14202501462032652
test-68206,0.34903163916690877
test-68207,0.15283989152519928
test-68208,0.017311269688611904
test-68209,0.01867223836558364
test-6821,0.029730088192277754
test-68210,0.027578019299602973
test-68211,0.21744395856122567
test-68212,0.014886838000514133
test-68213,0.008979431294208256
test-68214,0.1488756260910094
test-68215,0.025531056048502362
test-68216,0.32316906515200283
test-68217,0.04021855599304766
test-68218,0.01979406368146208
test-68219,0.01935332531553164
test-6822,0.014232962157698629
test-68220,0.05126048568617479
test-68221,0.07400891459419277
test-68222,0.016976056086678303
test-68223,0.0669392073111586
test-68224,0.2015892260864459
test-68225,0.07287513663214307
test-68226,0.24293078143827948
test-68227,0.020331652730733653
test-68228,0.037486638302877136
test-68229,0.11556166102282923
test-6823,0.22317087833931615
test-68230,0.026970280039883353
test-68231,0.04019935806004712
test-68232,0.028288215439958114
test-68233,0.0164844288710179
test-68234,0.056664105739452776
test-68235,0.014359837642322602
test-68236,0.13775918575813118
test-68237,0.009137299627516844
test-68238,0.061639521408583704
test-68239,0.16695447271917302
test-6824,0.014390477085816452
test-68240,0.026062229249693297
test-68241,0.021945850012933033
test-68242,0.027988554479108387
test-68243,0.011904386324144511
test-68244,0.02091109107301369
test-68245,0.06173327715900271
test-68246,0.08680671570506247
test-68247,0.018460665491341816
test-68248,0.13989744106971427
test-68249,0.3128169474526866
test-6825,0.06613128233036399
test-68250,0.0687732139720173
test-68251,0.06308432800671186
test-68252,0.018889700033003054
test-68253,0.3333844832532986
test-68254,0.03943445307260017
test-68255,0.14570265645394206
test-68256,0.07765548192385864
test-68257,0.132714090823437
test-68258,0.011146277656248225
test-68259,0.026172783513993016
test-6826,0.01664299897252789
test-68260,0.22910868371326448
test-68261,0.020905873965449087
test-68262,0.04308095429846384
test-68263,0.012032900319302882
test-68264,0.05676699280108851
test-68265,0.013853595297809763
test-68266,0.14083346705889127
test-68267,0.061577899304617906
test-68268,0.0165961919028054
test-68269,0.005071290126472085
test-6827,0.0165431050787127
test-68270,0.03388858243739365
test-68271,0.10669999589401265
test-68272,0.1227573845971021
test-68273,0.03977502055928227
test-68274,0.07955672582119087
test-68275,0.03957797408190487
test-68276,0.01892949881565368
test-68277,0.17645226684991447
test-68278,0.028941171954432347
test-68279,0.1954553139059369
test-6828,0.17199725979472144
test-68280,0.017812951120155122
test-68281,0.09699422253508
test-68282,0.3917010130262079
test-68283,0.02608729206569439
test-68284,0.22711080342651999
test-68285,0.08637667251979488
test-68286,0.014607723723363802
test-68287,0.02133231389192287
test-68288,0.04744836284985823
test-68289,0.046009648738188004
test-6829,0.04002990845528347
test-68290,0.25591368320806446
test-68291,0.123817286149575
test-68292,0.07955672582119087
test-68293,0.010946076151256241
test-68294,0.00986692341770471
test-68295,0.04487538488707686
test-68296,0.1442351100097534
test-68297,0.010814373547251776
test-68298,0.011419392769061228
test-68299,0.022609580782286233
test-683,0.11957421817196104
test-6830,0.03009956025228305
test-68300,0.16486602627168442
test-68301,0.10699070666655873
test-68302,0.016259485420443996
test-68303,0.027564070551023206
test-68304,0.04815304499224502
test-68305,0.03897666591629338
test-68306,0.010445115272027277
test-68307,0.3391516253436453
test-68308,0.054374328371082185
test-68309,0.021806969673900823
test-6831,0.13438322040965117
test-68310,0.15322160690231618
test-68311,0.06368131623218934
test-68312,0.01943986747308439
test-68313,0.04526910096224766
test-68314,0.08322177597430472
test-68315,0.03655562370689136
test-68316,0.006794086843626341
test-68317,0.013973237553278095
test-68318,0.04517948474194607
test-68319,0.08003972269577722
test-6832,0.02063976602740363
test-68320,0.0622604081641183
test-68321,0.26597397440675513
test-68322,0.03329672270947808
test-68323,0.031960555720948525
test-68324,0.06849491629546386
test-68325,0.030049197138696134
test-68326,0.2836512707583391
test-68327,0.10301495158209809
test-68328,0.030991645411378436
test-68329,0.010663423301942157
test-6833,0.1931757347281494
test-68330,0.13810377730480888
test-68331,0.030150044006854733
test-68332,0.12614711902775436
test-68333,0.03991427570930743
test-68334,0.20833337781580835
test-68335,0.16111127939241723
test-68336,0.09870796579632887
test-68337,0.005365606185000609
test-68338,0.03264530374968865
test-68339,0.09030990954987078
test-6834,0.11643117631553732
test-68340,0.11675317659631157
test-68341,0.3177853892811899
test-68342,0.05887449650001137
test-68343,0.06156354514090008
test-68344,0.15768230997903204
test-68345,0.00896753403395698
test-68346,0.2026392128040806
test-68347,0.16626013257658673
test-68348,0.023163782053806786
test-68349,0.034462792400414846
test-6835,0.1928332255813984
test-68350,0.040908714693153006
test-68351,0.2783477460820518
test-68352,0.3899856700592274
test-68353,0.03312734438254195
test-68354,0.013873772401660859
test-68355,0.37837249077349633
test-68356,0.1929239146097274
test-68357,0.041994584683696344
test-68358,0.021889261697348433
test-68359,0.0669392073111586
test-6836,0.0184744204329625
test-68360,0.19068979193515356
test-68361,0.14036192942285047
test-68362,0.03957797408190487
test-68363,0.041973776481403054
test-68364,0.00671133647366576
test-68365,0.0564882806136071
test-68366,0.03658237734771635
test-68367,0.013687783805293958
test-68368,0.3617472438737542
test-68369,0.026007232052983442
test-6837,0.014080232656244744
test-68370,0.11586336214459035
test-68371,0.15786917129978612
test-68372,0.047570501246715
test-68373,0.14281387885522065
test-68374,0.01845011831854662
test-68375,0.03538854091426085
test-68376,0.023763296353044895
test-68377,0.03300356637227382
test-68378,0.03609783483951046
test-68379,0.067353031748066
test-6838,0.030873492050411597
test-68380,0.1521964558088589
test-68381,0.25754665304063634
test-68382,0.02244553906147406
test-68383,0.2857256888795034
test-68384,0.08282956876615423
test-68385,0.35988862007974715
test-68386,0.04066449066949686
test-68387,0.10299899194284129
test-68388,0.07602169019890744
test-68389,0.08046916346213072
test-6839,0.0787718604191346
test-68390,0.020699373652058428
test-68391,0.014327802050507595
test-68392,0.09525904931671919
test-68393,0.01942546682389033
test-68394,0.10977125055524378
test-68395,0.11140480162269964
test-68396,0.010334045569917228
test-68397,0.19632024349265403
test-68398,0.048758961588395364
test-68399,0.009536575393289795
test-684,0.17689148851200046
test-6840,0.05999065313218694
test-68400,0.1645433958278854
test-68401,0.010014051353882973
test-68402,0.1476911959322804
test-68403,0.06803412447426488
test-68404,0.2895848796734093
test-68405,0.03277541487326156
test-68406,0.14584971832814003
test-68407,0.2006135337393729
test-68408,0.017471585474898698
test-68409,0.18063004802877125
test-6841,0.010986913942130751
test-68410,0.05773844724760303
test-68411,0.04697540939322282
test-68412,0.029188912204367985
test-68413,0.02458254613320962
test-68414,0.17056103052345914
test-68415,0.13362323485203043
test-68416,0.08562823662663224
test-68417,0.09860381645007209
test-68418,0.010727909023275368
test-68419,0.014833050423353655
test-6842,0.20009203292445366
test-68420,0.021897757146381508
test-68421,0.01184861274720649
test-68422,0.10580817057274548
test-68423,0.015790131499488293
test-68424,0.04326204020116036
test-68425,0.0669392073111586
test-68426,0.22508714165224933
test-68427,0.009022824461246302
test-68428,0.17467649851796158
test-68429,0.08889496142777355
test-6843,0.016957140916599382
test-68430,0.041538293845736346
test-68431,0.10265152461190213
test-68432,0.00819208299614555
test-68433,0.15714751221612783
test-68434,0.23673363126099126
test-68435,0.01922467280237979
test-68436,0.2809559011870686
test-68437,0.14660621249274897
test-68438,0.15720572630148844
test-68439,0.23354610383465332
test-6844,0.015370635863732818
test-68440,0.07942027665954755
test-68441,0.016710499117175738
test-68442,0.08803624649099384
test-68443,0.2899270630826485
test-68444,0.009965793156273309
test-68445,0.274436853534783
test-68446,0.022022932627505716
test-68447,0.12927216353635446
test-68448,0.033604195498945576
test-68449,0.25561895904408594
test-6845,0.020105848330299318
test-68450,0.0070255673424954625
test-68451,0.015371117377444827
test-68452,0.07896917855603469
test-68453,0.016984886964152613
test-68454,0.1286557054857938
test-68455,0.015100034317330417
test-68456,0.19933954200030096
test-68457,0.021020448708379158
test-68458,0.055907579555599156
test-68459,0.05880592236103524
test-6846,0.16346889226502945
test-68460,0.03850960451798584
test-68461,0.11431288812514745
test-68462,0.06896316683150534
test-68463,0.10397558575840703
test-68464,0.22545196496955586
test-68465,0.07736583515577655
test-68466,0.05296727810582395
test-68467,0.15968648331468865
test-68468,0.07781457099818978
test-68469,0.10812230317096443
test-6847,0.1927069904040898
test-68470,0.09621089383656616
test-68471,0.29338800458021236
test-68472,0.1401912408906201
test-68473,0.013173937130185212
test-68474,0.07742767884236121
test-68475,0.020780990350386153
test-68476,0.00834200029492824
test-68477,0.021256910395916068
test-68478,0.11557958898520918
test-68479,0.07841801183761525
test-6848,0.043653899513224625
test-68480,0.022980677848758603
test-68481,0.009159795037284377
test-68482,0.11747834542078735
test-68483,0.23506903188671682
test-68484,0.01869955107652524
test-68485,0.014473684028023317
test-68486,0.01554800530493246
test-68487,0.06108085344638038
test-68488,0.10375939642924652
test-68489,0.12344895894966933
test-6849,0.00744201626989038
test-68490,0.12796851635119139
test-68491,0.013220789148873357
test-68492,0.09589369865521521
test-68493,0.026887818757324454
test-68494,0.028057501365720456
test-68495,0.02443565552775232
test-68496,0.01667627631501256
test-68497,0.0912987787221942
test-68498,0.17027316910890125
test-68499,0.012344760178058514
test-685,0.050847406215521244
test-6850,0.009142221389897042
test-68500,0.22517108461480534
test-68501,0.0669392073111586
test-68502,0.09787796055403811
test-68503,0.14975008873867598
test-68504,0.07984600052248031
test-68505,0.014644165866420958
test-68506,0.03566076196984877
test-68507,0.07389041578126675
test-68508,0.08309419276319843
test-68509,0.06966030117939158
test-6851,0.12663596937894922
test-68510,0.011237848688912332
test-68511,0.00925803662767432
test-68512,0.12389162006415647
test-68513,0.011937696449771126
test-68514,0.02546487116531571
test-68515,0.12819412947753134
test-68516,0.022213787311503665
test-68517,0.0156363657872532
test-68518,0.09880802911743523
test-68519,0.07596212569959175
test-6852,0.014548602402270185
test-68520,0.05019626155088543
test-68521,0.026685084217038735
test-68522,0.10879357227254181
test-68523,0.14909972424984247
test-68524,0.019701661290711738
test-68525,0.019528165113734026
test-68526,0.012105798664125613
test-68527,0.01702936811390806
test-68528,0.014733568871867601
test-68529,0.010052921625785007
test-6853,0.1397055911483816
test-68530,0.03885621044757717
test-68531,0.041591957938133445
test-68532,0.020790725387882184
test-68533,0.03250762192856662
test-68534,0.009447363758655096
test-68535,0.09673533330374554
test-68536,0.01766050657657183
test-68537,0.07014673511928562
test-68538,0.12102666275215983
test-68539,0.017026233043048816
test-6854,0.027154544156906858
test-68540,0.12897541939308754
test-68541,0.020846516394319916
test-68542,0.18021616356925235
test-68543,0.00812445729178867
test-68544,0.015509260725080522
test-68545,0.03280269179452265
test-68546,0.164805747179847
test-68547,0.061577899304617906
test-68548,0.05760449859421637
test-68549,0.09204462077292268
test-6855,0.028081730016345202
test-68550,0.016141387897063073
test-68551,0.2507330975431427
test-68552,0.038516348597557835
test-68553,0.09235102603290735
test-68554,0.09526063506268198
test-68555,0.3240017705663865
test-68556,0.012199930271329528
test-68557,0.028333311740302316
test-68558,0.04274599720450453
test-68559,0.19933954200030096
test-6856,0.03399466691054066
test-68560,0.014642041781797514
test-68561,0.2057953083577708
test-68562,0.00965222212284326
test-68563,0.19693368887113685
test-68564,0.0669392073111586
test-68565,0.20490027835704339
test-68566,0.14216146560060763
test-68567,0.06803412447426488
test-68568,0.035216547899650695
test-68569,0.07896917855603469
test-6857,0.26504243814469686
test-68570,0.11235533804721963
test-68571,0.04555739022003565
test-68572,0.023274603884243128
test-68573,0.008455889864020833
test-68574,0.014204423114542708
test-68575,0.045842887318752724
test-68576,0.12019933742139165
test-68577,0.016512822248281205
test-68578,0.09435854111353265
test-68579,0.0741313523368138
test-6858,0.015581426551655678
test-68580,0.22067775949762047
test-68581,0.01774717374527413
test-68582,0.012430206514295479
test-68583,0.14341590628354015
test-68584,0.01737958655229416
test-68585,0.008682957332138757
test-68586,0.015418305737483543
test-68587,0.07560377604963898
test-68588,0.00559951119017255
test-68589,0.1170624062041036
test-6859,0.023348959010401113
test-68590,0.0846182167635542
test-68591,0.02558065867729579
test-68592,0.010298736605508738
test-68593,0.06093633341609022
test-68594,0.008543487218275338
test-68595,0.05339307069340168
test-68596,0.12663596937894922
test-68597,0.020473300851470734
test-68598,0.21378814903211624
test-68599,0.02407565529633267
test-686,0.03808926221621729
test-6860,0.09278365050712774
test-68600,0.038191954905819975
test-68601,0.00929107854482178
test-68602,0.3744620083047139
test-68603,0.08517804210362843
test-68604,0.15331607433782568
test-68605,0.031061762400984107
test-68606,0.03534080512178988
test-68607,0.0765176442062777
test-68608,0.01580883518978239
test-68609,0.2049681152135336
test-6861,0.20611309462783592
test-68610,0.09634025038348075
test-68611,0.32289296431654957
test-68612,0.029187562543034555
test-68613,0.28658852668192814
test-68614,0.01498646095446831
test-68615,0.021016266526309783
test-68616,0.027688675380976913
test-68617,0.05916175634361192
test-68618,0.216500374299058
test-68619,0.15745034450766654
test-6862,0.027078758754082284
test-68620,0.12443245381528309
test-68621,0.3355160612902616
test-68622,0.16625511136026466
test-68623,0.019511129130500432
test-68624,0.08774672463422412
test-68625,0.01921517450530666
test-68626,0.24539249937590493
test-68627,0.06960948860538474
test-68628,0.16328521707714858
test-68629,0.28670827464235654
test-6863,0.09779319568627848
test-68630,0.09734110745183883
test-68631,0.057155359248232465
test-68632,0.006150268429982776
test-68633,0.17645226684991447
test-68634,0.01945560963726659
test-68635,0.08165911337502962
test-68636,0.15915848215786033
test-68637,0.3041198437599326
test-68638,0.012222348038296431
test-68639,0.07498716020703214
test-6864,0.010388175361388426
test-68640,0.0436251729496189
test-68641,0.012669676399530618
test-68642,0.03373387910400396
test-68643,0.03233033244808659
test-68644,0.09935030145420644
test-68645,0.07287513663214307
test-68646,0.18307818124958736
test-68647,0.1587043041257998
test-68648,0.0901588028189157
test-68649,0.03231344482888138
test-6865,0.15602405268390201
test-68650,0.007497135796919789
test-68651,0.032316004014231695
test-68652,0.18404573949924424
test-68653,0.11183297762804338
test-68654,0.01848831793797133
test-68655,0.0410820465035571
test-68656,0.26358689060974655
test-68657,0.008531953697471197
test-68658,0.1266592003878159
test-68659,0.024471402735623114
test-6866,0.06277659672891363
test-68660,0.06134926502419204
test-68661,0.15095140924894948
test-68662,0.01318603103295355
test-68663,0.13133730017575915
test-68664,0.04046995433842292
test-68665,0.04201587544696237
test-68666,0.04081638021726402
test-68667,0.3631535930415898
test-68668,0.163975278593869
test-68669,0.10812230317096443
test-6867,0.007578888014912399
test-68670,0.012048978268968584
test-68671,0.011857842433996114
test-68672,0.017614796826672482
test-68673,0.020658397501208046
test-68674,0.05362393976557732
test-68675,0.07385014593712716
test-68676,0.03844670340672041
test-68677,0.24120743136544198
test-68678,0.012246459338573244
test-68679,0.14396655016392648
test-6868,0.012621412800534422
test-68680,0.05338305824820695
test-68681,0.07166936202659074
test-68682,0.06390585972311909
test-68683,0.020184049019556536
test-68684,0.02133231389192287
test-68685,0.1914628626689292
test-68686,0.11447724849047237
test-68687,0.060138987232409
test-68688,0.12456179376616706
test-68689,0.1754470196754547
test-6869,0.05339307069340168
test-68690,0.034779057394496035
test-68691,0.02417031092988694
test-68692,0.026864936574667982
test-68693,0.18229710201698723
test-68694,0.1580889588069483
test-68695,0.0179922235944473
test-68696,0.10264453397988327
test-68697,0.024909380412698887
test-68698,0.40122400986845613
test-68699,0.16168749173504265
test-687,0.015551520769565735
test-6870,0.1387564677932596
test-68700,0.02536124922512968
test-68701,0.10752235278874965
test-68702,0.018343234223732838
test-68703,0.14651314288364028
test-68704,0.20003641119972565
test-68705,0.020988599718573253
test-68706,0.19361698262966978
test-68707,0.013386072083512848
test-68708,0.014493458394349326
test-68709,0.22294577051332057
test-6871,0.026479172699218866
test-68710,0.04855239230595051
test-68711,0.030781103620546018
test-68712,0.19955545937433553
test-68713,0.11930798742934495
test-68714,0.167143787381202
test-68715,0.22253759314702545
test-68716,0.1313395705021038
test-68717,0.023784391271365994
test-68718,0.009188463363058485
test-68719,0.017584426853109764
test-6872,0.01644847075579357
test-68720,0.013243018457500913
test-68721,0.29630092508017286
test-68722,0.0821289809620675
test-68723,0.32837695815153517
test-68724,0.013596887484760867
test-68725,0.01201757288031827
test-68726,0.15400583139543764
test-68727,0.04487023369306977
test-68728,0.1944346418129891
test-68729,0.048834659022011256
test-6873,0.01963350814758362
test-68730,0.015897973991668674
test-68731,0.1824120351862739
test-68732,0.21373816841312585
test-68733,0.1787369564991347
test-68734,0.1368321145500669
test-68735,0.02835809230142231
test-68736,0.03224366841656297
test-68737,0.04955320566946717
test-68738,0.13277736148687297
test-68739,0.17979915098321103
test-6874,0.05458228105264015
test-68740,0.0692935195666986
test-68741,0.06454363394723435
test-68742,0.0687732139720173
test-68743,0.27244601520681294
test-68744,0.01058569349107433
test-68745,0.17645226684991447
test-68746,0.010401082541015743
test-68747,0.2262887729828075
test-68748,0.07417197465763009
test-68749,0.027445786742491273
test-6875,0.31639113532117935
test-68750,0.02016986190722289
test-68751,0.03957797408190487
test-68752,0.05940297668462214
test-68753,0.03164406389034425
test-68754,0.008029269692924251
test-68755,0.047629646855303354
test-68756,0.04045155209062036
test-68757,0.24782168864499474
test-68758,0.14955165847376894
test-68759,0.019781313688999335
test-6876,0.08751449591233272
test-68760,0.055139615314644216
test-68761,0.017139397973041138
test-68762,0.024968245595682476
test-68763,0.3279434221877674
test-68764,0.0582796113981547
test-68765,0.011437019554634066
test-68766,0.007427898436494493
test-68767,0.15732803942764528
test-68768,0.045261579270768584
test-68769,0.029711047351065122
test-6877,0.02582825944959642
test-68770,0.009790037932742812
test-68771,0.015925398305152907
test-68772,0.019442743222004774
test-68773,0.1550927021556765
test-68774,0.022744779741830392
test-68775,0.02160449127490314
test-68776,0.19686809939079897
test-68777,0.034724033719454005
test-68778,0.033531728657178655
test-68779,0.007387231707059805
test-6878,0.1520022576787585
test-68780,0.0950288320343951
test-68781,0.10412695837594509
test-68782,0.03259422541726536
test-68783,0.25790134709925094
test-68784,0.25634751138845835
test-68785,0.1958343470534697
test-68786,0.022565134790457103
test-68787,0.2110186563901943
test-68788,0.03687931955716802
test-68789,0.12025500533497033
test-6879,0.015602907059892345
test-68790,0.11325784458610931
test-68791,0.08727576904787708
test-68792,0.020995288852762715
test-68793,0.04252105837468247
test-68794,0.020435085197410937
test-68795,0.0070941785636705265
test-68796,0.014868999034327868
test-68797,0.010920421758033793
test-68798,0.08922780885123677
test-68799,0.025794418157022228
test-688,0.03763846002177265
test-6880,0.058141703678406466
test-68800,0.2841424532080159
test-68801,0.07529863684711625
test-68802,0.07096446565888062
test-68803,0.048742369055043346
test-68804,0.03189300139347545
test-68805,0.019644624547683016
test-68806,0.011652705084421608
test-68807,0.2768869063996222
test-68808,0.08486931191131464
test-68809,0.029939183966075786
test-6881,0.05086083092093685
test-68810,0.03944032528564574
test-68811,0.08151046239297058
test-68812,0.16478905652012724
test-68813,0.21286654629064333
test-68814,0.013907645124518824
test-68815,0.13497478651822228
test-68816,0.08219192647824698
test-68817,0.013395058773372423
test-68818,0.0068491452304746845
test-68819,0.03402406330310867
test-6882,0.03210029935935913
test-68820,0.02191422133877877
test-68821,0.1513379138832683
test-68822,0.4130322048524721
test-68823,0.03515528726997978
test-68824,0.03885663956977964
test-68825,0.026759325286742002
test-68826,0.08890115724917734
test-68827,0.05176923354045038
test-68828,0.03040705258841133
test-68829,0.010805919746416991
test-6883,0.039056486816039286
test-68830,0.2817971605803662
test-68831,0.07799433853261355
test-68832,0.016869527658790243
test-68833,0.028770887446687498
test-68834,0.04252105837468247
test-68835,0.135063718574386
test-68836,0.08110413393213176
test-68837,0.06134533958530726
test-68838,0.05608161125235809
test-68839,0.012423813244745239
test-6884,0.009873131544162167
test-68840,0.10760203250291264
test-68841,0.09787796055403811
test-68842,0.02407033970193885
test-68843,0.08104436183233167
test-68844,0.260174865823257
test-68845,0.06034131527341203
test-68846,0.04927703323897579
test-68847,0.1322605884593785
test-68848,0.016592858155693963
test-68849,0.2247074830130707
test-6885,0.06059549118670753
test-68850,0.1151243820591191
test-68851,0.04252105837468247
test-68852,0.07359421909708541
test-68853,0.0593826181154118
test-68854,0.010108004892519984
test-68855,0.09712639679957369
test-68856,0.010948002620202601
test-68857,0.021284964729017974
test-68858,0.059703850423370695
test-68859,0.3147502131079928
test-6886,0.01677245032486278
test-68860,0.14017309245836046
test-68861,0.0432455574408626
test-68862,0.02490807328426238
test-68863,0.022193962283723247
test-68864,0.138266898092284
test-68865,0.017781517531680092
test-68866,0.025084677303568923
test-68867,0.10484270348451963
test-68868,0.025181287584429963
test-68869,0.024203749636880982
test-6887,0.2588317444034973
test-68870,0.024543271937586948
test-68871,0.15262521916512736
test-68872,0.014887594757805567
test-68873,0.02544950446061419
test-68874,0.08003083037374147
test-68875,0.009545191169053821
test-68876,0.020408966980214813
test-68877,0.02795225730494788
test-68878,0.023841315328525747
test-68879,0.008988087503624299
test-6888,0.04487040073065628
test-68880,0.02144086912165459
test-68881,0.014317867258487632
test-68882,0.24614936333694437
test-68883,0.007273896506043557
test-68884,0.09787796055403811
test-68885,0.09526063506268198
test-68886,0.0322560369895652
test-68887,0.31397646530619067
test-68888,0.019468025672049007
test-68889,0.0229338647898765
test-6889,0.09787796055403811
test-68890,0.0242368306054827
test-68891,0.010380368703707477
test-68892,0.022391438676221766
test-68893,0.0669392073111586
test-68894,0.10553700102076524
test-68895,0.02130663337694971
test-68896,0.031751049529724976
test-68897,0.04359137532655402
test-68898,0.11811231604632123
test-68899,0.01805716656498124
test-689,0.11029443054937545
test-6890,0.07321148603617267
test-68900,0.039477942203272824
test-68901,0.009991390357872285
test-68902,0.17364702100367838
test-68903,0.034462792400414846
test-68904,0.016554691243074814
test-68905,0.04858842620106598
test-68906,0.03230242120105321
test-68907,0.06068440535531989
test-68908,0.05003697088968722
test-68909,0.198189735839179
test-6891,0.05677712688850615
test-68910,0.09553174558852472
test-68911,0.18971402473656573
test-68912,0.14341590628354015
test-68913,0.08465676576451057
test-68914,0.037525133524447606
test-68915,0.043011533397223814
test-68916,0.013510521828171848
test-68917,0.03991326942758827
test-68918,0.08046310382999218
test-68919,0.04163809277709816
test-6892,0.008199218497079946
test-68920,0.0065976881405062264
test-68921,0.3091869741355452
test-68922,0.30311173782463047
test-68923,0.013419676280618999
test-68924,0.030052554345656474
test-68925,0.03833794659494173
test-68926,0.03317940042566449
test-68927,0.0071333457111071785
test-68928,0.1261639368498422
test-68929,0.0368923598612868
test-6893,0.008579347570119909
test-68930,0.14917253254596
test-68931,0.03460503096597677
test-68932,0.07749169808027903
test-68933,0.22998476004784082
test-68934,0.007429615737761232
test-68935,0.12146475188373902
test-68936,0.2013703860844658
test-68937,0.024150032723974407
test-68938,0.15393552761524049
test-68939,0.011554682257511852
test-6894,0.006982779756623047
test-68940,0.008328940065100198
test-68941,0.07955672582119087
test-68942,0.34194873831912326
test-68943,0.013309958003088897
test-68944,0.02101193949347939
test-68945,0.15071261327754834
test-68946,0.24869630636498638
test-68947,0.022997582585825047
test-68948,0.023218272922173117
test-68949,0.12929747034074934
test-6895,0.14052039907303074
test-68950,0.013638923973897925
test-68951,0.1325047147426707
test-68952,0.055411555916800595
test-68953,0.13005220380423216
test-68954,0.09787796055403811
test-68955,0.01909098000130147
test-68956,0.09456466912495104
test-68957,0.10895658481964761
test-68958,0.01153282686591545
test-68959,0.26862723190720145
test-6896,0.018398015738197455
test-68960,0.24869630636498638
test-68961,0.02055770583508143
test-68962,0.013183062481597063
test-68963,0.02662779236944409
test-68964,0.23845915448148824
test-68965,0.05992212034848257
test-68966,0.012230251130427675
test-68967,0.0323981349574267
test-68968,0.014729405731682807
test-68969,0.37657789918464274
test-6897,0.17645226684991447
test-68970,0.08803828450662517
test-68971,0.13870667970992126
test-68972,0.012543113005611044
test-68973,0.0227873229440751
test-68974,0.03595283640269188
test-68975,0.09095363519959088
test-68976,0.03688858053108622
test-68977,0.1265834329482006
test-68978,0.03597302467347709
test-68979,0.16602897538846084
test-6898,0.020060441174213683
test-68980,0.10033464444381479
test-68981,0.05451121902843272
test-68982,0.10063593876882038
test-68983,0.026361305480232796
test-68984,0.06866260127631668
test-68985,0.25754665304063634
test-68986,0.011268218548333755
test-68987,0.0076923280727946
test-68988,0.1111834394482905
test-68989,0.050166001565415744
test-6899,0.08052241551945429
test-68990,0.014080232656244744
test-68991,0.044559302793075455
test-68992,0.024504145950272407
test-68993,0.254608546456469
test-68994,0.15959623612481927
test-68995,0.014800451848198391
test-68996,0.17631084002606295
test-68997,0.08400968590915563
test-68998,0.027571753274098033
test-68999,0.012277757868191562
test-69,0.09507627697535487
test-690,0.009765058342455748
test-6900,0.04505779455023517
test-69000,0.037170682063429585
test-69001,0.011823031706798928
test-69002,0.010989252419496283
test-69003,0.01779825552526363
test-69004,0.1376252780142714
test-69005,0.0663466007111454
test-69006,0.05105468273760303
test-69007,0.016513043686148754
test-69008,0.2502746341160058
test-69009,0.28640007309464116
test-6901,0.014390761841485843
test-69010,0.12257808578095998
test-69011,0.13080753452295618
test-69012,0.013305549181691868
test-69013,0.048720479955669166
test-69014,0.13873148022563614
test-69015,0.19319096195528251
test-69016,0.25625779338675786
test-69017,0.01331924949364271
test-69018,0.12791907677999684
test-69019,0.013625941593036718
test-6902,0.06766317519831419
test-69020,0.03217148106861156
test-69021,0.16696100891292529
test-69022,0.02187164537380489
test-69023,0.013778339452078157
test-69024,0.0323043343213461
test-69025,0.1797363941797739
test-69026,0.22337993105302337
test-69027,0.13915976724655785
test-69028,0.01699977982876544
test-69029,0.012820822438310921
test-6903,0.03776885391726239
test-69030,0.011512078542598161
test-69031,0.054434529027872644
test-69032,0.05961578624892021
test-69033,0.24937241371159052
test-69034,0.028593440461636175
test-69035,0.11173673153450091
test-69036,0.0210917679546785
test-69037,0.013025561554456963
test-69038,0.08825513536773828
test-69039,0.01213298158083581
test-6904,0.03348511694390952
test-69040,0.050188806824889166
test-69041,0.02133300110678826
test-69042,0.05155404797123316
test-69043,0.008445323584903503
test-69044,0.09691814248936609
test-69045,0.013892831984056305
test-69046,0.18265547288286213
test-69047,0.05153215256560629
test-69048,0.08181116950240602
test-69049,0.013162335739859083
test-6905,0.1727492342491341
test-69050,0.12243265641665092
test-69051,0.013308377812099335
test-69052,0.11246601556151103
test-69053,0.09860381645007209
test-69054,0.012407721677791637
test-69055,0.027471521470755177
test-69056,0.05887853651153406
test-69057,0.06286600365937084
test-69058,0.06794476528463178
test-69059,0.02259253770179824
test-6906,0.18233041260119667
test-69060,0.01866628423848471
test-69061,0.05339307069340168
test-69062,0.09954894178129092
test-69063,0.19432278011973195
test-69064,0.021556610145593152
test-69065,0.03628017251863496
test-69066,0.021044769442315692
test-69067,0.08853495826465144
test-69068,0.06411412421278405
test-69069,0.07155736569013475
test-6907,0.06769227346933265
test-69070,0.013989838703621487
test-69071,0.037658600636406254
test-69072,0.10202275932713735
test-69073,0.08894951516464497
test-69074,0.04063823480305158
test-69075,0.1413583542904901
test-69076,0.0170882642629378
test-69077,0.02013174037453152
test-69078,0.1611351544956865
test-69079,0.09870796579632887
test-6908,0.09577148861252165
test-69080,0.11977566825131086
test-69081,0.36348902337085737
test-69082,0.130722958556363
test-69083,0.007934079021947404
test-69084,0.04440096171644848
test-69085,0.020908619998876977
test-69086,0.027740083442648004
test-69087,0.04527195360973765
test-69088,0.03546057902781836
test-69089,0.022089423803589348
test-6909,0.0869794763339181
test-69090,0.019376669265515137
test-69091,0.0277848025078003
test-69092,0.01164751887170562
test-69093,0.00968634396487198
test-69094,0.20093523195439345
test-69095,0.02790589486247177
test-69096,0.2303570624422568
test-69097,0.2179320933993123
test-69098,0.27052144146366597
test-69099,0.023869646031414008
test-691,0.21933417963286264
test-6910,0.08624934338703041
test-69100,0.19778307178098462
test-69101,0.02942819322176437
test-69102,0.1594732402616639
test-69103,0.018764349383694614
test-69104,0.21744395856122567
test-69105,0.11607553849948815
test-69106,0.2626895310847885
test-69107,0.030952037837949305
test-69108,0.009003019670053005
test-69109,0.06067418968449461
test-6911,0.10022332301988479
test-69110,0.18141499115546084
test-69111,0.022734371036174848
test-69112,0.13872854398082843
test-69113,0.31380257983712506
test-69114,0.021293809312762316
test-69115,0.11376252803235008
test-69116,0.14625218370864182
test-69117,0.07327137794417951
test-69118,0.24728868491047132
test-69119,0.013962296936849916
test-6912,0.23574523864952546
test-69120,0.04443277464890958
test-69121,0.014475788849142874
test-69122,0.009911673157026983
test-69123,0.061577899304617906
test-69124,0.01702835521378331
test-69125,0.01021157810103315
test-69126,0.052111211629140904
test-69127,0.02302486789305944
test-69128,0.19022478532296933
test-69129,0.040781356440667604
test-6913,0.20580447855737793
test-69130,0.334471548397377
test-69131,0.011133815680647804
test-69132,0.1380575220522684
test-69133,0.02619214584847674
test-69134,0.07096446565888062
test-69135,0.01645171143748249
test-69136,0.16377267635185724
test-69137,0.08676426786931425
test-69138,0.01067173423568553
test-69139,0.3553736620668797
test-6914,0.2881073520245351
test-69140,0.19106671871821967
test-69141,0.00700015754030854
test-69142,0.04941083989581726
test-69143,0.060050312160624286
test-69144,0.00887709608893385
test-69145,0.004619397790666815
test-69146,0.031723577454185824
test-69147,0.3133206998798468
test-69148,0.06278064266071294
test-69149,0.010033785748775769
test-6915,0.012293188052273364
test-69150,0.035781774805938325
test-69151,0.020788990775191415
test-69152,0.05463167964102273
test-69153,0.007080444308221693
test-69154,0.2640086785329737
test-69155,0.14174084330138564
test-69156,0.016915332399810003
test-69157,0.17327638375011978
test-69158,0.05940331909658937
test-69159,0.11722786313248383
test-6916,0.04140016634051754
test-69160,0.02614754215957516
test-69161,0.01970986658119052
test-69162,0.09859569808441151
test-69163,0.03608796612542024
test-69164,0.015602907059892345
test-69165,0.03394517755049771
test-69166,0.03568117679251168
test-69167,0.14288566681210652
test-69168,0.01997664608974509
test-69169,0.007519570287501906
test-6917,0.015698579613189892
test-69170,0.07926198967612856
test-69171,0.08219192647824698
test-69172,0.009392666892533853
test-69173,0.09405550350531039
test-69174,0.012816568901424482
test-69175,0.08271820361501633
test-69176,0.24539249937590493
test-69177,0.3341027874495234
test-69178,0.0314590803431142
test-69179,0.012148053904424335
test-6918,0.18775985368620388
test-69180,0.0669392073111586
test-69181,0.005733583704950683
test-69182,0.030400772487655905
test-69183,0.033471603822494984
test-69184,0.31989724116445084
test-69185,0.016270184024423318
test-69186,0.17337940688675274
test-69187,0.0418713167184581
test-69188,0.14379586464872993
test-69189,0.026257355858052965
test-6919,0.14584971832814003
test-69190,0.1519036888479607
test-69191,0.09729605238996075
test-69192,0.009052863228997869
test-69193,0.38753913352676667
test-69194,0.16775363510296593
test-69195,0.22099774245931691
test-69196,0.10732336946401917
test-69197,0.24057908597533212
test-69198,0.10341196504777854
test-69199,0.012924166759751127
test-692,0.011623915387566644
test-6920,0.02687970700343572
test-69200,0.07958009128105223
test-69201,0.009678123730883652
test-69202,0.014306002372027522
test-69203,0.01707515192218321
test-69204,0.12819412947753134
test-69205,0.05608161125235809
test-69206,0.09787796055403811
test-69207,0.12913253738235023
test-69208,0.1719775749725963
test-69209,0.03647908564586762
test-6921,0.10269058863757351
test-69210,0.011650410274590422
test-69211,0.011988945692474329
test-69212,0.05015468531813707
test-69213,0.030198422883768783
test-69214,0.14668793417307008
test-69215,0.089950437289381
test-69216,0.10025826581968392
test-69217,0.019431233035932777
test-69218,0.009319911110717007
test-69219,0.02713440400683237
test-6922,0.18208807793386791
test-69220,0.01802419324399996
test-69221,0.021740891784233957
test-69222,0.029199409453179535
test-69223,0.2841424532080159
test-69224,0.028668088698091624
test-69225,0.01031664283071258
test-69226,0.014295051220048111
test-69227,0.024571030154889408
test-69228,0.1348365739968518
test-69229,0.04629655960728231
test-6923,0.008618973017378745
test-69230,0.24285956108842668
test-69231,0.10812230317096443
test-69232,0.18049641224675858
test-69233,0.027354135795021783
test-69234,0.119542929496901
test-69235,0.017507589478333013
test-69236,0.0278492894261505
test-69237,0.017413728660343207
test-69238,0.021680426991290556
test-69239,0.07570544771894107
test-6924,0.1609471724513906
test-69240,0.2456270974146588
test-69241,0.16181485561203413
test-69242,0.05533257443352162
test-69243,0.08725714365503714
test-69244,0.02824585288120739
test-69245,0.02176379843261534
test-69246,0.009329246798454155
test-69247,0.052595986954850744
test-69248,0.10862696752718451
test-69249,0.028164567769363224
test-6925,0.03214846473371046
test-69250,0.011503313120754149
test-69251,0.013859391275244187
test-69252,0.07000540164305373
test-69253,0.04744836284985823
test-69254,0.02844193165456798
test-69255,0.26229302989793335
test-69256,0.013412230525473225
test-69257,0.0669392073111586
test-69258,0.0329853088867944
test-69259,0.01038025990884707
test-6926,0.025956017473844583
test-69260,0.07056956900648806
test-69261,0.09787796055403811
test-69262,0.06613128233036399
test-69263,0.05857834432479347
test-69264,0.29779048158903687
test-69265,0.031582401104218144
test-69266,0.05559149254638629
test-69267,0.03027426761509176
test-69268,0.04976394722803369
test-69269,0.02685224026291227
test-6927,0.005329299165146485
test-69270,0.008164606270353371
test-69271,0.01389520447429004
test-69272,0.010270629778612005
test-69273,0.022035076864598567
test-69274,0.12750472124348786
test-69275,0.16044787254761053
test-69276,0.0667617332128144
test-69277,0.10681503482943967
test-69278,0.008907094649125072
test-69279,0.18599455144120466
test-6928,0.03004486003734187
test-69280,0.010779894159575386
test-69281,0.00942686026986734
test-69282,0.12712093426728782
test-69283,0.0669392073111586
test-69284,0.09435854111353265
test-69285,0.051442987986251416
test-69286,0.03991427570930743
test-69287,0.017936784434453408
test-69288,0.13422876705045295
test-69289,0.027229824632061025
test-6929,0.021904929007380086
test-69290,0.016117299792370032
test-69291,0.028115430695562358
test-69292,0.012749942914682313
test-69293,0.07824180436495898
test-69294,0.3015049642049047
test-69295,0.01972700426058348
test-69296,0.2621995010226777
test-69297,0.30216131350813363
test-69298,0.014454980691746302
test-69299,0.03776582008341207
test-693,0.02245590718850279
test-6930,0.012203377933289307
test-69300,0.3024831514340994
test-69301,0.014388098637915094
test-69302,0.2417129060169919
test-69303,0.030216085813996728
test-69304,0.018712135161129226
test-69305,0.029058229081285296
test-69306,0.022450595502106492
test-69307,0.010932188948613997
test-69308,0.02103761166990093
test-69309,0.05881682384197601
test-6931,0.044739499373336655
test-69310,0.2429794759107845
test-69311,0.05950017199337657
test-69312,0.043653899513224625
test-69313,0.10673864403789404
test-69314,0.01315143927729211
test-69315,0.025015464406971617
test-69316,0.008329526565992203
test-69317,0.18220807503737088
test-69318,0.02512857451564814
test-69319,0.017822245949636148
test-6932,0.06803412447426488
test-69320,0.15854313388971564
test-69321,0.13775918575813118
test-69322,0.09983598018211158
test-69323,0.2828723830381484
test-69324,0.0836160361599026
test-69325,0.16146130637280157
test-69326,0.15331720717825603
test-69327,0.03600835984841371
test-69328,0.05032778070085482
test-69329,0.214041747347677
test-6933,0.028901179453361795
test-69330,0.27115936815370845
test-69331,0.19772457129439713
test-69332,0.022109751367805564
test-69333,0.07768975424504608
test-69334,0.025899029455604735
test-69335,0.032171320268712444
test-69336,0.13844485831116107
test-69337,0.02350767603103185
test-69338,0.02087328798490469
test-69339,0.011023845627156822
test-6934,0.006571462263563088
test-69340,0.03957797408190487
test-69341,0.12904035457808977
test-69342,0.016720279000963244
test-69343,0.06570259076251404
test-69344,0.04998500136840617
test-69345,0.0707268240481121
test-69346,0.009554443723790268
test-69347,0.01752891559672364
test-69348,0.014393168240554808
test-69349,0.11406573607985475
test-6935,0.13734216432348237
test-69350,0.03836497020844435
test-69351,0.07182351338198456
test-69352,0.123817286149575
test-69353,0.34659100539703624
test-69354,0.020724967248077417
test-69355,0.11470534947667345
test-69356,0.014087100618408179
test-69357,0.0124388294466455
test-69358,0.27984806930145295
test-69359,0.04311403115467088
test-6936,0.019398427816795974
test-69360,0.018396005982922063
test-69361,0.00974442008522808
test-69362,0.01019271206312573
test-69363,0.0669392073111586
test-69364,0.12796851635119139
test-69365,0.04063830910034004
test-69366,0.15339858420045555
test-69367,0.013211771695954132
test-69368,0.20651660219402135
test-69369,0.010721340125093718
test-6937,0.21886100736378575
test-69370,0.22865491891745446
test-69371,0.035313185776936006
test-69372,0.29309810404077075
test-69373,0.007819651128523387
test-69374,0.014795913423052916
test-69375,0.06844011830253312
test-69376,0.07155736569013475
test-69377,0.22042811754466238
test-69378,0.11808520709919011
test-69379,0.034805847060027886
test-6938,0.09697256493189678
test-69380,0.010470971584594582
test-69381,0.1505535969658491
test-69382,0.015692729499937646
test-69383,0.14192907338873129
test-69384,0.21692697076152315
test-69385,0.016023709858410642
test-69386,0.00808992488278701
test-69387,0.013821517075517114
test-69388,0.01739573575441429
test-69389,0.036666542466775226
test-6939,0.024206816486397702
test-69390,0.023565922747325784
test-69391,0.09204462077292268
test-69392,0.06146107047594155
test-69393,0.008648829115727232
test-69394,0.08162169922931402
test-69395,0.14584971832814003
test-69396,0.058802600689165964
test-69397,0.05253605419643616
test-69398,0.17693498517953077
test-69399,0.18080783060055405
test-694,0.012787431005538521
test-6940,0.01789535188041588
test-69400,0.16695447271917302
test-69401,0.01220417273923821
test-69402,0.0170058042722889
test-69403,0.01973247697425841
test-69404,0.2360844219309243
test-69405,0.02061689692456837
test-69406,0.059465802449974785
test-69407,0.011123281761911479
test-69408,0.03590135815757838
test-69409,0.3432044166947716
test-6941,0.01807164219888653
test-69410,0.28641676316704495
test-69411,0.009020323661364975
test-69412,0.09014556331031337
test-69413,0.143166781270243
test-69414,0.02604832541604333
test-69415,0.11554023616651886
test-69416,0.24070788146811362
test-69417,0.07867031808046634
test-69418,0.0669392073111586
test-69419,0.050796493239419434
test-6942,0.0572379244577352
test-69420,0.3883456111423433
test-69421,0.033887243665669226
test-69422,0.007764649175409096
test-69423,0.12663596937894922
test-69424,0.018852958863934396
test-69425,0.19833412046482476
test-69426,0.012183164089538933
test-69427,0.008577365610350472
test-69428,0.31031435814079444
test-69429,0.022793413152147543
test-6943,0.07958009128105223
test-69430,0.017784538624987224
test-69431,0.009141770039805135
test-69432,0.028108444499382098
test-69433,0.022669946905376832
test-69434,0.01506764339402043
test-69435,0.24351736089808065
test-69436,0.008091627811770152
test-69437,0.21278920413031518
test-69438,0.18816012379567854
test-69439,0.017092830417380904
test-6944,0.040297488153871255
test-69440,0.14765657314827385
test-69441,0.011677393372975695
test-69442,0.024520498293924414
test-69443,0.2143780702444187
test-69444,0.21152671102326018
test-69445,0.033231272925472406
test-69446,0.189799590603084
test-69447,0.03494710551141526
test-69448,0.11010198952794603
test-69449,0.3668273534014926
test-6945,0.1675720877358616
test-69450,0.14373829330445304
test-69451,0.03259716465077392
test-69452,0.01209548512081958
test-69453,0.0104544838091629
test-69454,0.014043963775101385
test-69455,0.030882019588096818
test-69456,0.013876298874662227
test-69457,0.04623306805261033
test-69458,0.1713726574859735
test-69459,0.06784556354096054
test-6946,0.05200958219133669
test-69460,0.08962782951307559
test-69461,0.011195235733302767
test-69462,0.03051303700818656
test-69463,0.057355017686989654
test-69464,0.02756045818107842
test-69465,0.1331711132243054
test-69466,0.061577899304617906
test-69467,0.36196810591028433
test-69468,0.11671809003665624
test-69469,0.08093452658120003
test-6947,0.23239080912523447
test-69470,0.024042967351098794
test-69471,0.01638508719579015
test-69472,0.026249090924039643
test-69473,0.07536204676021008
test-69474,0.019487221474898116
test-69475,0.00714469719808096
test-69476,0.16993298135254
test-69477,0.01943534888316172
test-69478,0.0226693966698338
test-69479,0.16695447271917302
test-6948,0.18032611347650268
test-69480,0.14348969485982926
test-69481,0.024604926758875538
test-69482,0.011679309948148203
test-69483,0.09312672814705987
test-69484,0.19293922431677582
test-69485,0.09453586562300997
test-69486,0.012369044118954576
test-69487,0.03157710884117113
test-69488,0.0419877133077587
test-69489,0.008109310276728005
test-6949,0.041075691314070156
test-69490,0.02470227845328267
test-69491,0.01947954464399327
test-69492,0.0682210654707025
test-69493,0.0386267576165067
test-69494,0.04252105837468247
test-69495,0.08561740238381906
test-69496,0.034462792400414846
test-69497,0.024096545365370942
test-69498,0.026854202041436785
test-69499,0.06036528277092734
test-695,0.014472711248438502
test-6950,0.04214710128767671
test-69500,0.05846918828539904
test-69501,0.02269680967463458
test-69502,0.020496323152607653
test-69503,0.059805742177661325
test-69504,0.01369650744522029
test-69505,0.1864019905562825
test-69506,0.06769089613322582
test-69507,0.013985366837406341
test-69508,0.18140312560971
test-69509,0.14569065314717944
test-6951,0.10584260149236684
test-69510,0.4558332658948546
test-69511,0.02078715859193339
test-69512,0.16147579090194944
test-69513,0.011053197441906895
test-69514,0.0844264613273772
test-69515,0.40113270415062036
test-69516,0.008272214122764725
test-69517,0.17374529403005437
test-69518,0.26869615026254007
test-69519,0.03562798081380685
test-6952,0.009855547501437792
test-69520,0.02812792002996632
test-69521,0.030897780626457542
test-69522,0.028529203570255138
test-69523,0.21528853756442476
test-69524,0.019616064833890834
test-69525,0.0157375629871889
test-69526,0.020625105559199688
test-69527,0.015320418731447835
test-69528,0.15774140886398902
test-69529,0.08054080241979146
test-6953,0.026223785775408463
test-69530,0.009741513948698982
test-69531,0.06518688175134404
test-69532,0.023090659323461892
test-69533,0.3037606026341104
test-69534,0.010092222276555651
test-69535,0.18602714057747693
test-69536,0.18656777030889096
test-69537,0.15209429744812228
test-69538,0.31679426004000816
test-69539,0.1387564677932596
test-6954,0.013295647523306378
test-69540,0.0669392073111586
test-69541,0.046136995605575305
test-69542,0.013486246892867575
test-69543,0.19743206482037587
test-69544,0.0442550432043219
test-69545,0.013163284422388101
test-69546,0.0441471356813607
test-69547,0.12654342528268078
test-69548,0.051178603178708426
test-69549,0.02485864447152636
test-6955,0.09394507126896243
test-69550,0.02088751698103177
test-69551,0.08127689889107585
test-69552,0.0689911106684602
test-69553,0.02449051050291915
test-69554,0.03222409785826883
test-69555,0.015100765061964231
test-69556,0.11749837870474622
test-69557,0.027458631914207325
test-69558,0.15631274419175611
test-69559,0.02498406543347223
test-6956,0.061895806417351
test-69560,0.31189086947393013
test-69561,0.026346367788222837
test-69562,0.016565556222226458
test-69563,0.0888687870523802
test-69564,0.08469207989574525
test-69565,0.05959008320491674
test-69566,0.2028169590043473
test-69567,0.07896917855603469
test-69568,0.32385419183920494
test-69569,0.047083153576891495
test-6957,0.29623285900697915
test-69570,0.0414786337263055
test-69571,0.038323524440963555
test-69572,0.030350012870995105
test-69573,0.10570472104149754
test-69574,0.03406922749543778
test-69575,0.04006233756336691
test-69576,0.11826566776005107
test-69577,0.18178571266937596
test-69578,0.016160909900064323
test-69579,0.017864036471861255
test-6958,0.012684947326581396
test-69580,0.08933792571973952
test-69581,0.10787745874581815
test-69582,0.05004582465705359
test-69583,0.035475820225203944
test-69584,0.3788549098223713
test-69585,0.03383557847512533
test-69586,0.18334345084018053
test-69587,0.023907366382159966
test-69588,0.06487461076703796
test-69589,0.24320666931132226
test-6959,0.036349110652002414
test-69590,0.0466223596301052
test-69591,0.21997039255490222
test-69592,0.17625799859133406
test-69593,0.07169711555088581
test-69594,0.25121184318481943
test-69595,0.01105497042044225
test-69596,0.03517554983071838
test-69597,0.1276242593420961
test-69598,0.13775918575813118
test-69599,0.06803412447426488
test-696,0.01913290999486616
test-6960,0.09477743102062279
test-69600,0.06209900224867288
test-69601,0.016592817350583315
test-69602,0.028379900039309625
test-69603,0.1136181123965489
test-69604,0.027144022736782895
test-69605,0.021095322119498928
test-69606,0.123817286149575
test-69607,0.04876456257817129
test-69608,0.019312787114570774
test-69609,0.07593521245106087
test-6961,0.017968698051790084
test-69610,0.23237937503524778
test-69611,0.0602538396008374
test-69612,0.020139337539069924
test-69613,0.011897317298181581
test-69614,0.028974053244902803
test-69615,0.02003843258395867
test-69616,0.03605138315091755
test-69617,0.0093186409681366
test-69618,0.014390477085816452
test-69619,0.059501922873155644
test-6962,0.024146983514257515
test-69620,0.3345554408183803
test-69621,0.034269109464174954
test-69622,0.05071841960835754
test-69623,0.02736352324213311
test-69624,0.021143072374082684
test-69625,0.08329083206478825
test-69626,0.014390477085816452
test-69627,0.038120965280213935
test-69628,0.02233390815956042
test-69629,0.041412006865595916
test-6963,0.014246300215198432
test-69630,0.06732908216537174
test-69631,0.03611663395578433
test-69632,0.16564776492926372
test-69633,0.25541852355787653
test-69634,0.15329628395377212
test-69635,0.19744226799680162
test-69636,0.08363966642288058
test-69637,0.05400256287771402
test-69638,0.0734238194770512
test-69639,0.011245324025381424
test-6964,0.1405517784922852
test-69640,0.015306265942532853
test-69641,0.011374594655167198
test-69642,0.10135147787955867
test-69643,0.08057243722494474
test-69644,0.10328201339853732
test-69645,0.03666401959312058
test-69646,0.14354878211006405
test-69647,0.01741840267824287
test-69648,0.16353162522446543
test-69649,0.11819561972390599
test-6965,0.32311302066101333
test-69650,0.010848256801735652
test-69651,0.24869630636498638
test-69652,0.03031289208457089
test-69653,0.20368655124824386
test-69654,0.010645261367589667
test-69655,0.060510101684933336
test-69656,0.16185298082663327
test-69657,0.30512526059773765
test-69658,0.04570852130933484
test-69659,0.012138872570387262
test-6966,0.027506207023454816
test-69660,0.014373814663533477
test-69661,0.034462792400414846
test-69662,0.023155219275998274
test-69663,0.215605171425572
test-69664,0.019519370992623474
test-69665,0.17820205542073778
test-69666,0.21264307813523423
test-69667,0.0669392073111586
test-69668,0.03355743488172441
test-69669,0.17905727396635748
test-6967,0.15449745812598384
test-69670,0.04801982255328129
test-69671,0.022879486531207954
test-69672,0.10591188869586433
test-69673,0.01602619383403136
test-69674,0.07958009128105223
test-69675,0.02171323363261578
test-69676,0.09394507126896243
test-69677,0.08871067195758144
test-69678,0.059932027629227266
test-69679,0.02133231389192287
test-6968,0.10113562781706739
test-69680,0.015583691314316495
test-69681,0.3563531810994808
test-69682,0.3084101490930443
test-69683,0.023917189588727166
test-69684,0.023085913479999727
test-69685,0.009143703666619134
test-69686,0.0669392073111586
test-69687,0.06973145309487784
test-69688,0.13868319567358478
test-69689,0.0067846787946348585
test-6969,0.022230032533528028
test-69690,0.05092976498586229
test-69691,0.3781285300191359
test-69692,0.009677375380307496
test-69693,0.03195215577189423
test-69694,0.14126209795009154
test-69695,0.021193132645053243
test-69696,0.015066314629939789
test-69697,0.02933124535598222
test-69698,0.18441644576837996
test-69699,0.17962575600144673
test-697,0.1065881422006983
test-6970,0.03467675659487517
test-69700,0.23535440062514792
test-69701,0.26985876750376553
test-69702,0.16753611180741115
test-69703,0.017791015217616835
test-69704,0.02695036692577566
test-69705,0.009839565263363858
test-69706,0.11213031949628105
test-69707,0.01734339194779329
test-69708,0.010843377024952246
test-69709,0.020500440837797982
test-6971,0.08788120190007584
test-69710,0.020464340041205252
test-69711,0.03217148106861156
test-69712,0.20671483053357298
test-69713,0.016361220787059785
test-69714,0.016112228440008872
test-69715,0.014826760760526842
test-69716,0.0210297092905315
test-69717,0.12499075233835144
test-69718,0.02296536996903254
test-69719,0.0689193123147282
test-6972,0.014887594757805567
test-69720,0.046009648738188004
test-69721,0.03909311673005164
test-69722,0.017155512030186938
test-69723,0.0185782926590568
test-69724,0.017287090060249425
test-69725,0.10100901844818884
test-69726,0.04049917620318485
test-69727,0.026823347831598746
test-69728,0.2628030368459895
test-69729,0.12218155081251289
test-6973,0.021444365893862925
test-69730,0.1503286065605818
test-69731,0.040036434232552064
test-69732,0.08003083037374147
test-69733,0.11380477524097334
test-69734,0.15757500977460123
test-69735,0.07124476373718741
test-69736,0.1145562784460311
test-69737,0.010415923431882091
test-69738,0.020687851181157867
test-69739,0.04083244759865587
test-6974,0.018364256421671186
test-69740,0.024312481653285856
test-69741,0.01748563114190598
test-69742,0.22880575639422163
test-69743,0.086605402938292
test-69744,0.015139281632594287
test-69745,0.10662283866971346
test-69746,0.024076632816142366
test-69747,0.030940474052954543
test-69748,0.13423816143546446
test-69749,0.23338572816521194
test-6975,0.36438476389579005
test-69750,0.028797081939130706
test-69751,0.015922756875369055
test-69752,0.35538926173102126
test-69753,0.24140202829705734
test-69754,0.2110848786975725
test-69755,0.022441495956396714
test-69756,0.010064841726770945
test-69757,0.01407779990967145
test-69758,0.10135147787955867
test-69759,0.07736971131561239
test-6976,0.014621183342873555
test-69760,0.01434493136562579
test-69761,0.015308096854122693
test-69762,0.010386698797001543
test-69763,0.016366697105264328
test-69764,0.03955152434131393
test-69765,0.024298806275946175
test-69766,0.28114404722532615
test-69767,0.0071952500289974835
test-69768,0.017114209724573386
test-69769,0.16381444995218067
test-6977,0.02961936100554334
test-69770,0.0099338785949266
test-69771,0.19958411260234488
test-69772,0.07013717606758778
test-69773,0.16055945369545369
test-69774,0.018113017286836546
test-69775,0.056944506443163456
test-69776,0.14958246791511567
test-69777,0.09278365050712774
test-69778,0.008770170114864117
test-69779,0.12758786262445412
test-6978,0.10930020946053877
test-69780,0.06447676235278049
test-69781,0.07438793617199105
test-69782,0.3899856700592274
test-69783,0.030413517664061432
test-69784,0.009205743547204447
test-69785,0.02595946834546761
test-69786,0.21701514012261647
test-69787,0.007331237883660498
test-69788,0.03248564109395141
test-69789,0.09091693207337093
test-6979,0.01912345023893244
test-69790,0.011712936481488724
test-69791,0.03588737207884798
test-69792,0.007405116372274674
test-69793,0.03667886671461944
test-69794,0.14341590628354015
test-69795,0.021885275849685932
test-69796,0.12579877224813937
test-69797,0.20690644758501067
test-69798,0.19596175985610842
test-69799,0.015514309943200636
test-698,0.1391778817144131
test-6980,0.04113499766769553
test-69800,0.13466851958327825
test-69801,0.04252105837468247
test-69802,0.013534290013819956
test-69803,0.1715919799448042
test-69804,0.03017144357325717
test-69805,0.07896917855603469
test-69806,0.03912432678411478
test-69807,0.1629910238417582
test-69808,0.034768034231258994
test-69809,0.07035380374342053
test-6981,0.012973721239787066
test-69810,0.054293171775032796
test-69811,0.00851567291627711
test-69812,0.31031435814079444
test-69813,0.01862503712946808
test-69814,0.016075636845657153
test-69815,0.026939741663560904
test-69816,0.03125955607997175
test-69817,0.02869652639209735
test-69818,0.1533100307374936
test-69819,0.020585461573586032
test-6982,0.18361227489289855
test-69820,0.0446492012773775
test-69821,0.0844251460486151
test-69822,0.04562991281097436
test-69823,0.023065781937542027
test-69824,0.14344985028116006
test-69825,0.1577945856890688
test-69826,0.07042890666431177
test-69827,0.013984770565345883
test-69828,0.009019432199058054
test-69829,0.16447443417508945
test-6983,0.055405749326785554
test-69830,0.33303260952454955
test-69831,0.023528739159100767
test-69832,0.17645226684991447
test-69833,0.037658600636406254
test-69834,0.1738092356919918
test-69835,0.13596500849149146
test-69836,0.06107244868006746
test-69837,0.17310927884679245
test-69838,0.021241614273993084
test-69839,0.0669392073111586
test-6984,0.02142807453978519
test-69840,0.13287718349934605
test-69841,0.1803906170026154
test-69842,0.18354006164552347
test-69843,0.04475351461529831
test-69844,0.13584648180255504
test-69845,0.0669392073111586
test-69846,0.015399039451055706
test-69847,0.13842109341271808
test-69848,0.12175596463632149
test-69849,0.05339307069340168
test-6985,0.01789225017443247
test-69850,0.15246780733797033
test-69851,0.08855129238180084
test-69852,0.051583540921938335
test-69853,0.02823657148658974
test-69854,0.057156841882302516
test-69855,0.038737141696530905
test-69856,0.039612925182550524
test-69857,0.08794802514903635
test-69858,0.02356585750850362
test-69859,0.029324521746968008
test-6986,0.20701812808238634
test-69860,0.2916485005794079
test-69861,0.01676558207385426
test-69862,0.025074610423120185
test-69863,0.06687591078501293
test-69864,0.08127547673886046
test-69865,0.03986190013819812
test-69866,0.060093997257478965
test-69867,0.37838357316584137
test-69868,0.12075380572525422
test-69869,0.020497447681006597
test-6987,0.10062551206765444
test-69870,0.01039779339978416
test-69871,0.03170912372369171
test-69872,0.05339307069340168
test-69873,0.032965434526358216
test-69874,0.012213328554131389
test-69875,0.03291062266024934
test-69876,0.010521178338860047
test-69877,0.2677074968192157
test-69878,0.04505480972757133
test-69879,0.03223415261875143
test-6988,0.33605751195913636
test-69880,0.024494548869393194
test-69881,0.020765529039110487
test-69882,0.012292591680132305
test-69883,0.02355143305789466
test-69884,0.12065541907504085
test-69885,0.07455365118976702
test-69886,0.02611233603233315
test-69887,0.015134748235511288
test-69888,0.022060681048482
test-69889,0.06269737539743088
test-6989,0.061577899304617906
test-69890,0.023324323905870224
test-69891,0.15089977545054142
test-69892,0.07896917855603469
test-69893,0.1085232848478688
test-69894,0.02377692308052591
test-69895,0.020486374402151307
test-69896,0.10711086851343178
test-69897,0.0598174499445665
test-69898,0.0618665757261839
test-69899,0.09577148861252165
test-699,0.039764213262086054
test-6990,0.028379171092922834
test-69900,0.013105046027466991
test-69901,0.09919039334573826
test-69902,0.020808539210724196
test-69903,0.0687732139720173
test-69904,0.0669392073111586
test-69905,0.19241840450954031
test-69906,0.18811731458304776
test-69907,0.04194967788754191
test-69908,0.038915003849025465
test-69909,0.022901667464646308
test-6991,0.021342700833438994
test-69910,0.11416875362997438
test-69911,0.05456547186630861
test-69912,0.249883048018558
test-69913,0.020436984620475496
test-69914,0.31982301334284297
test-69915,0.021735856574518996
test-69916,0.298190805261473
test-69917,0.11303007820625349
test-69918,0.13217352376196914
test-69919,0.07154554671561687
test-6992,0.03623798271844692
test-69920,0.07431966347507735
test-69921,0.018799111696278004
test-69922,0.012782121028619932
test-69923,0.09628070857692574
test-69924,0.024039659086970963
test-69925,0.023153720898318044
test-69926,0.09602594570702715
test-69927,0.08446298650961538
test-69928,0.023072626525862845
test-69929,0.12255886908208524
test-6993,0.013058893730635308
test-69930,0.08962782951307559
test-69931,0.0771170715869828
test-69932,0.015885712761223716
test-69933,0.008670368817791091
test-69934,0.11266714550532139
test-69935,0.019836602631375502
test-69936,0.018359417323205188
test-69937,0.010574077484741
test-69938,0.32072693085634246
test-69939,0.32290315265781827
test-6994,0.09461559618440822
test-69940,0.2608606113982203
test-69941,0.11083262337250421
test-69942,0.019039260329778762
test-69943,0.2496969093722631
test-69944,0.05850319094739505
test-69945,0.00765849383237709
test-69946,0.05675437742546738
test-69947,0.11804229421595193
test-69948,0.015958651414529502
test-69949,0.03479085106473808
test-6995,0.04313873149353708
test-69950,0.018543668034333702
test-69951,0.014321434249701932
test-69952,0.014335398338610788
test-69953,0.11783983439241222
test-69954,0.2326334366376037
test-69955,0.008438079002080868
test-69956,0.006255865015145264
test-69957,0.07931487353970255
test-69958,0.1944346418129891
test-69959,0.04678255524830835
test-6996,0.11977559285455862
test-69960,0.21432317622833894
test-69961,0.07922117308456564
test-69962,0.007679443983961846
test-69963,0.04250017914951477
test-69964,0.08457047083597201
test-69965,0.07131495799713573
test-69966,0.06252204908644755
test-69967,0.013510716224572304
test-69968,0.15137867440934327
test-69969,0.12663596937894922
test-6997,0.3088846073371973
test-69970,0.018369316151247622
test-69971,0.15453213734135005
test-69972,0.02004714672233658
test-69973,0.008777884545668694
test-69974,0.2343729101036418
test-69975,0.020802361406232865
test-69976,0.16886177037876146
test-69977,0.02243075564547327
test-69978,0.22872697601526593
test-69979,0.07205703908068241
test-6998,0.11762711561145403
test-69980,0.2624449289358947
test-69981,0.2861105927733099
test-69982,0.0541765068307789
test-69983,0.05426657789851967
test-69984,0.07318748156493517
test-69985,0.02911176551836766
test-69986,0.2700978885541094
test-69987,0.17022798021928276
test-69988,0.07771551225057195
test-69989,0.1506041329714656
test-6999,0.03446253759755385
test-69990,0.08793113067467431
test-69991,0.021698664605298852
test-69992,0.01730296443208773
test-69993,0.017526438487380815
test-69994,0.10016106950207247
test-69995,0.08813343694097674
test-69996,0.2608606113982203
test-69997,0.25210849485313896
test-69998,0.128374099534536
test-69999,0.24997346088364922
test-7,0.25601265027979836
test-70,0.01598346177726185
test-700,0.023477140999081714
test-7000,0.29273418437751375
test-70000,0.09695033686007248
test-70001,0.009600267497284506
test-70002,0.15158728129944926
test-70003,0.03794216539121246
test-70004,0.008669423564269025
test-70005,0.11709343371842393
test-70006,0.13108904054286935
test-70007,0.01878937036296915
test-70008,0.028694868405857343
test-70009,0.017010703763175004
test-7001,0.015092024658918804
test-70010,0.010518515789053254
test-70011,0.035745397342667566
test-70012,0.16955325717680142
test-70013,0.04855239230595051
test-70014,0.10098069506471297
test-70015,0.08555638222349135
test-70016,0.01404734283487117
test-70017,0.026593563427173447
test-70018,0.06525087670524621
test-70019,0.03634555507091974
test-7002,0.07995118387683771
test-70020,0.007329494051783888
test-70021,0.08428336674265269
test-70022,0.044433311807341266
test-70023,0.020116818046199667
test-70024,0.0836160361599026
test-70025,0.12754625988889445
test-70026,0.017491891121301555
test-70027,0.04166386701592093
test-70028,0.20373686359791532
test-70029,0.10404125537587319
test-7003,0.10967733048368176
test-70030,0.07772143756576691
test-70031,0.011686635934541011
test-70032,0.06854068642831915
test-70033,0.06924181024171734
test-70034,0.32940031742774223
test-70035,0.18341801916387468
test-70036,0.03613881898411681
test-70037,0.011771426809335692
test-70038,0.013131820067274274
test-70039,0.010816934726290722
test-7004,0.04449657801669089
test-70040,0.03658327629089366
test-70041,0.031189105334535148
test-70042,0.017607873093291156
test-70043,0.022742896300244935
test-70044,0.01920885595268685
test-70045,0.07761201648926105
test-70046,0.10532815564250099
test-70047,0.2549698019417084
test-70048,0.01665508928443295
test-70049,0.06354755420034781
test-7005,0.16295178891137752
test-70050,0.13089904588964593
test-70051,0.08603822276696496
test-70052,0.03818912596062407
test-70053,0.055464644509389545
test-70054,0.11376574583381904
test-70055,0.01789535188041588
test-70056,0.1059233089544342
test-70057,0.02505736143627505
test-70058,0.020685463192195924
test-70059,0.027603124291061695
test-7006,0.01029712414703826
test-70060,0.02222572654720911
test-70061,0.07799433853261355
test-70062,0.02900306374201444
test-70063,0.015532826051815355
test-70064,0.17697300821884485
test-70065,0.0669392073111586
test-70066,0.03500623183050008
test-70067,0.04742468327896594
test-70068,0.09766624959843404
test-70069,0.027168083716034262
test-7007,0.14563831567494998
test-70070,0.05132952235305325
test-70071,0.010746940473996111
test-70072,0.19010248938443303
test-70073,0.15914862512701128
test-70074,0.057781778400973094
test-70075,0.10338024656869367
test-70076,0.03870287823230496
test-70077,0.05530774524041582
test-70078,0.30887806445538424
test-70079,0.021783528181089876
test-7008,0.028141687006903355
test-70080,0.09852274886446842
test-70081,0.12871166238909137
test-70082,0.0734238194770512
test-70083,0.05243243748524208
test-70084,0.11607553849948815
test-70085,0.009699359672794217
test-70086,0.09461277456806662
test-70087,0.023504699031333474
test-70088,0.030456291915646486
test-70089,0.010695806954700172
test-7009,0.014681081912464745
test-70090,0.07859197714629405
test-70091,0.1621925685320108
test-70092,0.02695036692577566
test-70093,0.028190890517172915
test-70094,0.17184537134374636
test-70095,0.03988239141551476
test-70096,0.03453537547984509
test-70097,0.1338815895063898
test-70098,0.06613128233036399
test-70099,0.14028753911004127
test-701,0.15695985625770076
test-7010,0.13952246995891973
test-70100,0.08003083037374147
test-70101,0.010688541264593539
test-70102,0.038287625558455586
test-70103,0.1130779221749223
test-70104,0.039329609593659456
test-70105,0.16309243433334725
test-70106,0.056562166670587964
test-70107,0.009497365198486823
test-70108,0.04688163618239434
test-70109,0.011400676507399416
test-7011,0.16874798038784844
test-70110,0.07300415700059695
test-70111,0.025461202859192296
test-70112,0.007086062945371411
test-70113,0.020847301171439226
test-70114,0.17645226684991447
test-70115,0.08481075771520978
test-70116,0.008459597651641122
test-70117,0.2949027250455158
test-70118,0.0846182167635542
test-70119,0.06063094979376647
test-7012,0.040124265551878105
test-70120,0.03517554983071838
test-70121,0.011804817518086508
test-70122,0.015002770829436893
test-70123,0.03546942216439556
test-70124,0.03254705391801379
test-70125,0.32641958553279166
test-70126,0.25289215018117983
test-70127,0.09787796055403811
test-70128,0.1749400544547567
test-70129,0.10812230317096443
test-7013,0.020008542463173327
test-70130,0.012147440573695094
test-70131,0.04484750786883109
test-70132,0.08096110748823805
test-70133,0.0750993069426712
test-70134,0.012518487489321963
test-70135,0.010735798059340145
test-70136,0.08721907801636661
test-70137,0.016851618901209342
test-70138,0.06769227346933265
test-70139,0.12900282818531536
test-7014,0.11499578303811298
test-70140,0.012009634593570065
test-70141,0.10138094241530729
test-70142,0.012748903193571116
test-70143,0.04656907491031237
test-70144,0.08615277177339231
test-70145,0.1513377583297521
test-70146,0.007178349825840459
test-70147,0.04578041410959574
test-70148,0.2577063412985257
test-70149,0.01942252998235693
test-7015,0.012851310547358418
test-70150,0.06007031728018209
test-70151,0.039551537003644936
test-70152,0.008443481737337723
test-70153,0.044993741193992916
test-70154,0.03576478888897539
test-70155,0.04622470729433216
test-70156,0.03530859635982291
test-70157,0.012433686199655151
test-70158,0.047625712255469584
test-70159,0.010094692488675285
test-7016,0.03669993747646486
test-70160,0.24579312939720416
test-70161,0.0883172729901083
test-70162,0.1059535626556491
test-70163,0.007740320541535319
test-70164,0.04085545101317766
test-70165,0.11709343371842393
test-70166,0.060723297762572605
test-70167,0.12180282121774887
test-70168,0.20567247061788232
test-70169,0.04744836284985823
test-7017,0.012638066586426105
test-70170,0.03169950390964555
test-70171,0.018963930549525852
test-70172,0.04206108890588632
test-70173,0.06758425036614188
test-70174,0.019574309601247314
test-70175,0.009444362168257838
test-70176,0.027520821890788385
test-70177,0.19879543280313933
test-70178,0.038087216582325965
test-70179,0.014446472685977681
test-7018,0.010388978101442018
test-70180,0.0691827100574332
test-70181,0.08196973207204497
test-70182,0.03364661903668134
test-70183,0.006010868518835877
test-70184,0.017158342986719165
test-70185,0.0298030123206848
test-70186,0.02905790424985408
test-70187,0.06741990322800277
test-70188,0.14341590628354015
test-70189,0.03559431518427349
test-7019,0.14341590628354015
test-70190,0.17246040742063173
test-70191,0.009236858182187875
test-70192,0.00683483777788432
test-70193,0.02418656385006366
test-70194,0.014953627596337712
test-70195,0.08110413393213176
test-70196,0.17986524376067797
test-70197,0.01368734327871296
test-70198,0.028493395809573063
test-70199,0.12614711902775436
test-702,0.015107842344787311
test-7020,0.01855534045056566
test-70200,0.01793926969126992
test-70201,0.035439969292699915
test-70202,0.3037606026341104
test-70203,0.012213328554131389
test-70204,0.08423449693636353
test-70205,0.11256200323915286
test-70206,0.19989843551456554
test-70207,0.1135748689390796
test-70208,0.05021442541467641
test-70209,0.030857421133562418
test-7021,0.0669392073111586
test-70210,0.038225607574852494
test-70211,0.2429712953115778
test-70212,0.01926041135875165
test-70213,0.03563965779772
test-70214,0.22976140992839292
test-70215,0.12127039406752178
test-70216,0.08099355771048226
test-70217,0.04475351461529831
test-70218,0.005418687640270114
test-70219,0.013128635633757067
test-7022,0.039046996626316215
test-70220,0.01624323127738469
test-70221,0.25541852355787653
test-70222,0.19715518998275752
test-70223,0.14741273588954934
test-70224,0.17377757721118783
test-70225,0.29962855705749425
test-70226,0.00887635889429067
test-70227,0.018814685800921202
test-70228,0.07600212549942856
test-70229,0.12056362792764973
test-7023,0.11238910418384819
test-70230,0.007761078182451145
test-70231,0.06193412866497164
test-70232,0.0687732139720173
test-70233,0.06770281718638506
test-70234,0.10187623348293892
test-70235,0.04051182369827448
test-70236,0.16948764875643343
test-70237,0.057727089998158135
test-70238,0.20189512310452795
test-70239,0.0846182167635542
test-7024,0.013241679298058171
test-70240,0.08105609546995986
test-70241,0.16688592897623952
test-70242,0.02766095251544029
test-70243,0.012211444325343716
test-70244,0.029587106984075837
test-70245,0.010982385474552521
test-70246,0.009265127709712937
test-70247,0.15684509322331613
test-70248,0.013199629664014443
test-70249,0.010634865521600216
test-7025,0.1278928043530539
test-70250,0.024035271494723672
test-70251,0.22475878264780283
test-70252,0.03944032528564574
test-70253,0.29142762390192883
test-70254,0.010723732153811586
test-70255,0.256462218622841
test-70256,0.13826019634552186
test-70257,0.015417279176954164
test-70258,0.03234592518216611
test-70259,0.05041622353169501
test-7026,0.011452462859885637
test-70260,0.03969784182039812
test-70261,0.009355249574142802
test-70262,0.10846262970976613
test-70263,0.09738340850954373
test-70264,0.19704755480596947
test-70265,0.022879486531207954
test-70266,0.0170308782444962
test-70267,0.09194072320906183
test-70268,0.19955545937433553
test-70269,0.024514728621468203
test-7027,0.2262887729828075
test-70270,0.07573912227074678
test-70271,0.09787796055403811
test-70272,0.024162722860699495
test-70273,0.022110925965811924
test-70274,0.014555623190786396
test-70275,0.02663298210448609
test-70276,0.030518903560600802
test-70277,0.06656842355374136
test-70278,0.01480789883692935
test-70279,0.0734128170605883
test-7028,0.03394517755049771
test-70280,0.02311791679835939
test-70281,0.07964211478951291
test-70282,0.022436301146238225
test-70283,0.12663596937894922
test-70284,0.024640479999306006
test-70285,0.004598307054141719
test-70286,0.10135147787955867
test-70287,0.013341016380945094
test-70288,0.03408290519867739
test-70289,0.09787796055403811
test-7029,0.03083135470321196
test-70290,0.19906908169098045
test-70291,0.12819412947753134
test-70292,0.024156851586387647
test-70293,0.019040853630306546
test-70294,0.36631042657114105
test-70295,0.22358161055247022
test-70296,0.01317380005419688
test-70297,0.01955034394694756
test-70298,0.05420696106458327
test-70299,0.031985980693925414
test-703,0.10489119555271832
test-7030,0.11425223117517343
test-70300,0.04390316360630407
test-70301,0.02000572599094242
test-70302,0.12663596937894922
test-70303,0.0669392073111586
test-70304,0.28989101998451977
test-70305,0.007757023463602153
test-70306,0.00735778313667198
test-70307,0.1296819373795928
test-70308,0.010708169471970175
test-70309,0.20624610345486596
test-7031,0.03254799066554264
test-70310,0.042242212482437536
test-70311,0.030381729078190745
test-70312,0.11578668244969521
test-70313,0.00390653526942655
test-70314,0.08083929834726071
test-70315,0.03093834186158108
test-70316,0.009569431284522183
test-70317,0.02022391818507433
test-70318,0.1851534334920986
test-70319,0.0091119697118891
test-7032,0.16462835711123522
test-70320,0.041530078118185244
test-70321,0.06173298173125333
test-70322,0.1554725966909771
test-70323,0.0833830743812255
test-70324,0.019713680160774537
test-70325,0.025161111257399674
test-70326,0.13137159823060063
test-70327,0.40674954881879777
test-70328,0.007739857033568781
test-70329,0.007025627448281812
test-7033,0.16765483871650028
test-70330,0.12892894738187646
test-70331,0.018487811456801444
test-70332,0.3237420528678743
test-70333,0.041644692851619175
test-70334,0.0453870587290005
test-70335,0.31274518706668125
test-70336,0.04097508869882411
test-70337,0.06980830189606753
test-70338,0.2032881262300473
test-70339,0.05015468531813707
test-7034,0.020492915458839498
test-70340,0.021739089956027278
test-70341,0.018173089333392584
test-70342,0.15115762677134237
test-70343,0.14576130222417877
test-70344,0.04579482397259518
test-70345,0.0699771884231699
test-70346,0.28056526427093853
test-70347,0.01648147253079594
test-70348,0.05410739181064715
test-70349,0.019115581390337803
test-7035,0.03337548669310741
test-70350,0.01365278697362103
test-70351,0.010674863880471057
test-70352,0.10849311745818162
test-70353,0.22543735803149562
test-70354,0.09894217917792562
test-70355,0.22205931310068508
test-70356,0.2699997176767006
test-70357,0.03486489872293471
test-70358,0.06440902719835723
test-70359,0.02814100180487475
test-7036,0.01330897131459523
test-70360,0.028169280332856355
test-70361,0.08673699384050788
test-70362,0.03222440361058482
test-70363,0.015211986097073554
test-70364,0.15583343267259314
test-70365,0.07233361622483071
test-70366,0.021508665098949484
test-70367,0.012337199872716243
test-70368,0.0124911346318714
test-70369,0.10022332301988479
test-7037,0.04252105837468247
test-70370,0.03125174394975723
test-70371,0.03990343531528594
test-70372,0.12792739266809042
test-70373,0.02673613146018192
test-70374,0.2008248362738506
test-70375,0.04758444960666665
test-70376,0.17645226684991447
test-70377,0.06634358790172522
test-70378,0.0271937693982774
test-70379,0.01868168803082831
test-7038,0.07345086309972827
test-70380,0.36551781579563086
test-70381,0.11716099088375154
test-70382,0.1659497387025809
test-70383,0.040036434232552064
test-70384,0.032083633836958475
test-70385,0.022793413152147543
test-70386,0.01120703457954242
test-70387,0.019720390114715415
test-70388,0.011274454424736811
test-70389,0.11041755034635796
test-7039,0.09286786915272376
test-70390,0.020125593718223606
test-70391,0.01517552446226218
test-70392,0.07007671679880129
test-70393,0.017052085507481392
test-70394,0.047814243650601856
test-70395,0.01855877832162465
test-70396,0.008858736414248922
test-70397,0.14846583581746323
test-70398,0.24839461731694698
test-70399,0.010401082541015743
test-704,0.27162887267547664
test-7040,0.03845666334578714
test-70400,0.030860211436749246
test-70401,0.1728577117171086
test-70402,0.12679381851685237
test-70403,0.04301208359899352
test-70404,0.027471521470755177
test-70405,0.2519907039033014
test-70406,0.1595075154360589
test-70407,0.057270014769043455
test-70408,0.11890417487470603
test-70409,0.0334400103173621
test-7041,0.051123247659164664
test-70410,0.16495409866863425
test-70411,0.09424756168711622
test-70412,0.014319019828330367
test-70413,0.22059923769989473
test-70414,0.03603313511483203
test-70415,0.0327426556226153
test-70416,0.09787796055403811
test-70417,0.01196102305029362
test-70418,0.09262094616230011
test-70419,0.23973206845531034
test-7042,0.097768755063514
test-70420,0.25400531053739484
test-70421,0.011359659525609973
test-70422,0.019488368893013974
test-70423,0.030282596372868138
test-70424,0.027088140521023797
test-70425,0.04205098404100263
test-70426,0.021095861438692007
test-70427,0.013361079999970982
test-70428,0.018807043164289015
test-70429,0.0819187039665555
test-7043,0.22454066213320145
test-70430,0.02729061952620783
test-70431,0.1313395705021038
test-70432,0.02610507404214457
test-70433,0.03611663395578433
test-70434,0.026626419560844817
test-70435,0.043426535588116044
test-70436,0.07718386038990019
test-70437,0.022211469405128123
test-70438,0.14456443657894463
test-70439,0.03841497037872519
test-7044,0.040695030576269844
test-70440,0.16077848165326117
test-70441,0.5911311665708732
test-70442,0.0904618056014126
test-70443,0.12639031080053648
test-70444,0.3195674274302424
test-70445,0.026476377266819166
test-70446,0.06769227346933265
test-70447,0.023566215102658522
test-70448,0.020190720554720633
test-70449,0.018766658163035355
test-7045,0.017806755938488288
test-70450,0.023822647620084108
test-70451,0.029942812211066545
test-70452,0.027943342246259995
test-70453,0.08260182777979576
test-70454,0.09538759281329823
test-70455,0.11210150812694934
test-70456,0.009492601885685875
test-70457,0.20201909310270205
test-70458,0.011142636944272607
test-70459,0.005801149949513865
test-7046,0.1608544546200488
test-70460,0.11837711933826955
test-70461,0.020923122455369873
test-70462,0.21410549042271118
test-70463,0.013030756120375816
test-70464,0.175848301979142
test-70465,0.14994596595256593
test-70466,0.07896917855603469
test-70467,0.011928538681871914
test-70468,0.015988995885659347
test-70469,0.078527144818741
test-7047,0.15207666263163636
test-70470,0.025567914191061247
test-70471,0.013602464948504214
test-70472,0.2601218252968054
test-70473,0.13612110204471284
test-70474,0.36935351429623403
test-70475,0.022577654216043946
test-70476,0.020705049486284342
test-70477,0.04600162021116706
test-70478,0.1855747478741186
test-70479,0.03179989600457576
test-7048,0.15027257494240037
test-70480,0.01739306836129498
test-70481,0.038459073739892095
test-70482,0.0071377278652874675
test-70483,0.02501136721319663
test-70484,0.18264713703463237
test-70485,0.016409015452121235
test-70486,0.023462412029743192
test-70487,0.025731915926147028
test-70488,0.18378412748871667
test-70489,0.03117502901096009
test-7049,0.03795058887119644
test-70490,0.15346417080024163
test-70491,0.123817286149575
test-70492,0.3203868204994877
test-70493,0.044665835510572474
test-70494,0.12460507488050093
test-70495,0.01262712145553656
test-70496,0.2044799643817732
test-70497,0.07771558515616006
test-70498,0.22108510010426716
test-70499,0.07300415700059695
test-705,0.015894033211974874
test-7050,0.0753792956022883
test-70500,0.13092739275910928
test-70501,0.1999810162275821
test-70502,0.06769227346933265
test-70503,0.07799433853261355
test-70504,0.018375492189020636
test-70505,0.02544811218910511
test-70506,0.025626529502590402
test-70507,0.12669521753714805
test-70508,0.09787796055403811
test-70509,0.01545035436646418
test-7051,0.06443714525892377
test-70510,0.32997278473256025
test-70511,0.12201151671683301
test-70512,0.008926140860295606
test-70513,0.016830861358305478
test-70514,0.23753459282846834
test-70515,0.055776660923241114
test-70516,0.014038153092833102
test-70517,0.02233465055698177
test-70518,0.012593149544875544
test-70519,0.092645646454815
test-7052,0.02445536682424933
test-70520,0.024137776886887997
test-70521,0.18839776807863337
test-70522,0.05015468531813707
test-70523,0.16982195649310705
test-70524,0.042587915496227396
test-70525,0.0534779210135296
test-70526,0.07124476373718741
test-70527,0.07765548192385864
test-70528,0.05959930459663254
test-70529,0.010892922003139698
test-7053,0.03885410492377434
test-70530,0.039056486816039286
test-70531,0.1291090533519388
test-70532,0.01074635737178932
test-70533,0.09470544100951546
test-70534,0.07128135831045332
test-70535,0.014677179341636334
test-70536,0.010246173139444485
test-70537,0.09507798688556073
test-70538,0.018364256421671186
test-70539,0.25122691744148357
test-7054,0.0707119985986715
test-70540,0.031566854216601846
test-70541,0.2697507449282824
test-70542,0.18518543601907628
test-70543,0.012256434820712429
test-70544,0.008834765065150825
test-70545,0.4100690170957797
test-70546,0.18862728733891568
test-70547,0.021857942946323077
test-70548,0.10976195934245725
test-70549,0.10300158158348553
test-7055,0.21230939117496264
test-70550,0.08118018219986127
test-70551,0.011752443970700854
test-70552,0.01019435428557345
test-70553,0.009872732836531967
test-70554,0.11539320723591627
test-70555,0.036905703062751136
test-70556,0.013295647523306378
test-70557,0.08592775411805131
test-70558,0.08253510868640591
test-70559,0.21489993690903206
test-7056,0.029803334434002113
test-70560,0.03815693473839663
test-70561,0.006491857366124637
test-70562,0.03886493008813917
test-70563,0.08892582482768477
test-70564,0.018272300882956536
test-70565,0.03959860179345001
test-70566,0.01790577519602681
test-70567,0.03957797408190487
test-70568,0.28395496788566144
test-70569,0.04446800059456901
test-7057,0.2710071866344494
test-70570,0.11607553849948815
test-70571,0.21678991858611896
test-70572,0.508173051285855
test-70573,0.07189439199483197
test-70574,0.02460804797114191
test-70575,0.05090416365782776
test-70576,0.059501922873155644
test-70577,0.023041151753590165
test-70578,0.07799433853261355
test-70579,0.1300152996843655
test-7058,0.012487127709973437
test-70580,0.05864005616735881
test-70581,0.07300415700059695
test-70582,0.07595153745069676
test-70583,0.030699113313216904
test-70584,0.016259191215521263
test-70585,0.010796298685310098
test-70586,0.03115545707525899
test-70587,0.010012975231144812
test-70588,0.04008375606643495
test-70589,0.1855747478741186
test-7059,0.4252554837280234
test-70590,0.030242847963477478
test-70591,0.22453520807733313
test-70592,0.03932630209241955
test-70593,0.25688032572347164
test-70594,0.026730565763315717
test-70595,0.08268176303005692
test-70596,0.02201876317492519
test-70597,0.11826566776005107
test-70598,0.2864444900523477
test-70599,0.008746246349530341
test-706,0.091288827778462
test-7060,0.022263667584043446
test-70600,0.046314819717596045
test-70601,0.2736921876111666
test-70602,0.056920323242529255
test-70603,0.09688357143479782
test-70604,0.02071407604032383
test-70605,0.24193363441986024
test-70606,0.030814784197076898
test-70607,0.07270163841092878
test-70608,0.08959767693759854
test-70609,0.09442793442436977
test-7061,0.36336236004260664
test-70610,0.023021849586446746
test-70611,0.03458638272894069
test-70612,0.025785442539613172
test-70613,0.026562251940891513
test-70614,0.22495205033854337
test-70615,0.03814148517921337
test-70616,0.030929273122954376
test-70617,0.1159414314799023
test-70618,0.0206855292420766
test-70619,0.06107244868006746
test-7062,0.01239262728837329
test-70620,0.08522748808205752
test-70621,0.1278671172773803
test-70622,0.021028410403607516
test-70623,0.022056466302850405
test-70624,0.03147961845172396
test-70625,0.17053026580054967
test-70626,0.02215898494137528
test-70627,0.019492484817347645
test-70628,0.04331127711365912
test-70629,0.18777146245201679
test-7063,0.23921760259942376
test-70630,0.08987211674401117
test-70631,0.06803412447426488
test-70632,0.008534417147205497
test-70633,0.20226337754238918
test-70634,0.09812151115294372
test-70635,0.24785752440843128
test-70636,0.20375945124330658
test-70637,0.03391877389036514
test-70638,0.02335124238089912
test-70639,0.017353884424873112
test-7064,0.07934062757453506
test-70640,0.04865764066777725
test-70641,0.05208234691405471
test-70642,0.16838391656609872
test-70643,0.03876471054634277
test-70644,0.03314793808008469
test-70645,0.0386596130293458
test-70646,0.04131213555378358
test-70647,0.2868215441518048
test-70648,0.04688750644718757
test-70649,0.15048306958097138
test-7065,0.01783087532560397
test-70650,0.010804771808769527
test-70651,0.18249276641651607
test-70652,0.0683622050677793
test-70653,0.26850196659260944
test-70654,0.012686757246188524
test-70655,0.015021947890983434
test-70656,0.13438924170332986
test-70657,0.013486836638223539
test-70658,0.016099165604652188
test-70659,0.01904101058595534
test-7066,0.0906168323784188
test-70660,0.07765548192385864
test-70661,0.02715081174475482
test-70662,0.02063169373853889
test-70663,0.2749119103410804
test-70664,0.1235348362769236
test-70665,0.11192954368951438
test-70666,0.01707491003746264
test-70667,0.022531734882921844
test-70668,0.01263221411230989
test-70669,0.009127630806577572
test-7067,0.13083401026029365
test-70670,0.013576208546042707
test-70671,0.029778034879541795
test-70672,0.09967505524039096
test-70673,0.02280300857949624
test-70674,0.0148202088670645
test-70675,0.18455389117358664
test-70676,0.1334315708137575
test-70677,0.02778057696972967
test-70678,0.08676426786931425
test-70679,0.12456179376616706
test-7068,0.03146178169530733
test-70680,0.11169651018956121
test-70681,0.01930468556229207
test-70682,0.1540426547734334
test-70683,0.14917253254596
test-70684,0.021982320646970074
test-70685,0.10107432249826992
test-70686,0.026355947078805706
test-70687,0.16695447271917302
test-70688,0.03832641703301595
test-70689,0.12126379944015753
test-7069,0.12615610606854738
test-70690,0.020941997137932704
test-70691,0.019288298801567894
test-70692,0.020184049019556536
test-70693,0.033336185267224455
test-70694,0.1543693773528168
test-70695,0.30208168725765505
test-70696,0.11620376548595909
test-70697,0.11861665949525257
test-70698,0.028144203811810466
test-70699,0.08967959689860973
test-707,0.12213025335035543
test-7070,0.012776609125267062
test-70700,0.25496839607771393
test-70701,0.010823920664669872
test-70702,0.2330709026128012
test-70703,0.033665748703077085
test-70704,0.012686154730009483
test-70705,0.16093563229249153
test-70706,0.04930772376145754
test-70707,0.17081670631152476
test-70708,0.04141335805855882
test-70709,0.040998707895536946
test-7071,0.16695447271917302
test-70710,0.09894217917792562
test-70711,0.04799833179104053
test-70712,0.11268322006430714
test-70713,0.1234668435820215
test-70714,0.012893516976818044
test-70715,0.008258461187105859
test-70716,0.015247177027275466
test-70717,0.015638137635047105
test-70718,0.10327051440418396
test-70719,0.2465001741050387
test-7072,0.007165121310840639
test-70720,0.168199316805462
test-70721,0.11296078589942912
test-70722,0.02216654570327601
test-70723,0.08003083037374147
test-70724,0.03810773719324661
test-70725,0.34170557308302524
test-70726,0.07099767928239947
test-70727,0.025986275129448486
test-70728,0.03010679424343499
test-70729,0.021155430275271003
test-7073,0.16717837040668707
test-70730,0.02449565493086594
test-70731,0.026822817409935088
test-70732,0.0247963094518123
test-70733,0.0853800344470777
test-70734,0.028231343595340297
test-70735,0.04475351461529831
test-70736,0.09787796055403811
test-70737,0.0112708895707186
test-70738,0.013609603793557093
test-70739,0.011561642959364434
test-7074,0.01756178260245566
test-70740,0.05339307069340168
test-70741,0.020049604674669114
test-70742,0.04497634454055323
test-70743,0.017059564657832326
test-70744,0.07974275925984915
test-70745,0.0669392073111586
test-70746,0.02509080111626345
test-70747,0.019829823559191058
test-70748,0.01456798924451902
test-70749,0.015009106848449435
test-7075,0.04464287587676399
test-70750,0.042817480290909024
test-70751,0.19443663955600135
test-70752,0.0103537155307237
test-70753,0.3060987993204579
test-70754,0.13310441179338608
test-70755,0.11529551681379681
test-70756,0.04688163618239434
test-70757,0.009604553898842686
test-70758,0.011374594655167198
test-70759,0.08676426786931425
test-7076,0.03041083895904701
test-70760,0.11129881297231968
test-70761,0.07497224838981349
test-70762,0.09461104821017342
test-70763,0.16593919688100933
test-70764,0.04019935806004712
test-70765,0.07228964764640888
test-70766,0.013750835097830537
test-70767,0.01736272538062391
test-70768,0.019422346771732327
test-70769,0.018290525220486017
test-7077,0.031221090106778888
test-70770,0.39564909082173705
test-70771,0.18447932997052718
test-70772,0.010210464518042351
test-70773,0.3154973966235827
test-70774,0.03489533268975126
test-70775,0.011807778860635838
test-70776,0.3590912518662688
test-70777,0.4063727899228229
test-70778,0.2553431070395338
test-70779,0.03643997406395762
test-7078,0.018741970049113547
test-70780,0.010400944186295374
test-70781,0.015579169211249215
test-70782,0.04950810122255162
test-70783,0.021686992165678362
test-70784,0.024039659086970963
test-70785,0.0069827814827813145
test-70786,0.0371085770160887
test-70787,0.010044191340509444
test-70788,0.0221701417011249
test-70789,0.026424429060477466
test-7079,0.10849311745818162
test-70790,0.019205596966015818
test-70791,0.010314776554126999
test-70792,0.1631787566853092
test-70793,0.14438275584200091
test-70794,0.010796078097633298
test-70795,0.014675783144617061
test-70796,0.017146317807547003
test-70797,0.17643156901829096
test-70798,0.17235480094099345
test-70799,0.02963520115477721
test-708,0.01678676989055498
test-7080,0.2841424532080159
test-70800,0.19322528978028772
test-70801,0.2164284703134418
test-70802,0.026799472155585924
test-70803,0.0496981473874399
test-70804,0.009538998399251233
test-70805,0.09456238575174779
test-70806,0.14308298860854074
test-70807,0.009332695144521501
test-70808,0.041053934785909935
test-70809,0.19891852118817024
test-7081,0.03536573495970685
test-70810,0.02062333470117238
test-70811,0.25525976544944223
test-70812,0.04117866157998405
test-70813,0.03153160572540735
test-70814,0.12883114012835917
test-70815,0.06803412447426488
test-70816,0.12874097239593613
test-70817,0.017117212431209738
test-70818,0.04049860151896432
test-70819,0.016226216210655977
test-7082,0.012319928187023627
test-70820,0.09787796055403811
test-70821,0.014390477085816452
test-70822,0.21857777078498547
test-70823,0.1364984048914718
test-70824,0.05574227460929796
test-70825,0.168059761948572
test-70826,0.009701289974773476
test-70827,0.02376369222454481
test-70828,0.010811739850351514
test-70829,0.1834619953516443
test-7083,0.07802819961977205
test-70830,0.014118595376937567
test-70831,0.02810058094674005
test-70832,0.013690852345644888
test-70833,0.06390585972311909
test-70834,0.009068603341697087
test-70835,0.0661416411968639
test-70836,0.13436414144358502
test-70837,0.04039170397412039
test-70838,0.21432859366672447
test-70839,0.021275618976607104
test-7084,0.09791299878536823
test-70840,0.05790123160692253
test-70841,0.1285727876993293
test-70842,0.10351521886788774
test-70843,0.06103948902109552
test-70844,0.045433752550532946
test-70845,0.03488767349233994
test-70846,0.12663596937894922
test-70847,0.014335263313432203
test-70848,0.13059271400387681
test-70849,0.09859063815889021
test-7085,0.012162867004765909
test-70850,0.03428316841415857
test-70851,0.30336003215595847
test-70852,0.29615877859940015
test-70853,0.021019282685468387
test-70854,0.04252105837468247
test-70855,0.1703160046291034
test-70856,0.015579169211249215
test-70857,0.010064676430337916
test-70858,0.015594117459977434
test-70859,0.011712700157931915
test-7086,0.020905873965449087
test-70860,0.18076652596337356
test-70861,0.2754241825800075
test-70862,0.04595645994736657
test-70863,0.1220721536531899
test-70864,0.06369596639972362
test-70865,0.08686684321740024
test-70866,0.01675674475060755
test-70867,0.07103593643664897
test-70868,0.09969713381938537
test-70869,0.31380257983712506
test-7087,0.13314445034166955
test-70870,0.0340354194969478
test-70871,0.0669392073111586
test-70872,0.008291644037511078
test-70873,0.032316004014231695
test-70874,0.03808926221621729
test-70875,0.010311397501710933
test-70876,0.1255071665703938
test-70877,0.07764221927282582
test-70878,0.014422673190260247
test-70879,0.13037394164283908
test-7088,0.11799628851322644
test-70880,0.15280866975946342
test-70881,0.043240603583526355
test-70882,0.0225753786543814
test-70883,0.01702699474682608
test-70884,0.040786211950102395
test-70885,0.2543204101665658
test-70886,0.07896917855603469
test-70887,0.010246173139444485
test-70888,0.029407589261254367
test-70889,0.359704329431878
test-7089,0.08488504926262165
test-70890,0.15090244974456674
test-70891,0.007143411693451965
test-70892,0.020730501466260202
test-70893,0.026449699098501957
test-70894,0.013043027380754978
test-70895,0.020875449221675023
test-70896,0.02932879056360316
test-70897,0.21106932883920798
test-70898,0.014385105301335195
test-70899,0.06720701139642603
test-709,0.01751433752179268
test-7090,0.32636068099577664
test-70900,0.274436853534783
test-70901,0.017010632445866355
test-70902,0.04554402237805191
test-70903,0.22058017810026667
test-70904,0.017533523634030237
test-70905,0.09477743102062279
test-70906,0.04811911069779162
test-70907,0.012287098800573505
test-70908,0.09650639431686493
test-70909,0.008309180459622124
test-7091,0.05317041221188861
test-70910,0.1992000253830144
test-70911,0.08205684769156753
test-70912,0.018900944334793494
test-70913,0.2806379484259208
test-70914,0.11730431507127777
test-70915,0.03737731370053662
test-70916,0.014837970419371614
test-70917,0.09175092933779504
test-70918,0.3391516253436453
test-70919,0.01669838235549554
test-7092,0.03461794380437457
test-70920,0.020381435966627663
test-70921,0.3691250613869031
test-70922,0.08086385461013587
test-70923,0.06954537486496248
test-70924,0.03458419674766546
test-70925,0.014343973798538155
test-70926,0.016376715108566954
test-70927,0.0931731395250335
test-70928,0.03700963204708192
test-70929,0.03226566120276886
test-7093,0.03984819586592581
test-70930,0.016533087851297576
test-70931,0.013303278646463353
test-70932,0.27298777078395287
test-70933,0.019574134609012455
test-70934,0.027266705203918936
test-70935,0.0069079657562000855
test-70936,0.011470605678637006
test-70937,0.11898714490729485
test-70938,0.03865622735907753
test-70939,0.20076579714671464
test-7094,0.011293841033443781
test-70940,0.1299080710640231
test-70941,0.010721340125093718
test-70942,0.06319618403223691
test-70943,0.125714374312616
test-70944,0.22354824497394496
test-70945,0.10484118004846192
test-70946,0.14992836095894624
test-70947,0.10474175537383727
test-70948,0.25917464776750165
test-70949,0.025835019073532767
test-7095,0.27562997228782593
test-70950,0.01832392825093617
test-70951,0.010498485455922794
test-70952,0.017183174697817293
test-70953,0.15322082769084744
test-70954,0.3937301534634637
test-70955,0.01348246762216781
test-70956,0.10279217596403738
test-70957,0.050425691050088685
test-70958,0.016186416369884243
test-70959,0.08315919900757349
test-7096,0.020495091741378105
test-70960,0.20961810434287884
test-70961,0.15803000877440881
test-70962,0.34404278200291655
test-70963,0.22925307067347797
test-70964,0.027723468809856835
test-70965,0.09220543008511474
test-70966,0.05979743373399125
test-70967,0.009728800273138865
test-70968,0.08469207989574525
test-70969,0.07736971131561239
test-7097,0.024453281380082067
test-70970,0.04049860151896432
test-70971,0.03610137567955037
test-70972,0.051766148872857506
test-70973,0.21146321951712693
test-70974,0.024419038041713526
test-70975,0.23584442773820458
test-70976,0.030960752621409644
test-70977,0.010343055461800737
test-70978,0.061577899304617906
test-70979,0.03627504017160663
test-7098,0.13498486439723947
test-70980,0.09875088250420472
test-70981,0.03698087362426148
test-70982,0.07618468918194476
test-70983,0.22578026830005546
test-70984,0.0129767957466276
test-70985,0.012462059225635822
test-70986,0.1292618929926694
test-70987,0.19231677379559742
test-70988,0.08532763783438839
test-70989,0.17627795605339233
test-7099,0.06436991507215023
test-70990,0.01788926206015688
test-70991,0.028903706112527686
test-70992,0.29419311438228674
test-70993,0.08489060787148167
test-70994,0.3015049642049047
test-70995,0.14798052450273302
test-70996,0.18380686368998211
test-70997,0.19920175058196082
test-70998,0.016623956406421177
test-70999,0.01226273766288871
test-71,0.030661880801793676
test-710,0.01772776438655228
test-7100,0.01586811814297769
test-71000,0.01303427091331614
test-71001,0.014941659125485982
test-71002,0.1668613617274151
test-71003,0.007813282232933346
test-71004,0.3301697560908203
test-71005,0.03049036974737783
test-71006,0.00635744778965382
test-71007,0.16862936169275256
test-71008,0.05532694993559492
test-71009,0.032739702605841636
test-7101,0.010917411568217045
test-71010,0.2533168473107885
test-71011,0.025812258235651787
test-71012,0.034880329302391745
test-71013,0.35227074932277763
test-71014,0.06983136155849988
test-71015,0.01870759661058731
test-71016,0.2510722366457488
test-71017,0.30900093446633964
test-71018,0.02658108923946476
test-71019,0.02056105197082064
test-7102,0.035234734684374484
test-71020,0.03815341679444066
test-71021,0.013428708460035797
test-71022,0.025744251056867826
test-71023,0.07818071415369711
test-71024,0.1673665452061534
test-71025,0.011487355133154093
test-71026,0.290934896128882
test-71027,0.012248013571571254
test-71028,0.15767753082087985
test-71029,0.03309246675822439
test-7103,0.17939243973491345
test-71030,0.21158671223827394
test-71031,0.012242551455979075
test-71032,0.2980935317817702
test-71033,0.01994523815232434
test-71034,0.00820213400581486
test-71035,0.04382724632544807
test-71036,0.09787796055403811
test-71037,0.02191375980133325
test-71038,0.21126978803054425
test-71039,0.007775154415494611
test-7104,0.021322387239178547
test-71040,0.16396741773030385
test-71041,0.3021434365501677
test-71042,0.20550261594221314
test-71043,0.08982567663582516
test-71044,0.13837518863515622
test-71045,0.03234720185213015
test-71046,0.024791523082528577
test-71047,0.04393113071985024
test-71048,0.03402960718434952
test-71049,0.02368138263792733
test-7105,0.10771980000344474
test-71050,0.1928189206755845
test-71051,0.028212377644774723
test-71052,0.1543693773528168
test-71053,0.0526892374520386
test-71054,0.008706291939633803
test-71055,0.08000928866389365
test-71056,0.32307558672588305
test-71057,0.11543498080582862
test-71058,0.3088846073371973
test-71059,0.23142949831957274
test-7106,0.03155252935869085
test-71060,0.027774972211889723
test-71061,0.012775470592176943
test-71062,0.0554272972846057
test-71063,0.05487776745599645
test-71064,0.040695030576269844
test-71065,0.06259100480523434
test-71066,0.011019520813297127
test-71067,0.15887318154771032
test-71068,0.03382882231730125
test-71069,0.12395157006213903
test-7107,0.2146944748382324
test-71070,0.04633413651307761
test-71071,0.23453082472099898
test-71072,0.04436925249107653
test-71073,0.04201587544696237
test-71074,0.06594751771892049
test-71075,0.038804863110571505
test-71076,0.20991663212754758
test-71077,0.010863306803306619
test-71078,0.018408403091212777
test-71079,0.08111082696118459
test-7108,0.2388467858804712
test-71080,0.021608885694716907
test-71081,0.03344608627741022
test-71082,0.05400256287771402
test-71083,0.3360071588371511
test-71084,0.03029643643020295
test-71085,0.0859305361220368
test-71086,0.06846014268499738
test-71087,0.05015468531813707
test-71088,0.1947037879237787
test-71089,0.015188783787459262
test-7109,0.09461104821017342
test-71090,0.07317558725808902
test-71091,0.32776457950214627
test-71092,0.053526631021699446
test-71093,0.014373002157638698
test-71094,0.0669392073111586
test-71095,0.10558641805424131
test-71096,0.1521103761092742
test-71097,0.05945314098309074
test-71098,0.027789569437224
test-71099,0.09787796055403811
test-711,0.1648932492741845
test-7110,0.027817101395284687
test-71100,0.12460507488050093
test-71101,0.037920534296144594
test-71102,0.03185243136377257
test-71103,0.028708533540276804
test-71104,0.014558439176230042
test-71105,0.11325330947575728
test-71106,0.06080231886808337
test-71107,0.03882782471225247
test-71108,0.02136792733640356
test-71109,0.02350316087098018
test-7111,0.08538051972867873
test-71110,0.006370383227728452
test-71111,0.0244226465387247
test-71112,0.22922265897269914
test-71113,0.12969119500544446
test-71114,0.29070552683905176
test-71115,0.12042848695432831
test-71116,0.24626502443537032
test-71117,0.030447876347124064
test-71118,0.07588461047686813
test-71119,0.012061866766443496
test-7112,0.015583287715105365
test-71120,0.025029465049825225
test-71121,0.06298659200402477
test-71122,0.012182215012024235
test-71123,0.10024909919146592
test-71124,0.018427238559872407
test-71125,0.1337736809437538
test-71126,0.021945062609352667
test-71127,0.01265276891787564
test-71128,0.09554099913676463
test-71129,0.25696546029136985
test-7113,0.018886219084964365
test-71130,0.036536524220852226
test-71131,0.12565373384160533
test-71132,0.13698233296178616
test-71133,0.07779925044998214
test-71134,0.31982301334284297
test-71135,0.23306268904086122
test-71136,0.29845431168781555
test-71137,0.3079658044237955
test-71138,0.037069900831594206
test-71139,0.16739616831398235
test-7114,0.054395345581797185
test-71140,0.012347959722164969
test-71141,0.037056248963493514
test-71142,0.017772268645569175
test-71143,0.011511636995542095
test-71144,0.03879125468618899
test-71145,0.2522682757654695
test-71146,0.016982791962486945
test-71147,0.017325508272574473
test-71148,0.03874546998557012
test-71149,0.02769677507641612
test-7115,0.0669392073111586
test-71150,0.08004613095287683
test-71151,0.3855427704053978
test-71152,0.09240245396379726
test-71153,0.01934317808648977
test-71154,0.17645226684991447
test-71155,0.015037930799302907
test-71156,0.10432813640656587
test-71157,0.09598450543555212
test-71158,0.21053306868977703
test-71159,0.11920157013637801
test-7116,0.07278892182117214
test-71160,0.04507792220355823
test-71161,0.039268106431461273
test-71162,0.04252105837468247
test-71163,0.012821279549061159
test-71164,0.13980550641447664
test-71165,0.19397521327032755
test-71166,0.08446298650961538
test-71167,0.01395859110368722
test-71168,0.03614196712670479
test-71169,0.053741918882271984
test-7117,0.04811911069779162
test-71170,0.04159696185239626
test-71171,0.02517167588629617
test-71172,0.08302790749671825
test-71173,0.39901530385188905
test-71174,0.028892939789815008
test-71175,0.2089987206615484
test-71176,0.13726071573070886
test-71177,0.021213463850150945
test-71178,0.016598838145287332
test-71179,0.0802538558705108
test-7118,0.01074635737178932
test-71180,0.034045764457563625
test-71181,0.12456179376616706
test-71182,0.16344830039709268
test-71183,0.07480403686165932
test-71184,0.020395671702962033
test-71185,0.029295705283285928
test-71186,0.2465001741050387
test-71187,0.16695447271917302
test-71188,0.06299639424979288
test-71189,0.06358983570153616
test-7119,0.03278114728052758
test-71190,0.09787796055403811
test-71191,0.05828437331685763
test-71192,0.013704220625432322
test-71193,0.0228479971954728
test-71194,0.07765548192385864
test-71195,0.0500792121264196
test-71196,0.2520944155446072
test-71197,0.04475351461529831
test-71198,0.38071491463221463
test-71199,0.032472410667756385
test-712,0.008562384702869809
test-7120,0.16946701881234671
test-71200,0.08329083206478825
test-71201,0.1944346418129891
test-71202,0.1427506995446955
test-71203,0.1196511099304158
test-71204,0.22832516956493457
test-71205,0.009742970888507391
test-71206,0.022656155588918227
test-71207,0.01397307176210805
test-71208,0.049978225351130307
test-71209,0.27061542430377356
test-7121,0.01572325033643029
test-71210,0.040208039023306316
test-71211,0.04488387431875683
test-71212,0.017810061383279726
test-71213,0.09697256493189678
test-71214,0.028703508075175424
test-71215,0.1453884414604033
test-71216,0.027481808378645733
test-71217,0.016554691243074814
test-71218,0.010665884928671952
test-71219,0.025496982481410496
test-7122,0.03431581487084053
test-71220,0.19947960319887648
test-71221,0.04063610115393107
test-71222,0.014767382027840231
test-71223,0.12137033067599531
test-71224,0.1621366181589511
test-71225,0.01604178053729871
test-71226,0.11909776155068953
test-71227,0.015616290434739792
test-71228,0.020146873764247807
test-71229,0.09316561296242523
test-7123,0.04825559208008853
test-71230,0.0661273226653086
test-71231,0.15810096251004027
test-71232,0.052919602584492534
test-71233,0.013656495268374303
test-71234,0.040872705824246076
test-71235,0.17825684796481991
test-71236,0.01407882325346028
test-71237,0.22285091644940863
test-71238,0.33913898765019995
test-71239,0.03761060310484057
test-7124,0.07665171946529527
test-71240,0.026137222734713805
test-71241,0.024039659086970963
test-71242,0.31380257983712506
test-71243,0.08124309336913033
test-71244,0.12618673909271458
test-71245,0.04049860151896432
test-71246,0.06814243572924171
test-71247,0.07318748156493517
test-71248,0.15902825519854283
test-71249,0.016121071573949552
test-7125,0.09526063506268198
test-71250,0.0072796120466769865
test-71251,0.09184264945967438
test-71252,0.2606418765466193
test-71253,0.010388175361388426
test-71254,0.01904586129578849
test-71255,0.016347931528438043
test-71256,0.051668233580140326
test-71257,0.09353582406296759
test-71258,0.12653718735611444
test-71259,0.012570343024902928
test-7126,0.010553787197866489
test-71260,0.15455463927653046
test-71261,0.025755007045346147
test-71262,0.19905928878220697
test-71263,0.07300415700059695
test-71264,0.01845011831854662
test-71265,0.18054239322185187
test-71266,0.025986199147490337
test-71267,0.11470534947667345
test-71268,0.1296617020845774
test-71269,0.026632817556273274
test-7127,0.08522196383591571
test-71270,0.02702076143883888
test-71271,0.040647967925055435
test-71272,0.050571659024455824
test-71273,0.1299318130293085
test-71274,0.07896917855603469
test-71275,0.24869630636498638
test-71276,0.05618846159027504
test-71277,0.164419784702347
test-71278,0.014115294666361874
test-71279,0.024749238794340253
test-7128,0.010498485455922794
test-71280,0.04144498026902894
test-71281,0.04115917379384021
test-71282,0.014607143413529564
test-71283,0.009820201743253185
test-71284,0.010118898168893638
test-71285,0.035446960774221443
test-71286,0.02325759608552173
test-71287,0.01849970763472199
test-71288,0.13775918575813118
test-71289,0.1595389575687632
test-7129,0.16806166674689227
test-71290,0.15988393498658277
test-71291,0.034700893102032435
test-71292,0.0446503048662272
test-71293,0.020919301426866224
test-71294,0.020730501466260202
test-71295,0.0632000324383248
test-71296,0.011955432062479338
test-71297,0.10202275932713735
test-71298,0.018747557389032145
test-71299,0.01985858411546271
test-713,0.11451780331198512
test-7130,0.06099464978755942
test-71300,0.05950326941350883
test-71301,0.1146551944854584
test-71302,0.008514265054295735
test-71303,0.01676586232593196
test-71304,0.040220334981030115
test-71305,0.057738957094061565
test-71306,0.06658157565495713
test-71307,0.056634014013451466
test-71308,0.006420707083849271
test-71309,0.060525786414803044
test-7131,0.0846182167635542
test-71310,0.061577899304617906
test-71311,0.03319791866483577
test-71312,0.2578200118475801
test-71313,0.04186127808983541
test-71314,0.12456646090273688
test-71315,0.03879125468618899
test-71316,0.07081516285562461
test-71317,0.10812794775315504
test-71318,0.2588695812364443
test-71319,0.01262506069364049
test-7132,0.08834382826871452
test-71320,0.06744665988296604
test-71321,0.06950799540982128
test-71322,0.27298777078395287
test-71323,0.05319798722345548
test-71324,0.0846182167635542
test-71325,0.11569538144047739
test-71326,0.17261752591391524
test-71327,0.026215592786517354
test-71328,0.008301103781066271
test-71329,0.02015307938905594
test-7133,0.011218222710629326
test-71330,0.2753581837078324
test-71331,0.1866479215966941
test-71332,0.025781019491216833
test-71333,0.14709528103787156
test-71334,0.1832174955304347
test-71335,0.15915711866409052
test-71336,0.2621995010226777
test-71337,0.34825580978846377
test-71338,0.007773710003617291
test-71339,0.034672544860906186
test-7134,0.29409567118302304
test-71340,0.13679630638480936
test-71341,0.014989529809255725
test-71342,0.145534466139558
test-71343,0.3398144478893152
test-71344,0.19857174458809437
test-71345,0.010159972705954756
test-71346,0.09456466912495104
test-71347,0.0734297309280239
test-71348,0.07328288479109578
test-71349,0.009379571220005656
test-7135,0.04243435831599389
test-71350,0.009126736186459797
test-71351,0.1332009568144705
test-71352,0.056722579187763696
test-71353,0.05081962950172036
test-71354,0.07154554671561687
test-71355,0.04414204543323404
test-71356,0.23573235049603614
test-71357,0.01148493432728055
test-71358,0.2699561711654335
test-71359,0.06961505641954939
test-7136,0.19649972367031357
test-71360,0.0734238194770512
test-71361,0.04002990845528347
test-71362,0.34223675852065555
test-71363,0.09554677455531926
test-71364,0.024851431140940936
test-71365,0.034462792400414846
test-71366,0.01154012469861426
test-71367,0.02063080681225798
test-71368,0.02889438709477188
test-71369,0.1514606057694021
test-7137,0.07681316844438929
test-71370,0.17797044195482037
test-71371,0.0661297346617273
test-71372,0.1744305595154095
test-71373,0.0300096094648393
test-71374,0.34170557308302524
test-71375,0.17762390794630778
test-71376,0.2450127414929091
test-71377,0.0375120757789188
test-71378,0.30627134070131684
test-71379,0.04529218043776308
test-7138,0.09777589667688569
test-71380,0.04051253840658483
test-71381,0.14029174912574152
test-71382,0.1484075984109792
test-71383,0.16838151365047485
test-71384,0.021569972307235466
test-71385,0.05670163327852403
test-71386,0.018467812212115037
test-71387,0.13354179637593988
test-71388,0.006711153370069503
test-71389,0.10789753951807136
test-7139,0.03081069740355039
test-71390,0.01544115794313251
test-71391,0.0838777792498754
test-71392,0.2376772163416907
test-71393,0.02659919861188415
test-71394,0.021506294647864656
test-71395,0.19414845239021397
test-71396,0.0321812069372758
test-71397,0.2696030951750453
test-71398,0.19107518991835182
test-71399,0.29003106109469495
test-714,0.24356867157069856
test-7140,0.019165363331875324
test-71400,0.013987217844320393
test-71401,0.16487792383417138
test-71402,0.031428734956057025
test-71403,0.18209653313196889
test-71404,0.08461332831958782
test-71405,0.00941768308666678
test-71406,0.14008664108477722
test-71407,0.009718113823279487
test-71408,0.10135147787955867
test-71409,0.12827587179704095
test-7141,0.05339307069340168
test-71410,0.007784879314662259
test-71411,0.030179879615394173
test-71412,0.009950687191251473
test-71413,0.06854068642831915
test-71414,0.008441095454829508
test-71415,0.12163047701310961
test-71416,0.3562028609291261
test-71417,0.09649882684004954
test-71418,0.06230875365646838
test-71419,0.007045326625457414
test-7142,0.048557610740672684
test-71420,0.05299550266946628
test-71421,0.07648482175050547
test-71422,0.027433490762432507
test-71423,0.024097897342885605
test-71424,0.011539556126618672
test-71425,0.22955607968100722
test-71426,0.11393319515786246
test-71427,0.01151489686553549
test-71428,0.20984606476004974
test-71429,0.12954064052101308
test-7143,0.07799433853261355
test-71430,0.020982787513930384
test-71431,0.03666174273190874
test-71432,0.025497563501958947
test-71433,0.08588913005722618
test-71434,0.25720895898832247
test-71435,0.09119538886473173
test-71436,0.25121184318481943
test-71437,0.09787796055403811
test-71438,0.2480386748258015
test-71439,0.009197182293421303
test-7144,0.010745448128978348
test-71440,0.013714917686564368
test-71441,0.015972257751543095
test-71442,0.08523473499875639
test-71443,0.0669392073111586
test-71444,0.03192534218904861
test-71445,0.291949160093525
test-71446,0.0938386327665444
test-71447,0.00980404512842679
test-71448,0.011154019618689759
test-71449,0.020783419310136005
test-7145,0.18448385009149346
test-71450,0.03677594066866803
test-71451,0.16948764875643343
test-71452,0.09299334550036202
test-71453,0.05339307069340168
test-71454,0.06259100480523434
test-71455,0.016053031324799447
test-71456,0.012247426875009012
test-71457,0.02104412589696896
test-71458,0.11607553849948815
test-71459,0.1313780570572352
test-7146,0.01989451482165451
test-71460,0.005449379363184103
test-71461,0.040541410595122396
test-71462,0.247582560562272
test-71463,0.03269490212606103
test-71464,0.014658267672919355
test-71465,0.00688309017827661
test-71466,0.03471959332664364
test-71467,0.07278892182117214
test-71468,0.04159104058173735
test-71469,0.0158737490982806
test-7147,0.02539499837529091
test-71470,0.019019825055680905
test-71471,0.17695930447336658
test-71472,0.12460507488050093
test-71473,0.025843606006473386
test-71474,0.1301199276012229
test-71475,0.019731213209313037
test-71476,0.043653899513224625
test-71477,0.18290372901924523
test-71478,0.02956005620216066
test-71479,0.33645592021281534
test-7148,0.19768512055439405
test-71480,0.008431525536097429
test-71481,0.05933636235829735
test-71482,0.03491355071715928
test-71483,0.28422330288180375
test-71484,0.011664274765800418
test-71485,0.38678441467768593
test-71486,0.05837995120216399
test-71487,0.02783814412080111
test-71488,0.018919593253776026
test-71489,0.019875591318483102
test-7149,0.12254758298782102
test-71490,0.0669392073111586
test-71491,0.13980550641447664
test-71492,0.25282378346223355
test-71493,0.11497313857439653
test-71494,0.14811326198206934
test-71495,0.034672544860906186
test-71496,0.039086452581574595
test-71497,0.10812230317096443
test-71498,0.06983136155849988
test-71499,0.01552646921627546
test-715,0.013059524266641698
test-7150,0.04121406486135567
test-71500,0.07263866287586394
test-71501,0.055385750997904964
test-71502,0.09444321960885001
test-71503,0.013364248387866333
test-71504,0.03009556672900608
test-71505,0.053659305855952084
test-71506,0.006490193374461307
test-71507,0.18424876480663174
test-71508,0.023629375893090603
test-71509,0.08737034183476161
test-7151,0.19537203280918
test-71510,0.03749900595317903
test-71511,0.010492061733371947
test-71512,0.045313080695689914
test-71513,0.0846182167635542
test-71514,0.014989490439002382
test-71515,0.28612949617452915
test-71516,0.05383264047806124
test-71517,0.2578727466054428
test-71518,0.05112344229040212
test-71519,0.020831674597101373
test-7152,0.0086030256867891
test-71520,0.024035271494723672
test-71521,0.17536088731013036
test-71522,0.02505751224571757
test-71523,0.24265830846138461
test-71524,0.03232262741165881
test-71525,0.40406691298474723
test-71526,0.2335181318365226
test-71527,0.023241337772910577
test-71528,0.032170920730141224
test-71529,0.3304749527764625
test-7153,0.08651627012986852
test-71530,0.07753829031808634
test-71531,0.023906892816451197
test-71532,0.020608853596077573
test-71533,0.06293541570008479
test-71534,0.016585280544287984
test-71535,0.11949927501043787
test-71536,0.12944892012576575
test-71537,0.26593173494907885
test-71538,0.020550575081714463
test-71539,0.23785414048817588
test-7154,0.09801386673509682
test-71540,0.04665810997456942
test-71541,0.011308867475134042
test-71542,0.02398206986845058
test-71543,0.03243939884234998
test-71544,0.16451523821093467
test-71545,0.1574578552463156
test-71546,0.00666988404584421
test-71547,0.10390446836507047
test-71548,0.019780143595890632
test-71549,0.019852741500534034
test-7155,0.11628408135509606
test-71550,0.3848326011025458
test-71551,0.14709947288408293
test-71552,0.02070841003553114
test-71553,0.036251445420689976
test-71554,0.0662515839592713
test-71555,0.13341891293094651
test-71556,0.024398004209906524
test-71557,0.02712610431248483
test-71558,0.13108904054286935
test-71559,0.13076091802925346
test-7156,0.15957470457475026
test-71560,0.013311604544459909
test-71561,0.009423471871802327
test-71562,0.27506633462404756
test-71563,0.18171747439158362
test-71564,0.030262860092868247
test-71565,0.00478072208120787
test-71566,0.1103334385813768
test-71567,0.13001013370971504
test-71568,0.008379273241019454
test-71569,0.005960716426638425
test-7157,0.0669392073111586
test-71570,0.009973283414928511
test-71571,0.010703412731593268
test-71572,0.06528617920667398
test-71573,0.06429700202344006
test-71574,0.07380864874467052
test-71575,0.12108941201085276
test-71576,0.1398817640174991
test-71577,0.007686921742758529
test-71578,0.013781604171077448
test-71579,0.2019374647299617
test-7158,0.061577899304617906
test-71580,0.007354020886726843
test-71581,0.08091840458510943
test-71582,0.016645629680255267
test-71583,0.21516842170874365
test-71584,0.015046103282975475
test-71585,0.040532793689842556
test-71586,0.06641558160204498
test-71587,0.06390585972311909
test-71588,0.011312049889305594
test-71589,0.01065039375598736
test-7159,0.034372508193812705
test-71590,0.17159603473096732
test-71591,0.0734238194770512
test-71592,0.027911513595836893
test-71593,0.021819508379241258
test-71594,0.25252503407177396
test-71595,0.34298480767963246
test-71596,0.03991427570930743
test-71597,0.011671827749387579
test-71598,0.01961229524549631
test-71599,0.07014673511928562
test-716,0.04930224286295974
test-7160,0.015624953781904321
test-71600,0.05851482206550591
test-71601,0.18070216802433728
test-71602,0.02077746805849909
test-71603,0.15640760973533074
test-71604,0.02658917348067794
test-71605,0.058720253642101816
test-71606,0.038320231681002265
test-71607,0.18342428854763215
test-71608,0.12663596937894922
test-71609,0.017511787651129283
test-7161,0.2011454835030215
test-71610,0.009407140737341268
test-71611,0.009792188713979518
test-71612,0.07790273603347514
test-71613,0.14584971832814003
test-71614,0.0783589195025419
test-71615,0.07896917855603469
test-71616,0.0156576976785392
test-71617,0.03592846913595172
test-71618,0.02662364961431531
test-71619,0.17835219591100543
test-7162,0.35355024124786855
test-71620,0.09798472191564526
test-71621,0.22071276232140546
test-71622,0.031435588615922654
test-71623,0.06854068642831915
test-71624,0.022640413444004602
test-71625,0.009127630806577572
test-71626,0.07154554671561687
test-71627,0.05652636713934997
test-71628,0.02325866809693862
test-71629,0.008695661626732505
test-7163,0.12555006434087138
test-71630,0.021713218268569343
test-71631,0.049744957843033503
test-71632,0.010624169235659417
test-71633,0.020446234033832653
test-71634,0.08819098012875183
test-71635,0.040340061352426106
test-71636,0.0375120757789188
test-71637,0.242553921908796
test-71638,0.01277868925240935
test-71639,0.02397588141612133
test-7164,0.08680671570506247
test-71640,0.06108085344638038
test-71641,0.13360891052415563
test-71642,0.11392101926249386
test-71643,0.1189333478152012
test-71644,0.219562744024047
test-71645,0.10244678629851868
test-71646,0.15476860345649676
test-71647,0.05992826004851998
test-71648,0.049694449535465465
test-71649,0.3020452539321724
test-7165,0.1860374278091558
test-71650,0.05339307069340168
test-71651,0.010513567226292615
test-71652,0.27078551989252236
test-71653,0.1651688204229245
test-71654,0.3279873329593428
test-71655,0.06136587192863998
test-71656,0.3313200976349611
test-71657,0.04419941066352416
test-71658,0.0378856772284581
test-71659,0.016499252034540623
test-7166,0.013175104035554788
test-71660,0.16820238656636374
test-71661,0.009849807194625563
test-71662,0.010093394281799102
test-71663,0.12238068536325807
test-71664,0.03351961801263303
test-71665,0.032644572752613385
test-71666,0.28410777137484206
test-71667,0.24232155857740434
test-71668,0.011147612509881189
test-71669,0.13696592968800167
test-7167,0.029783991064784757
test-71670,0.0778821258676241
test-71671,0.030997341172246565
test-71672,0.16780212609422623
test-71673,0.14764557714297233
test-71674,0.06062599088686427
test-71675,0.017303209194273885
test-71676,0.006694261908014777
test-71677,0.010713322061029639
test-71678,0.021535152624070412
test-71679,0.10187623348293892
test-7168,0.06478291640530293
test-71680,0.287823957344818
test-71681,0.053967830475156256
test-71682,0.08842387538953918
test-71683,0.07823028229324128
test-71684,0.07896917855603469
test-71685,0.03186016018800074
test-71686,0.09743599527166182
test-71687,0.0548172130605586
test-71688,0.018424211183272667
test-71689,0.00974424741710446
test-7169,0.018085021481306803
test-71690,0.0669392073111586
test-71691,0.01734339194779329
test-71692,0.0747670758948336
test-71693,0.008457971530399197
test-71694,0.0967068375571029
test-71695,0.040171887787939564
test-71696,0.25017652090307785
test-71697,0.1178448462483498
test-71698,0.1484991704506998
test-71699,0.042361923679204494
test-717,0.11328507551747097
test-7170,0.037897167699543946
test-71700,0.18645540680317815
test-71701,0.12543219501210323
test-71702,0.08160504538981686
test-71703,0.1163085009661151
test-71704,0.1914792805093127
test-71705,0.13785255961777806
test-71706,0.010822836458230229
test-71707,0.04575395762246055
test-71708,0.08469207989574525
test-71709,0.07013717606758778
test-7171,0.04937716234769883
test-71710,0.12460507488050093
test-71711,0.2655456691512206
test-71712,0.17077559784463292
test-71713,0.33733514000526826
test-71714,0.015258389464753865
test-71715,0.12750083480216265
test-71716,0.03573463748715019
test-71717,0.008473744027204497
test-71718,0.08696444400480584
test-71719,0.02896813135265359
test-7172,0.006606502533672383
test-71720,0.012168159678201817
test-71721,0.007361718675744654
test-71722,0.022026939303195818
test-71723,0.011242951009948638
test-71724,0.061577899304617906
test-71725,0.09460007369593065
test-71726,0.013735814186933397
test-71727,0.044200675822435566
test-71728,0.25822066948013095
test-71729,0.17776704694933335
test-7173,0.021647184987594267
test-71730,0.008576714294127572
test-71731,0.12819412947753134
test-71732,0.06864548313018441
test-71733,0.01715471105725588
test-71734,0.11137797090063885
test-71735,0.021765143437434006
test-71736,0.025438045291636478
test-71737,0.26001418374394736
test-71738,0.16524432003197012
test-71739,0.23131755292665088
test-7174,0.026286201518592445
test-71740,0.015546097276859443
test-71741,0.10758409414509235
test-71742,0.16351348731188517
test-71743,0.01954611098445167
test-71744,0.011476778796157376
test-71745,0.09787796055403811
test-71746,0.02802908078920683
test-71747,0.0470541194742211
test-71748,0.2490147048132169
test-71749,0.018186939093364753
test-7175,0.009011467027819506
test-71750,0.09849180560605195
test-71751,0.022107032481351752
test-71752,0.018012226656442972
test-71753,0.28118959250341036
test-71754,0.08029916592161715
test-71755,0.12954064052101308
test-71756,0.03899756174738362
test-71757,0.031724012156559823
test-71758,0.034965815216814015
test-71759,0.05400256287771402
test-7176,0.09239254931627651
test-71760,0.2326441813185484
test-71761,0.025406770151963638
test-71762,0.017721631463731853
test-71763,0.04455356445495195
test-71764,0.013886054685069017
test-71765,0.030238128185026622
test-71766,0.11406573607985475
test-71767,0.08742981472721043
test-71768,0.020408403732664216
test-71769,0.042135614379929576
test-7177,0.04733829192846084
test-71770,0.03367203675765225
test-71771,0.013892831984056305
test-71772,0.01963286369302689
test-71773,0.020109476757393784
test-71774,0.02702622875327726
test-71775,0.01631341552470814
test-71776,0.007972478906168761
test-71777,0.02778097691972139
test-71778,0.05084711360690082
test-71779,0.05124625712710137
test-7178,0.10958435468478028
test-71780,0.3257253218515523
test-71781,0.14572186401211287
test-71782,0.01720880529612581
test-71783,0.3015049642049047
test-71784,0.03370745921351899
test-71785,0.12220937136049105
test-71786,0.13110293628125325
test-71787,0.021712324468055717
test-71788,0.07071889228265302
test-71789,0.12067554875794893
test-7179,0.013465050529871968
test-71790,0.02888071503643891
test-71791,0.10590086773211202
test-71792,0.04065677007845183
test-71793,0.05155346209679931
test-71794,0.1313395705021038
test-71795,0.16431241017658113
test-71796,0.024553610411240306
test-71797,0.10022332301988479
test-71798,0.1387564677932596
test-71799,0.02614754215957516
test-718,0.18877797228648707
test-7180,0.04111323111849287
test-71800,0.009846070019167213
test-71801,0.012726192708000643
test-71802,0.021798975508507776
test-71803,0.03544348468851041
test-71804,0.026081401521091053
test-71805,0.07886056619002131
test-71806,0.010875160234815797
test-71807,0.021565930709343917
test-71808,0.061577899304617906
test-71809,0.02446222505896288
test-7181,0.023001343938041225
test-71810,0.030825559107072152
test-71811,0.014417154214245836
test-71812,0.01799611244422451
test-71813,0.03544080451276304
test-71814,0.02560451971185474
test-71815,0.0741414003983916
test-71816,0.010293197285930077
test-71817,0.024690438571479983
test-71818,0.02309460187626067
test-71819,0.015052173056522768
test-7182,0.0193402172515424
test-71820,0.013375420929342295
test-71821,0.1699991815522589
test-71822,0.00976983088565453
test-71823,0.061577899304617906
test-71824,0.015591731797674277
test-71825,0.028885419115759724
test-71826,0.28395496788566144
test-71827,0.011245324025381424
test-71828,0.01612589715937647
test-71829,0.013005236392694535
test-7183,0.08592132109463028
test-71830,0.16577263731146716
test-71831,0.16041808924806092
test-71832,0.06440843189344232
test-71833,0.23952152353615558
test-71834,0.047314839170574774
test-71835,0.022575771949694446
test-71836,0.03913789598293186
test-71837,0.017475808198268303
test-71838,0.3057041741727034
test-71839,0.2406128460862953
test-7184,0.21152671102326018
test-71840,0.17918058475754275
test-71841,0.03433876367854243
test-71842,0.08885225785872118
test-71843,0.03811410939404757
test-71844,0.06752657981762207
test-71845,0.0179146451047289
test-71846,0.13185516363924446
test-71847,0.11868292845929777
test-71848,0.057536548550033914
test-71849,0.0701513070920779
test-7185,0.01690674213329262
test-71850,0.02655815062421602
test-71851,0.019512815210766286
test-71852,0.15730253214561207
test-71853,0.014292346346688009
test-71854,0.04201587544696237
test-71855,0.026078012174110217
test-71856,0.034462792400414846
test-71857,0.323250336513513
test-71858,0.3972104502420894
test-71859,0.01752886979124116
test-7186,0.029818383699950553
test-71860,0.01489700722245166
test-71861,0.14119487505746278
test-71862,0.04371739997126556
test-71863,0.019695282305932673
test-71864,0.19696965618426923
test-71865,0.12654342528268078
test-71866,0.4100690170957797
test-71867,0.010752641037721899
test-71868,0.16451412027597664
test-71869,0.0203539526822755
test-7187,0.05761045534194062
test-71870,0.1639118424734606
test-71871,0.06837390685030513
test-71872,0.13430337310482368
test-71873,0.0955966801524942
test-71874,0.008445859950496706
test-71875,0.0707119985986715
test-71876,0.034817761870893915
test-71877,0.009883207207340289
test-71878,0.010918335201384076
test-71879,0.18194596394196155
test-7188,0.10745647225728179
test-71880,0.04689126967445379
test-71881,0.15428007481690817
test-71882,0.020509248389170818
test-71883,0.04019935806004712
test-71884,0.014767382027840231
test-71885,0.1054239085321386
test-71886,0.03620400043735933
test-71887,0.15142649259519497
test-71888,0.008329433855378255
test-71889,0.12663596937894922
test-7189,0.12756464018589395
test-71890,0.14357018715524497
test-71891,0.08003083037374147
test-71892,0.007238654157552596
test-71893,0.017422171493215285
test-71894,0.009798451746371617
test-71895,0.008007592015170956
test-71896,0.010574156980502812
test-71897,0.010665835727507008
test-71898,0.04648336573554761
test-71899,0.02751436797595237
test-719,0.009203446510444902
test-7190,0.14017776331919488
test-71900,0.009532306282491673
test-71901,0.010660204483928551
test-71902,0.07799433853261355
test-71903,0.23245261847729382
test-71904,0.061577899304617906
test-71905,0.05368897888902425
test-71906,0.08215673017464661
test-71907,0.05652636713934997
test-71908,0.041932827136583785
test-71909,0.04475351461529831
test-7191,0.04608293505199707
test-71910,0.11041139962020194
test-71911,0.04252105837468247
test-71912,0.3154744355936554
test-71913,0.11831168984626876
test-71914,0.019334469543048044
test-71915,0.03895772180616286
test-71916,0.03972362667528923
test-71917,0.059393200936471394
test-71918,0.01935746012830062
test-71919,0.35177307283327336
test-7192,0.025046383336343302
test-71920,0.23726014462474423
test-71921,0.2844537208762906
test-71922,0.03240283995213259
test-71923,0.08469207989574525
test-71924,0.02948774707991452
test-71925,0.023045295975555647
test-71926,0.009248470234884995
test-71927,0.04565647018375865
test-71928,0.039208930001516096
test-71929,0.015015666934936289
test-7193,0.03308842189430765
test-71930,0.03424081437843789
test-71931,0.0684497200539559
test-71932,0.04564683494981888
test-71933,0.07164680612699639
test-71934,0.039190147348708654
test-71935,0.04205098404100263
test-71936,0.043008385418646766
test-71937,0.21528853756442476
test-71938,0.04457737723880141
test-71939,0.03916634730975437
test-7194,0.13388856529934126
test-71940,0.030234797160063488
test-71941,0.01671009824104208
test-71942,0.04252105837468247
test-71943,0.28057118397541136
test-71944,0.07825494205883345
test-71945,0.24278861685360972
test-71946,0.009395635629308287
test-71947,0.20615736909277035
test-71948,0.023925906537792724
test-71949,0.15800864757764055
test-7195,0.10908498492525899
test-71950,0.1935637174080213
test-71951,0.04845151535002551
test-71952,0.005579545421155512
test-71953,0.03890309396586378
test-71954,0.026690984450534836
test-71955,0.27137463641669485
test-71956,0.011252213916433234
test-71957,0.028901179453361795
test-71958,0.22711034178619
test-71959,0.0264067020921343
test-7196,0.13935877869956187
test-71960,0.07471302900298324
test-71961,0.05339307069340168
test-71962,0.3010362708190766
test-71963,0.022170879260862326
test-71964,0.014076207528556295
test-71965,0.03841546918131378
test-71966,0.04598041455650065
test-71967,0.02598049569371233
test-71968,0.16071387224115619
test-71969,0.06333468482696004
test-7197,0.07836683104178148
test-71970,0.015363064993996275
test-71971,0.036348427185275714
test-71972,0.01791260857173641
test-71973,0.0801052310102688
test-71974,0.021340410030459812
test-71975,0.10358036107040831
test-71976,0.2360844219309243
test-71977,0.0789488505468729
test-71978,0.19843326507165632
test-71979,0.02690921008668117
test-7198,0.06449216957180598
test-71980,0.04474598196390645
test-71981,0.06721393631980155
test-71982,0.005684940255720765
test-71983,0.0157731139332188
test-71984,0.008068437733436
test-71985,0.21592309898822948
test-71986,0.08667552464164029
test-71987,0.2957093122645147
test-71988,0.012628616522809694
test-71989,0.015437597197593394
test-7199,0.04503398646382623
test-71990,0.02139365134371966
test-71991,0.1272928763696295
test-71992,0.01420842846526821
test-71993,0.016726921113231093
test-71994,0.04402187412228945
test-71995,0.04252105837468247
test-71996,0.1735938007093013
test-71997,0.13917750797641154
test-71998,0.1140873148537606
test-71999,0.07213978030964974
test-72,0.04979375052851576
test-720,0.09435854111353265
test-7200,0.2586205245949998
test-72000,0.015701216352052343
test-72001,0.06845179840037012
test-72002,0.15272082766979392
test-72003,0.04349865342376024
test-72004,0.020874966332507572
test-72005,0.023822772214150682
test-72006,0.10324445713292975
test-72007,0.021033295686117254
test-72008,0.012231573814631577
test-72009,0.03581776732435018
test-7201,0.03553926042762737
test-72010,0.034504009529609636
test-72011,0.05286551970425397
test-72012,0.18343114820686618
test-72013,0.0784110351675444
test-72014,0.09787796055403811
test-72015,0.05015468531813707
test-72016,0.00904414576552372
test-72017,0.010352052717240885
test-72018,0.012059379896954355
test-72019,0.024253881833471564
test-7202,0.09870796579632887
test-72020,0.3032406349743543
test-72021,0.018189672461720176
test-72022,0.08226109661258314
test-72023,0.07736971131561239
test-72024,0.16286484944733567
test-72025,0.010535861824167474
test-72026,0.051240596715734395
test-72027,0.019767392158513353
test-72028,0.12452090334154485
test-72029,0.009811551901944698
test-7203,0.26216440539414737
test-72030,0.01758298066834004
test-72031,0.1690869085596646
test-72032,0.024496852059050524
test-72033,0.13844485831116107
test-72034,0.31397646530619067
test-72035,0.08357117608538686
test-72036,0.007854253779894495
test-72037,0.02706989771587967
test-72038,0.015921907898062318
test-72039,0.11578684564605798
test-7204,0.30902669917001296
test-72040,0.018750956283823932
test-72041,0.2702072144029522
test-72042,0.0191188754669061
test-72043,0.09067233923841614
test-72044,0.06841498080984314
test-72045,0.020184049019556536
test-72046,0.04587569203514739
test-72047,0.060143383072110826
test-72048,0.024545248571134017
test-72049,0.014207151232665074
test-7205,0.229544998805182
test-72050,0.13833396752699112
test-72051,0.1211670832839902
test-72052,0.041975388215231106
test-72053,0.06755127984122611
test-72054,0.10275881336666433
test-72055,0.018689171429839935
test-72056,0.3498737884302375
test-72057,0.01040561907112603
test-72058,0.17384953549788082
test-72059,0.011708020209119605
test-7206,0.014703309575104642
test-72060,0.41187360452735294
test-72061,0.08731684374522404
test-72062,0.03183798661852236
test-72063,0.07305911273342602
test-72064,0.03482715299504484
test-72065,0.1334279822321411
test-72066,0.1677821902702923
test-72067,0.1632439433722023
test-72068,0.030770026849473064
test-72069,0.016112452789944248
test-7207,0.10126705483619301
test-72070,0.03280570899325631
test-72071,0.07339018823190428
test-72072,0.16472098972397192
test-72073,0.1514935081669225
test-72074,0.010210464518042351
test-72075,0.0784110351675444
test-72076,0.014170141225443177
test-72077,0.1536380548842408
test-72078,0.0385338718658477
test-72079,0.0669392073111586
test-7208,0.1534843082281338
test-72080,0.07640423999723062
test-72081,0.05180953050235496
test-72082,0.1614984904177873
test-72083,0.2161516546592031
test-72084,0.10900167826776178
test-72085,0.013295647523306378
test-72086,0.029400338055571625
test-72087,0.012636618976988801
test-72088,0.05487776745599645
test-72089,0.12954064052101308
test-7209,0.047601439539629385
test-72090,0.17689435429549072
test-72091,0.0846182167635542
test-72092,0.038257571874730105
test-72093,0.09555186775378129
test-72094,0.03171785166419217
test-72095,0.011410021472004246
test-72096,0.00994097983017351
test-72097,0.010865154306093174
test-72098,0.044604990506596685
test-72099,0.015885913186382612
test-721,0.0326380588372344
test-7210,0.1067637548255811
test-72100,0.12470467918659801
test-72101,0.1810368607107018
test-72102,0.1238416130614066
test-72103,0.015926660751328595
test-72104,0.009983688245628649
test-72105,0.10812119352180344
test-72106,0.21173546344676425
test-72107,0.15048571449265893
test-72108,0.01689447393111112
test-72109,0.03354382150554848
test-7211,0.011329347716063571
test-72110,0.09103235123163603
test-72111,0.16008909807998367
test-72112,0.12820741719659248
test-72113,0.09362524377549346
test-72114,0.1574834040821183
test-72115,0.0422298242822338
test-72116,0.1829150030472509
test-72117,0.11067613714125292
test-72118,0.020235348135090758
test-72119,0.023961601057663807
test-7212,0.18469637187571653
test-72120,0.015309764754723607
test-72121,0.011673706146491767
test-72122,0.10094437535757711
test-72123,0.020556195441792463
test-72124,0.18690865508669932
test-72125,0.1313395705021038
test-72126,0.3057839635274076
test-72127,0.11016299897156646
test-72128,0.18552362428563732
test-72129,0.049174966463814834
test-7213,0.01637512683831284
test-72130,0.07494270011420398
test-72131,0.019399597072261843
test-72132,0.042096119077241714
test-72133,0.021920532793785193
test-72134,0.031142565745673312
test-72135,0.025631423662996748
test-72136,0.1345772160726936
test-72137,0.23641577367406133
test-72138,0.2793157893014575
test-72139,0.007607344869886324
test-7214,0.0321784402890939
test-72140,0.03179798877549764
test-72141,0.0063477906128738965
test-72142,0.01301211958940259
test-72143,0.029531807998326318
test-72144,0.017576507669825457
test-72145,0.019133200791112085
test-72146,0.0741313523368138
test-72147,0.2926619154756492
test-72148,0.11367608285941057
test-72149,0.3035101437210559
test-7215,0.007054964828592514
test-72150,0.009129958662351768
test-72151,0.06183208280215057
test-72152,0.23533044822768912
test-72153,0.012060458112487942
test-72154,0.01390501558898131
test-72155,0.026444239251515254
test-72156,0.03031289208457089
test-72157,0.17056737353958626
test-72158,0.030252836048709195
test-72159,0.06743488356961143
test-7216,0.01094923666985709
test-72160,0.019023644640876802
test-72161,0.17645226684991447
test-72162,0.020046699504640306
test-72163,0.024716563451054586
test-72164,0.22205931310068508
test-72165,0.24038040825725593
test-72166,0.005830119059859717
test-72167,0.018685860555294382
test-72168,0.020094110329857452
test-72169,0.07984600052248031
test-7217,0.01639453401272058
test-72170,0.01829784165449801
test-72171,0.02893860094062032
test-72172,0.19942953111078204
test-72173,0.03353765133131197
test-72174,0.2017093000957217
test-72175,0.1165061889893569
test-72176,0.1056500682568082
test-72177,0.07992579949046957
test-72178,0.01943986747308439
test-72179,0.016104912334012834
test-7218,0.1111834394482905
test-72180,0.016578582478019518
test-72181,0.19345381185137156
test-72182,0.13012647928952942
test-72183,0.17645226684991447
test-72184,0.1346437455193104
test-72185,0.1473774431602795
test-72186,0.014989529809255725
test-72187,0.09119538886473173
test-72188,0.15227366628939185
test-72189,0.017264630278041516
test-7219,0.05389948742285438
test-72190,0.01089073365982982
test-72191,0.04102862807592863
test-72192,0.20447463282174422
test-72193,0.13569916252211403
test-72194,0.03967978921114954
test-72195,0.05139510885259632
test-72196,0.11630876246783647
test-72197,0.2045861299001383
test-72198,0.05635904642767994
test-72199,0.12693074667350318
test-722,0.03861695330081851
test-7220,0.014600619165259609
test-72200,0.015929663305035393
test-72201,0.028230058915230106
test-72202,0.15592238529117067
test-72203,0.06126936063018737
test-72204,0.0343741193978377
test-72205,0.045654637397449654
test-72206,0.020622359761128434
test-72207,0.015579169211249215
test-72208,0.012902162958754713
test-72209,0.0626296494777486
test-7221,0.21564967180219305
test-72210,0.03373832160042014
test-72211,0.015915168311435413
test-72212,0.027053410231467203
test-72213,0.05564375584118573
test-72214,0.0687732139720173
test-72215,0.19917126801920534
test-72216,0.054149265237645426
test-72217,0.04688280212504926
test-72218,0.09926581860355754
test-72219,0.015681184739320828
test-7222,0.2506229430873309
test-72220,0.07580980447798213
test-72221,0.018793964571951552
test-72222,0.020570938945540553
test-72223,0.06250422919748509
test-72224,0.1334325686924847
test-72225,0.04212604322347563
test-72226,0.26280712174417065
test-72227,0.1251789179444133
test-72228,0.051129803081302334
test-72229,0.19955545937433553
test-7223,0.06613128233036399
test-72230,0.03517554983071838
test-72231,0.01480504346182614
test-72232,0.02003849646555635
test-72233,0.15882820921214996
test-72234,0.012922445535390159
test-72235,0.023699054197935474
test-72236,0.18208281219773972
test-72237,0.017073655211920346
test-72238,0.08047081167228329
test-72239,0.012097168556502547
test-7224,0.07368970802550642
test-72240,0.0669392073111586
test-72241,0.12267964718560176
test-72242,0.030288747022404253
test-72243,0.045347534353644685
test-72244,0.032228709777226174
test-72245,0.021136027049453558
test-72246,0.021882713482676616
test-72247,0.0867748122318613
test-72248,0.0195496446306284
test-72249,0.06409298798549205
test-7225,0.12460507488050093
test-72250,0.0962994335527908
test-72251,0.07066391180041305
test-72252,0.25252503407177396
test-72253,0.24943512398400527
test-72254,0.012387685476125319
test-72255,0.14855959534470198
test-72256,0.008862712825552477
test-72257,0.2684212868231452
test-72258,0.10765551733981146
test-72259,0.19194075116128398
test-7226,0.021172644032205905
test-72260,0.06769227346933265
test-72261,0.02896657951233606
test-72262,0.046538789110523435
test-72263,0.05338838265674035
test-72264,0.07589593183427841
test-72265,0.0868884526264283
test-72266,0.16780212609422623
test-72267,0.13001013370971504
test-72268,0.020094110329857452
test-72269,0.2805287017184446
test-7227,0.18208807793386791
test-72270,0.20313528829574914
test-72271,0.06356737241697367
test-72272,0.02436345214459428
test-72273,0.02988630349192051
test-72274,0.01236754867107822
test-72275,0.1999890697457416
test-72276,0.0960912926878178
test-72277,0.033704161880754736
test-72278,0.015069678545992556
test-72279,0.04988043683539997
test-7228,0.0679179032863085
test-72280,0.1760572496176857
test-72281,0.03786080703451882
test-72282,0.324894144030303
test-72283,0.0071200037901860795
test-72284,0.2702221659276855
test-72285,0.057712294399173136
test-72286,0.008309180459622124
test-72287,0.0148202088670645
test-72288,0.023135515210806243
test-72289,0.19649972367031357
test-7229,0.009236351219829589
test-72290,0.008670431581690154
test-72291,0.09671463803405096
test-72292,0.040708046157767054
test-72293,0.09724550115703418
test-72294,0.16691610027124507
test-72295,0.04330476029799649
test-72296,0.10519936583455453
test-72297,0.048483979068708806
test-72298,0.06611019618936939
test-72299,0.02340672785244158
test-723,0.014609125583817105
test-7230,0.013734773958621587
test-72300,0.19276908296593984
test-72301,0.03341847573915413
test-72302,0.242558207736482
test-72303,0.011510971572776125
test-72304,0.1192747534429079
test-72305,0.16432120238242426
test-72306,0.27633237258444093
test-72307,0.04095512404905019
test-72308,0.060306487979040785
test-72309,0.1440893524205177
test-7231,0.009993270656379533
test-72310,0.07241673430739111
test-72311,0.13603377832344574
test-72312,0.13989285781239838
test-72313,0.058430193241917026
test-72314,0.06107244868006746
test-72315,0.020791116098817182
test-72316,0.03217267575692664
test-72317,0.08291138344775209
test-72318,0.049303097056469396
test-72319,0.024275287223617947
test-7232,0.025386456020776903
test-72320,0.028373580683707194
test-72321,0.08243553506836913
test-72322,0.007839816966496342
test-72323,0.05608161125235809
test-72324,0.030335608896396832
test-72325,0.32636068099577664
test-72326,0.10482679505480708
test-72327,0.19887813583243655
test-72328,0.3053071474963134
test-72329,0.009993270656379533
test-7233,0.050502676209740895
test-72330,0.027490448215925258
test-72331,0.021487064915886877
test-72332,0.02267959821685983
test-72333,0.051925085636820155
test-72334,0.07526068996404384
test-72335,0.0226398088629332
test-72336,0.15533199208584206
test-72337,0.010085128477583766
test-72338,0.11585766931797682
test-72339,0.04041269871704656
test-7234,0.031406078768012366
test-72340,0.017697686263575155
test-72341,0.1649717505392208
test-72342,0.02039487051711086
test-72343,0.0187144192902349
test-72344,0.04287983284776968
test-72345,0.0867035628376612
test-72346,0.04322372910628247
test-72347,0.01598485413423698
test-72348,0.06542722624638282
test-72349,0.15868413591721758
test-7235,0.09787796055403811
test-72350,0.031189105334535148
test-72351,0.0872577638958328
test-72352,0.08003083037374147
test-72353,0.2793114325661887
test-72354,0.0983338445695427
test-72355,0.26414419207620177
test-72356,0.039109737864539765
test-72357,0.04008029439702846
test-72358,0.014675783144617061
test-72359,0.10345351426084579
test-7236,0.15256653842907314
test-72360,0.18069976250457925
test-72361,0.01281682558551072
test-72362,0.04059797160650979
test-72363,0.035380184947664255
test-72364,0.0819233915674307
test-72365,0.04163635479315821
test-72366,0.14723851448149955
test-72367,0.08743488046804282
test-72368,0.01905994571733764
test-72369,0.015921907898062318
test-7237,0.08374948958464855
test-72370,0.016695928667566307
test-72371,0.18553334550293696
test-72372,0.024840373135949417
test-72373,0.03600774850951364
test-72374,0.11685400283612546
test-72375,0.020094110329857452
test-72376,0.05013646693989846
test-72377,0.10488782583202624
test-72378,0.07345983778661339
test-72379,0.020252889410717043
test-7238,0.12456179376616706
test-72380,0.024739202915256428
test-72381,0.013984409494747043
test-72382,0.06719022973162013
test-72383,0.009350792230570651
test-72384,0.056719954711376405
test-72385,0.0289453183209052
test-72386,0.015462686533120605
test-72387,0.04668218268325006
test-72388,0.10591550843100792
test-72389,0.049990670441987996
test-7239,0.035295166882981795
test-72390,0.007010715844953966
test-72391,0.25897554979925924
test-72392,0.06158644426927735
test-72393,0.13643488946603424
test-72394,0.1169731902254496
test-72395,0.03774475706112603
test-72396,0.24845578639910654
test-72397,0.036181640830227395
test-72398,0.09673533330374554
test-72399,0.09676493967342077
test-724,0.089931228327337
test-7240,0.09787796055403811
test-72400,0.011520066447325767
test-72401,0.15433368052295302
test-72402,0.03787448467855438
test-72403,0.25559389283524714
test-72404,0.009497076132630022
test-72405,0.03744403051896324
test-72406,0.01918083178018984
test-72407,0.01681085626989673
test-72408,0.15735363842708758
test-72409,0.03999612281848788
test-7241,0.06505086102395131
test-72410,0.2545332531522287
test-72411,0.023006402835700112
test-72412,0.2707000496688461
test-72413,0.018540404786485384
test-72414,0.012785104516051629
test-72415,0.021792570700862837
test-72416,0.02712610431248483
test-72417,0.06614378686373308
test-72418,0.10249682881557183
test-72419,0.011091676564266628
test-7242,0.29252642620652225
test-72420,0.015780295637406693
test-72421,0.06177789311881459
test-72422,0.12604542757623594
test-72423,0.02660758821268022
test-72424,0.15382058652012284
test-72425,0.00661933661571704
test-72426,0.0765176442062777
test-72427,0.016057884618491575
test-72428,0.12756464018589395
test-72429,0.29783555123752603
test-7243,0.015201135135193451
test-72430,0.041994584683696344
test-72431,0.025162477889888294
test-72432,0.06717104365161099
test-72433,0.11143083619627239
test-72434,0.01792469999910449
test-72435,0.3436967925243646
test-72436,0.09869157019100172
test-72437,0.1436247776545339
test-72438,0.0669392073111586
test-72439,0.3147502131079928
test-7244,0.02874157781611735
test-72440,0.02969230050373081
test-72441,0.03664382764195204
test-72442,0.04744836284985823
test-72443,0.06444033972636329
test-72444,0.20326449047250333
test-72445,0.2025832442448445
test-72446,0.015971437582018584
test-72447,0.07480854255869651
test-72448,0.047781848493452926
test-72449,0.07457160985401304
test-7245,0.03390351888940096
test-72450,0.047568442819313585
test-72451,0.0201953464644833
test-72452,0.06962630439528077
test-72453,0.13126770525533654
test-72454,0.1914690290734312
test-72455,0.12462664785568968
test-72456,0.020553096589041992
test-72457,0.07799433853261355
test-72458,0.010246173139444485
test-72459,0.016826710537060606
test-7246,0.02897069052764512
test-72460,0.01845126869604938
test-72461,0.06986194723583708
test-72462,0.028562276380827197
test-72463,0.016773812118437578
test-72464,0.13576924615476701
test-72465,0.023935852372949533
test-72466,0.2263502296846572
test-72467,0.14765657314827385
test-72468,0.01836490731418884
test-72469,0.007356350848457974
test-7247,0.025467682666929673
test-72470,0.058482011550318236
test-72471,0.012629242230733117
test-72472,0.006910319992020435
test-72473,0.039056486816039286
test-72474,0.021923734509923083
test-72475,0.01782376926307503
test-72476,0.08839391833860305
test-72477,0.23961642582827639
test-72478,0.029778034879541795
test-72479,0.011833825030643817
test-7248,0.0707119985986715
test-72480,0.34903163916690877
test-72481,0.016546631438733694
test-72482,0.11687917827108912
test-72483,0.01663182289740692
test-72484,0.06520978564778185
test-72485,0.021019282685468387
test-72486,0.014390477085816452
test-72487,0.08272309835507895
test-72488,0.009749020978000214
test-72489,0.08702492703282787
test-7249,0.2153577021879302
test-72490,0.08393218381075793
test-72491,0.19488125892781852
test-72492,0.035869387434724155
test-72493,0.018344579199586056
test-72494,0.03486415065020565
test-72495,0.3013323048212856
test-72496,0.1224880169824063
test-72497,0.11942276000080296
test-72498,0.24937241371159052
test-72499,0.016295702234949718
test-725,0.15342785726918898
test-7250,0.15358704675003365
test-72500,0.02534614508534484
test-72501,0.018133976755889573
test-72502,0.2540797294583844
test-72503,0.02168763155814586
test-72504,0.2743668601330053
test-72505,0.07377352232183165
test-72506,0.25754665304063634
test-72507,0.024096545365370942
test-72508,0.09985649801372733
test-72509,0.1415386313543848
test-7251,0.0662481746733668
test-72510,0.043222059988948305
test-72511,0.07465136523035168
test-72512,0.07534534596895345
test-72513,0.08613003257144258
test-72514,0.02445114456054452
test-72515,0.08587646143012002
test-72516,0.1767421804291832
test-72517,0.03258674984897633
test-72518,0.07706400364475845
test-72519,0.009772940216851206
test-7252,0.01990108622223857
test-72520,0.014684200038307104
test-72521,0.013454727695102498
test-72522,0.16209924283665764
test-72523,0.1441536139695879
test-72524,0.012441459639197815
test-72525,0.05015468531813707
test-72526,0.1735789063791358
test-72527,0.022108907341827615
test-72528,0.11628371160124633
test-72529,0.10322577770752683
test-7253,0.027406559533884038
test-72530,0.16034068360358894
test-72531,0.14948507451485024
test-72532,0.02935652621695361
test-72533,0.01787324844662315
test-72534,0.018701255091339734
test-72535,0.01749235056944764
test-72536,0.036770688727036524
test-72537,0.13775918575813118
test-72538,0.01949833343835093
test-72539,0.012460925639767624
test-7254,0.007681437184415154
test-72540,0.1727563575525296
test-72541,0.09673533330374554
test-72542,0.17645226684991447
test-72543,0.06807277471988875
test-72544,0.13809922474188
test-72545,0.24872905146657184
test-72546,0.22996847128818868
test-72547,0.009508259812779746
test-72548,0.04166386701592093
test-72549,0.04475351461529831
test-7255,0.1543693773528168
test-72550,0.017576507669825457
test-72551,0.06554811067650368
test-72552,0.011197258311503902
test-72553,0.02326202007677901
test-72554,0.014883764859332743
test-72555,0.01984083728220699
test-72556,0.08260182777979576
test-72557,0.018050756786664224
test-72558,0.012135955641611176
test-72559,0.2115381298010026
test-7256,0.24588197974892445
test-72560,0.009375981930322333
test-72561,0.4100690170957797
test-72562,0.04089821754677582
test-72563,0.006981988485891279
test-72564,0.11123965543093373
test-72565,0.008175057870659799
test-72566,0.1615996904683136
test-72567,0.05151456033979379
test-72568,0.015562714184025866
test-72569,0.22423088341875327
test-7257,0.15225988663327683
test-72570,0.2567913532707457
test-72571,0.011130681608212173
test-72572,0.08293207044131369
test-72573,0.014953627596337712
test-72574,0.31454559886356165
test-72575,0.013773478178667324
test-72576,0.08902361671023865
test-72577,0.10790562188044854
test-72578,0.20276581986925826
test-72579,0.10078539812359981
test-7258,0.07346602145498068
test-72580,0.09577148861252165
test-72581,0.02576253633520363
test-72582,0.018462695228143804
test-72583,0.07736971131561239
test-72584,0.046716864525048266
test-72585,0.019223858544069446
test-72586,0.019484012916139406
test-72587,0.2248018940939101
test-72588,0.028507525610315373
test-72589,0.031443156386984486
test-7259,0.07706400364475845
test-72590,0.005910368190521168
test-72591,0.016378536108696072
test-72592,0.1625419366747256
test-72593,0.02601334168358014
test-72594,0.017160454515026128
test-72595,0.011631326680156174
test-72596,0.012201116982274522
test-72597,0.013064965899237365
test-72598,0.08604889034348487
test-72599,0.012408488380209732
test-726,0.02282550692367453
test-7260,0.12099176132734665
test-72600,0.29844774729081663
test-72601,0.18582883966891028
test-72602,0.14372806682178918
test-72603,0.03254656788055025
test-72604,0.017023315118902368
test-72605,0.17645226684991447
test-72606,0.02245648100415457
test-72607,0.009142221389897042
test-72608,0.022532826779411628
test-72609,0.009256175070153508
test-7261,0.11087860838449479
test-72610,0.029047397791871855
test-72611,0.019726848237300355
test-72612,0.40492342851464425
test-72613,0.023801307505032412
test-72614,0.08348076578196217
test-72615,0.036490197163902345
test-72616,0.0846182167635542
test-72617,0.009839376004130257
test-72618,0.030707208957946448
test-72619,0.010470971584594582
test-7262,0.01282558234415629
test-72620,0.04371739997126556
test-72621,0.046732309290091326
test-72622,0.07515523999548554
test-72623,0.03223415261875143
test-72624,0.01059690881965043
test-72625,0.016802551889873864
test-72626,0.1543693773528168
test-72627,0.00741364963138386
test-72628,0.04025948399673693
test-72629,0.010494522582037098
test-7263,0.10891174903670928
test-72630,0.35520973780417314
test-72631,0.0164515535505157
test-72632,0.03902305656283252
test-72633,0.0816090493747349
test-72634,0.03040705258841133
test-72635,0.018343602731756656
test-72636,0.06482722431450805
test-72637,0.18909643041797247
test-72638,0.26112438831141893
test-72639,0.024122013538369708
test-7264,0.14531132386817258
test-72640,0.3399115432973241
test-72641,0.2848606590764785
test-72642,0.012059379896954355
test-72643,0.0669392073111586
test-72644,0.2555795147839933
test-72645,0.018851512321475694
test-72646,0.01822169825801331
test-72647,0.0707464114068541
test-72648,0.021213463850150945
test-72649,0.0669392073111586
test-7265,0.2265705911686076
test-72650,0.20187039822741007
test-72651,0.2593946470672105
test-72652,0.1131392768570204
test-72653,0.021326980130872895
test-72654,0.40686754259466146
test-72655,0.18449470129041506
test-72656,0.021675572650781273
test-72657,0.02867051056713765
test-72658,0.033584882621283556
test-72659,0.171293649643939
test-7266,0.07262070849647241
test-72660,0.25658819634994695
test-72661,0.10118524058404003
test-72662,0.20840859242642146
test-72663,0.16862936169275256
test-72664,0.16927098829236562
test-72665,0.03861695330081851
test-72666,0.06762001834257952
test-72667,0.054739600279422866
test-72668,0.11599395584280962
test-72669,0.018216351276906653
test-7267,0.05231315029880604
test-72670,0.17645226684991447
test-72671,0.07341931644849042
test-72672,0.03251949045715369
test-72673,0.022721862766387116
test-72674,0.22126447679614147
test-72675,0.04266630811599507
test-72676,0.01419509141023126
test-72677,0.1900258626328395
test-72678,0.025331155882912015
test-72679,0.14191101633026165
test-7268,0.028288215439958114
test-72680,0.15434614857410742
test-72681,0.04937716234769883
test-72682,0.24086893980854354
test-72683,0.18208807793386791
test-72684,0.009379571220005656
test-72685,0.22873835505462223
test-72686,0.17769983612251122
test-72687,0.09078882316026064
test-72688,0.01596143471000945
test-72689,0.1751298667371311
test-7269,0.03612244013567759
test-72690,0.1350762180594557
test-72691,0.2001958184587234
test-72692,0.01835802177506682
test-72693,0.09435854111353265
test-72694,0.01832155013394861
test-72695,0.08744770052259397
test-72696,0.028459409042040317
test-72697,0.02009601678495788
test-72698,0.015243262319598506
test-72699,0.23612053070839714
test-727,0.060330754297190835
test-7270,0.30194845532079406
test-72700,0.09486221358457557
test-72701,0.10486178155527442
test-72702,0.1252637756806693
test-72703,0.07550303418702949
test-72704,0.01733216250159555
test-72705,0.3444087749380922
test-72706,0.016835772411579426
test-72707,0.04210758833721646
test-72708,0.02746932235708438
test-72709,0.014825260684355803
test-7271,0.029306071680316164
test-72710,0.021019282685468387
test-72711,0.12432932072410077
test-72712,0.025666026957472103
test-72713,0.08270653221036815
test-72714,0.015580502035569443
test-72715,0.07055779043558948
test-72716,0.07340717644782829
test-72717,0.1698711893017355
test-72718,0.16770892351417926
test-72719,0.03428316841415857
test-7272,0.12562994060020674
test-72720,0.16318215897485255
test-72721,0.007149959931697672
test-72722,0.01766324251762722
test-72723,0.010851558362927413
test-72724,0.025809819337406493
test-72725,0.010277610454561933
test-72726,0.07924075983884743
test-72727,0.0753041367278265
test-72728,0.014504573992363413
test-72729,0.028231343595340297
test-7273,0.04907500935688499
test-72730,0.024039659086970963
test-72731,0.03286716334690705
test-72732,0.4035732487014866
test-72733,0.01930468556229207
test-72734,0.08776330601268628
test-72735,0.01961939346728688
test-72736,0.22182294724207335
test-72737,0.021740891784233957
test-72738,0.062203740946503154
test-72739,0.030757284938816607
test-7274,0.008739481627750248
test-72740,0.019732249063491747
test-72741,0.06835654294655329
test-72742,0.030150010952207738
test-72743,0.007226711154502229
test-72744,0.020226715203793048
test-72745,0.062321014314014815
test-72746,0.05438267412930104
test-72747,0.0522866469823982
test-72748,0.06803412447426488
test-72749,0.10016106950207247
test-7275,0.04434873777537241
test-72750,0.1949942119219428
test-72751,0.030581812129287046
test-72752,0.38545347965376797
test-72753,0.0648267804290141
test-72754,0.06306434204928509
test-72755,0.24585913293300335
test-72756,0.18822382484311345
test-72757,0.22961929800085926
test-72758,0.011400511332091997
test-72759,0.05281817418574872
test-7276,0.035663261089341876
test-72760,0.060330754297190835
test-72761,0.07740231192913703
test-72762,0.012185196053805764
test-72763,0.025801058227560465
test-72764,0.01591391974501613
test-72765,0.23016137943136725
test-72766,0.18380644796125883
test-72767,0.012002236220221353
test-72768,0.02042842843393005
test-72769,0.05061525974575059
test-7277,0.16711179244472235
test-72770,0.05360903993724656
test-72771,0.05696161965524481
test-72772,0.291211625368442
test-72773,0.0669392073111586
test-72774,0.017988002742749625
test-72775,0.03602137343017773
test-72776,0.07188724783622023
test-72777,0.033668114936016964
test-72778,0.046465508440158655
test-72779,0.06636340504148099
test-7278,0.014395608327741317
test-72780,0.10154003233795239
test-72781,0.05745040110534035
test-72782,0.23872161940403308
test-72783,0.03957797408190487
test-72784,0.016030062751449876
test-72785,0.012151347118464498
test-72786,0.03552295946030883
test-72787,0.025089752152092314
test-72788,0.12153691710066858
test-72789,0.15788603287801772
test-7279,0.1368064526262009
test-72790,0.18420287842719524
test-72791,0.09667288438228616
test-72792,0.055514945329229314
test-72793,0.03758687856135213
test-72794,0.0740956363379905
test-72795,0.033827719935102474
test-72796,0.05496554620243425
test-72797,0.023801556295774823
test-72798,0.0687732139720173
test-72799,0.05047263274534634
test-728,0.09621911320896186
test-7280,0.15701630716024761
test-72800,0.015293597168090534
test-72801,0.3112465234039949
test-72802,0.017668097819681098
test-72803,0.01068958604135774
test-72804,0.04688163618239434
test-72805,0.017934115004126484
test-72806,0.1018823398709906
test-72807,0.05339307069340168
test-72808,0.04534659937129501
test-72809,0.019282984525144174
test-7281,0.0707119985986715
test-72810,0.1385136477104149
test-72811,0.02936200237612946
test-72812,0.044385809892560836
test-72813,0.33280485321471087
test-72814,0.16505376498739824
test-72815,0.022840744924929247
test-72816,0.026306097309701123
test-72817,0.04397152857775165
test-72818,0.123817286149575
test-72819,0.039081933925762334
test-7282,0.011088651873852875
test-72820,0.2193798920229242
test-72821,0.0839063005553878
test-72822,0.02549526149164475
test-72823,0.005951097022936841
test-72824,0.0334038129003251
test-72825,0.011763473472554967
test-72826,0.03823161858615194
test-72827,0.01980539437526541
test-72828,0.008625194137587177
test-72829,0.010497845873439486
test-7283,0.02836166427125198
test-72830,0.1333351746792059
test-72831,0.016438707203413474
test-72832,0.18875492473401317
test-72833,0.1952916505448409
test-72834,0.23533231591424686
test-72835,0.016018023289512157
test-72836,0.013793253729866266
test-72837,0.01057134997959584
test-72838,0.0734238194770512
test-72839,0.32072693085634246
test-7284,0.25648658704184035
test-72840,0.13675733661200584
test-72841,0.029597164184308203
test-72842,0.05339307069340168
test-72843,0.005940157921491589
test-72844,0.021992855792761064
test-72845,0.04049860151896432
test-72846,0.08227449316788707
test-72847,0.20470991988795806
test-72848,0.20112534528635206
test-72849,0.16853443770992485
test-7285,0.0692935195666986
test-72850,0.05015468531813707
test-72851,0.008388724831525404
test-72852,0.01771389349996169
test-72853,0.01656240409186109
test-72854,0.12024798391784257
test-72855,0.031993987469526
test-72856,0.01586498872032353
test-72857,0.009525852300538649
test-72858,0.00661217254465319
test-72859,0.17866919218368274
test-7286,0.028775206557201862
test-72860,0.4148326716637835
test-72861,0.1135748689390796
test-72862,0.12169205051788501
test-72863,0.17427993154519586
test-72864,0.1001728034970038
test-72865,0.020046699504640306
test-72866,0.04475351461529831
test-72867,0.25078639255093405
test-72868,0.06613128233036399
test-72869,0.01404398132635389
test-7287,0.02099123196661146
test-72870,0.011640336331914454
test-72871,0.08003083037374147
test-72872,0.019294388272982375
test-72873,0.012584950955687528
test-72874,0.10891174903670928
test-72875,0.0176533909897515
test-72876,0.09194310697337356
test-72877,0.09514313985590818
test-72878,0.011278169141536464
test-72879,0.08680671570506247
test-7288,0.049461904616293566
test-72880,0.15950961269452885
test-72881,0.02790333905462896
test-72882,0.022537511743612435
test-72883,0.06663122696760175
test-72884,0.08324475812728256
test-72885,0.09312352971315162
test-72886,0.06884964423398383
test-72887,0.19380667286013248
test-72888,0.09935030145420644
test-72889,0.29977703112742504
test-7289,0.01909386908629254
test-72890,0.04400037039100653
test-72891,0.06017878337188746
test-72892,0.005647518108413899
test-72893,0.14660621249274897
test-72894,0.2587777698937989
test-72895,0.2608606113982203
test-72896,0.1838690019786068
test-72897,0.08692340999707332
test-72898,0.05272097485037949
test-72899,0.03600649253900969
test-729,0.325090212571697
test-7290,0.023370371533632934
test-72900,0.014236250470800828
test-72901,0.11570595939632185
test-72902,0.018011397905901404
test-72903,0.16584393980733775
test-72904,0.05703792126851612
test-72905,0.0669392073111586
test-72906,0.04641537636604104
test-72907,0.17476646217315372
test-72908,0.0687732139720173
test-72909,0.021983390715712998
test-7291,0.014109693186316342
test-72910,0.012888267401554404
test-72911,0.021354663395433876
test-72912,0.13882298874630902
test-72913,0.01374330804737118
test-72914,0.01684196233177124
test-72915,0.0836160361599026
test-72916,0.019070584549012205
test-72917,0.15291984496654798
test-72918,0.022989111770552687
test-72919,0.0771554524673176
test-7292,0.010522301771370013
test-72920,0.21335803297841657
test-72921,0.019292069503127073
test-72922,0.02659396928803018
test-72923,0.04953858611954152
test-72924,0.157604052899105
test-72925,0.016938367730130778
test-72926,0.021195439473462706
test-72927,0.06390585972311909
test-72928,0.15358113031990606
test-72929,0.010611647635754581
test-7293,0.06294210779423427
test-72930,0.3106061487066792
test-72931,0.014606832165642208
test-72932,0.05374310585683929
test-72933,0.016659087838733707
test-72934,0.008870432463138254
test-72935,0.019770488685278326
test-72936,0.19577373902698028
test-72937,0.02163855068830312
test-72938,0.054409343382774124
test-72939,0.20813853482740824
test-7294,0.20419420548798656
test-72940,0.13731171035429612
test-72941,0.0185690874767532
test-72942,0.01727424750857405
test-72943,0.19107518991835182
test-72944,0.32641958553279166
test-72945,0.1402991303967614
test-72946,0.04952403388029099
test-72947,0.01466517378004707
test-72948,0.03151138774659632
test-72949,0.019706343995438996
test-7295,0.025704900780652087
test-72950,0.02489742866837765
test-72951,0.30626614632850524
test-72952,0.16325327931904818
test-72953,0.024983016851206588
test-72954,0.01647870846103355
test-72955,0.06803412447426488
test-72956,0.02109276190073658
test-72957,0.16695447271917302
test-72958,0.15288318623162622
test-72959,0.008531525084346125
test-7296,0.28440276233663536
test-72960,0.039242610194792554
test-72961,0.3339558782443526
test-72962,0.02951885112183373
test-72963,0.012750078353881809
test-72964,0.008457008497622605
test-72965,0.058586569216612164
test-72966,0.10029986973213227
test-72967,0.18075504738099996
test-72968,0.03953653884236106
test-72969,0.0423502261115163
test-7297,0.05439176616167522
test-72970,0.027799665112513704
test-72971,0.042817480290909024
test-72972,0.2742749335739854
test-72973,0.02425906772999171
test-72974,0.03300356637227382
test-72975,0.02585571196839982
test-72976,0.02309036694456378
test-72977,0.011978405277881495
test-72978,0.020070611572223358
test-72979,0.1682745718798708
test-7298,0.021467287988214474
test-72980,0.033158112869355334
test-72981,0.019878199042178274
test-72982,0.1495168811205587
test-72983,0.03430134748739958
test-72984,0.012659355276622276
test-72985,0.010583298005450836
test-72986,0.0687732139720173
test-72987,0.02350600748839831
test-72988,0.02340263442344913
test-72989,0.09413791956605486
test-7299,0.020482398904241826
test-72990,0.03179798877549764
test-72991,0.011093823449985976
test-72992,0.12025500533497033
test-72993,0.04475351461529831
test-72994,0.051000502108580106
test-72995,0.3100155038108944
test-72996,0.020419379932726085
test-72997,0.022169355720496234
test-72998,0.15321232873445423
test-72999,0.03529327254093463
test-73,0.04792039649790754
test-730,0.01421031531254988
test-7300,0.02146469500411347
test-73000,0.020600946167074707
test-73001,0.012856905613595926
test-73002,0.01634974909281154
test-73003,0.16796873329191267
test-73004,0.2529733122111918
test-73005,0.25390000126043016
test-73006,0.05318798506098278
test-73007,0.017280012388758138
test-73008,0.009330537767053757
test-73009,0.0322560369895652
test-7301,0.027084687213700945
test-73010,0.04961134779421609
test-73011,0.22150228901399546
test-73012,0.03603062294911097
test-73013,0.017850236739982955
test-73014,0.2011454835030215
test-73015,0.02876915770817076
test-73016,0.03991427570930743
test-73017,0.10100900553716265
test-73018,0.21720680124826186
test-73019,0.07244143828441524
test-7302,0.17477008136934374
test-73020,0.1303069495062762
test-73021,0.01996659642878716
test-73022,0.07344271144404275
test-73023,0.011052531641681048
test-73024,0.04237543999302566
test-73025,0.05745040110534035
test-73026,0.012803312955150897
test-73027,0.035196396655938614
test-73028,0.017835480517193185
test-73029,0.061577899304617906
test-7303,0.009548533940106746
test-73030,0.02752070950905329
test-73031,0.07403616554354614
test-73032,0.09027051956581958
test-73033,0.20834951720890266
test-73034,0.03034000265498815
test-73035,0.024431560964032595
test-73036,0.0067600705158744525
test-73037,0.01642208524257201
test-73038,0.07799433853261355
test-73039,0.07007594316339602
test-7304,0.019441886053411146
test-73040,0.20152267967302295
test-73041,0.08003083037374147
test-73042,0.12886842936060028
test-73043,0.01720524529087994
test-73044,0.013156825963170329
test-73045,0.04653751223784896
test-73046,0.016202188483361572
test-73047,0.017297298214497242
test-73048,0.017303209194273885
test-73049,0.08621167492237854
test-7305,0.02319599401771473
test-73050,0.31550847351172256
test-73051,0.019437136886730527
test-73052,0.031481309165203315
test-73053,0.021410608692692425
test-73054,0.2492271005648227
test-73055,0.018322553497270373
test-73056,0.3397572670333528
test-73057,0.04158244830844115
test-73058,0.011930595609087175
test-73059,0.15381412069068212
test-7306,0.09442793442436977
test-73060,0.16478767982466105
test-73061,0.10897601867885644
test-73062,0.03965063507387373
test-73063,0.010856718617096374
test-73064,0.018211520441736094
test-73065,0.02009601678495788
test-73066,0.226789134805081
test-73067,0.07344271144404275
test-73068,0.0913599730177488
test-73069,0.15337118352675164
test-7307,0.28539307267305153
test-73070,0.0368156115343624
test-73071,0.11172811689043487
test-73072,0.022837074042153897
test-73073,0.01571826447082626
test-73074,0.07955672582119087
test-73075,0.047993435583829194
test-73076,0.0761463288834153
test-73077,0.0363904125676894
test-73078,0.04624048674664932
test-73079,0.08871185087155477
test-7308,0.0356018920400557
test-73080,0.0812007748097126
test-73081,0.32950934041771673
test-73082,0.15330208074013751
test-73083,0.07564187602682827
test-73084,0.09768463878200791
test-73085,0.12131883177993916
test-73086,0.15522728772308428
test-73087,0.015839423939833033
test-73088,0.009019432199058054
test-73089,0.014027579660346547
test-7309,0.015405717514977737
test-73090,0.017786311988632834
test-73091,0.06080240329123974
test-73092,0.16682501222542145
test-73093,0.02730684050456059
test-73094,0.01036542425558399
test-73095,0.0901575200007742
test-73096,0.12235141312659475
test-73097,0.0732858674232542
test-73098,0.09228381928298793
test-73099,0.10987038848148939
test-731,0.3486645875397823
test-7310,0.27760715251920154
test-73100,0.25525551313393147
test-73101,0.2518059788078792
test-73102,0.0787718604191346
test-73103,0.06659836411616123
test-73104,0.03615303823134967
test-73105,0.03422089327779255
test-73106,0.19146824705295507
test-73107,0.11412015650690727
test-73108,0.19905928878220697
test-73109,0.15019836276366486
test-7311,0.20122734017263702
test-73110,0.24038040825725593
test-73111,0.11794603577740274
test-73112,0.11581193107502898
test-73113,0.031893045369550024
test-73114,0.040532793689842556
test-73115,0.08196973207204497
test-73116,0.07951377017268803
test-73117,0.2602419153905719
test-73118,0.011017441540376597
test-73119,0.17214939934568288
test-7312,0.059221349682963
test-73120,0.04221206940750521
test-73121,0.16093563229249153
test-73122,0.10892333078235493
test-73123,0.0382684261121019
test-73124,0.020803695564471748
test-73125,0.00712378894553673
test-73126,0.015977686282665583
test-73127,0.011699930313654617
test-73128,0.05339307069340168
test-73129,0.011234623359862285
test-7313,0.06336311833577025
test-73130,0.32381307491037353
test-73131,0.03232600292218161
test-73132,0.052780195597586545
test-73133,0.011352871919423062
test-73134,0.11605750684178578
test-73135,0.0132168671159519
test-73136,0.04992602504619911
test-73137,0.0246512310294815
test-73138,0.03563965779772
test-73139,0.051642530544525056
test-7314,0.22354824497394496
test-73140,0.07320802367786818
test-73141,0.015313568641159497
test-73142,0.010094692488675285
test-73143,0.389606039667169
test-73144,0.014141031800740677
test-73145,0.008805360820529656
test-73146,0.07813553234846392
test-73147,0.11933770299208014
test-73148,0.2563108161582349
test-73149,0.015176192406273194
test-7315,0.011487355133154093
test-73150,0.01818264524593819
test-73151,0.2504336704216267
test-73152,0.21052099140378439
test-73153,0.32954231288441993
test-73154,0.04887967350695638
test-73155,0.13265218556699931
test-73156,0.04252105837468247
test-73157,0.011845378996182092
test-73158,0.13400095998380476
test-73159,0.18988731837839687
test-7316,0.0787718604191346
test-73160,0.0708151702597928
test-73161,0.021113263981551195
test-73162,0.21131012745493377
test-73163,0.27130029961236307
test-73164,0.18115526010505645
test-73165,0.24546032012468996
test-73166,0.3160112696601699
test-73167,0.03257921615275023
test-73168,0.00956163138868844
test-73169,0.11373456324656306
test-7317,0.008448667916865832
test-73170,0.014540154873623373
test-73171,0.10091747834841346
test-73172,0.1697928886383658
test-73173,0.1594752350940785
test-73174,0.01095705518462765
test-73175,0.01458786568342659
test-73176,0.2543204101665658
test-73177,0.027354460942009697
test-73178,0.08739485527271336
test-73179,0.015406855009565774
test-7318,0.04372982444971819
test-73180,0.008960531983337064
test-73181,0.0144101171287508
test-73182,0.16695447271917302
test-73183,0.02979090525705199
test-73184,0.16466732650584065
test-73185,0.02747164158374633
test-73186,0.013359940020998457
test-73187,0.21970911873100277
test-73188,0.16228602302116985
test-73189,0.009073967424789544
test-7319,0.14329491256515667
test-73190,0.025476408533059634
test-73191,0.02554480780856069
test-73192,0.07287513663214307
test-73193,0.02945656995242023
test-73194,0.25501211503014526
test-73195,0.03713859788171916
test-73196,0.014113480252141358
test-73197,0.1263298081524306
test-73198,0.022185549664788584
test-73199,0.12812426772554625
test-732,0.156496855496956
test-7320,0.05339307069340168
test-73200,0.03290341473413582
test-73201,0.028059523018844117
test-73202,0.12663596937894922
test-73203,0.018748691833984955
test-73204,0.2593946470672105
test-73205,0.018228085861334637
test-73206,0.123817286149575
test-73207,0.018106503720352676
test-73208,0.05345709439665533
test-73209,0.06803412447426488
test-7321,0.02984942761264099
test-73210,0.007460343054589382
test-73211,0.045802178334875515
test-73212,0.20260703828730217
test-73213,0.09528380793254176
test-73214,0.030500859580543445
test-73215,0.04635290501557878
test-73216,0.01323176281938838
test-73217,0.2581717091324922
test-73218,0.0687732139720173
test-73219,0.13775918575813118
test-7322,0.07977759974360156
test-73220,0.026555324964617398
test-73221,0.08227449316788707
test-73222,0.019138164657845333
test-73223,0.05339307069340168
test-73224,0.11607553849948815
test-73225,0.20076579714671464
test-73226,0.04906268853224453
test-73227,0.03755260234219557
test-73228,0.13112634419947802
test-73229,0.0785198371269005
test-7323,0.3387811573416323
test-73230,0.024906022094315486
test-73231,0.013414864622922547
test-73232,0.226696826827529
test-73233,0.08147058405703365
test-73234,0.03834916876536476
test-73235,0.01427488314530927
test-73236,0.14661586719270697
test-73237,0.07896917855603469
test-73238,0.03312389582007895
test-73239,0.41727580565738814
test-7324,0.017059307161891475
test-73240,0.045012128982405177
test-73241,0.023998713537970902
test-73242,0.020985640452588345
test-73243,0.12948280615147423
test-73244,0.01605638725158736
test-73245,0.02508021535110032
test-73246,0.13584648180255504
test-73247,0.15143204151976916
test-73248,0.040859981595706016
test-73249,0.05273939999786985
test-7325,0.025805464730018914
test-73250,0.0715695509481678
test-73251,0.19372937525072834
test-73252,0.05015468531813707
test-73253,0.15552004352357343
test-73254,0.06780334496233617
test-73255,0.18079975771051415
test-73256,0.010808008348546916
test-73257,0.23233934664825703
test-73258,0.008173742397472742
test-73259,0.28873885627803514
test-7326,0.042703204689694234
test-73260,0.02323288595281765
test-73261,0.011030138218203044
test-73262,0.03394517755049771
test-73263,0.009802026917652163
test-73264,0.18418539639569032
test-73265,0.28985081956798914
test-73266,0.013209226221833617
test-73267,0.03207711072065202
test-73268,0.025513409986730108
test-73269,0.03246148216478109
test-7327,0.007863580652676984
test-73270,0.12958546599899506
test-73271,0.18914634153991552
test-73272,0.1821935099591644
test-73273,0.02024881068952275
test-73274,0.023377245856361733
test-73275,0.17209922530926572
test-73276,0.062335148864845154
test-73277,0.021687202943850743
test-73278,0.05541148413060827
test-73279,0.22688887334689345
test-7328,0.02135529482189566
test-73280,0.052868271508436496
test-73281,0.058376752483490266
test-73282,0.02563731344834238
test-73283,0.07305911273342602
test-73284,0.21991874022052033
test-73285,0.08676426786931425
test-73286,0.016919313351958676
test-73287,0.00851567291627711
test-73288,0.07334802250030047
test-73289,0.18880845917870157
test-7329,0.018007784664198122
test-73290,0.04317215629977886
test-73291,0.06879713273323082
test-73292,0.02223644728411022
test-73293,0.1644142187353987
test-73294,0.13545580937492166
test-73295,0.07266089222713526
test-73296,0.017481426970186825
test-73297,0.3220456245840317
test-73298,0.005581951099665324
test-73299,0.06715331974148922
test-733,0.07984600052248031
test-7330,0.023365772919033252
test-73300,0.030166078761244126
test-73301,0.01906537517406463
test-73302,0.009913313623788856
test-73303,0.02252923146976596
test-73304,0.16605616632754214
test-73305,0.035829571871222675
test-73306,0.015681184739320828
test-73307,0.039308040484541576
test-73308,0.045951611848604614
test-73309,0.023195973375721584
test-7331,0.07098879888749018
test-73310,0.07154554671561687
test-73311,0.017576109142852472
test-73312,0.022887322717970206
test-73313,0.11607553849948815
test-73314,0.13774157405628287
test-73315,0.025111183237590054
test-73316,0.045619744278437006
test-73317,0.029400454823901415
test-73318,0.16695447271917302
test-73319,0.07066391180041305
test-7332,0.01313373987505038
test-73320,0.010856330180856544
test-73321,0.05339307069340168
test-73322,0.03144534789958373
test-73323,0.0707119985986715
test-73324,0.03535350035076592
test-73325,0.02744752733697642
test-73326,0.008220980321290879
test-73327,0.014390477085816452
test-73328,0.0431472799656589
test-73329,0.05953003078013018
test-7333,0.03382408498092041
test-73330,0.07892146009664243
test-73331,0.012574609431023615
test-73332,0.37274324857577695
test-73333,0.008983746185132039
test-73334,0.04201587544696237
test-73335,0.01801829618205096
test-73336,0.014308378739030835
test-73337,0.11992865485900006
test-73338,0.012089591290699631
test-73339,0.01734339194779329
test-7334,0.009627610380847567
test-73340,0.015403384144428395
test-73341,0.12137033067599531
test-73342,0.020373107639746646
test-73343,0.0707119985986715
test-73344,0.12247641379569466
test-73345,0.02344747729963121
test-73346,0.014385568639111836
test-73347,0.015962211042520682
test-73348,0.02980181580733844
test-73349,0.15130469079668155
test-7335,0.1341633632882758
test-73350,0.1285727876993293
test-73351,0.018422605114415895
test-73352,0.10750828881577801
test-73353,0.06803412447426488
test-73354,0.08704405757738395
test-73355,0.2530352586716679
test-73356,0.04026476153143423
test-73357,0.023772573759744384
test-73358,0.010066995909846891
test-73359,0.23016137943136725
test-7336,0.16695447271917302
test-73360,0.06803412447426488
test-73361,0.01764599437161067
test-73362,0.015516916219973555
test-73363,0.019940335229000815
test-73364,0.13844485831116107
test-73365,0.15984463848114464
test-73366,0.019322703220636173
test-73367,0.15646959284995937
test-73368,0.044594838369871506
test-73369,0.06881150423859776
test-7337,0.11173869950911541
test-73370,0.010334221637413136
test-73371,0.18807662975815911
test-73372,0.013426016984743367
test-73373,0.0890143174030048
test-73374,0.01620202664341794
test-73375,0.29401490691839305
test-73376,0.04414166004313783
test-73377,0.026629161779830143
test-73378,0.05339307069340168
test-73379,0.044345413108948184
test-7338,0.03463627821242977
test-73380,0.0669392073111586
test-73381,0.10881339248525587
test-73382,0.018751952479066112
test-73383,0.12592277477855526
test-73384,0.02256231021926832
test-73385,0.02082870817337627
test-73386,0.2255233688766979
test-73387,0.049332890999324495
test-73388,0.19565788800237155
test-73389,0.4001140406804215
test-7339,0.02416752899742546
test-73390,0.016565539298519266
test-73391,0.017817275437869307
test-73392,0.030150044006854733
test-73393,0.033643650093357694
test-73394,0.1700169313008829
test-73395,0.19596837837040212
test-73396,0.13703646196250316
test-73397,0.0526892374520386
test-73398,0.03720813330560038
test-73399,0.2134655530278354
test-734,0.07091423768623535
test-7340,0.10135147787955867
test-73400,0.11462746771338529
test-73401,0.1455687456536201
test-73402,0.03013172969105709
test-73403,0.0498934776253279
test-73404,0.02193355708194575
test-73405,0.028215527796812124
test-73406,0.013052606867362728
test-73407,0.00938374101063539
test-73408,0.2613588972643014
test-73409,0.0707119985986715
test-7341,0.018848275006123714
test-73410,0.1430328338440582
test-73411,0.015640102795615767
test-73412,0.11213031949628105
test-73413,0.08003083037374147
test-73414,0.2786844394192843
test-73415,0.009474926250822418
test-73416,0.11615261406827353
test-73417,0.01840991857217198
test-73418,0.01618599404099282
test-73419,0.010226863944705018
test-7342,0.016263642096814905
test-73420,0.019098298936567327
test-73421,0.14432252708605825
test-73422,0.0900173363125173
test-73423,0.02840835942662558
test-73424,0.01030779860788902
test-73425,0.018121930563261095
test-73426,0.010751275405386477
test-73427,0.1745123062678475
test-73428,0.026046520346287908
test-73429,0.01903767255552862
test-7343,0.16947565019472155
test-73430,0.09095363519959088
test-73431,0.04111855242385188
test-73432,0.007675016767968677
test-73433,0.05819604623059732
test-73434,0.09119538886473173
test-73435,0.22048162597547233
test-73436,0.02099848295963299
test-73437,0.0571906689797311
test-73438,0.08310296893351106
test-73439,0.256163099567202
test-7344,0.022872288571487008
test-73440,0.010899782027588258
test-73441,0.008362988671571824
test-73442,0.2141717834071982
test-73443,0.022594788475035845
test-73444,0.08284147755770266
test-73445,0.051390356168179614
test-73446,0.03066049258566402
test-73447,0.10138129913864007
test-73448,0.026750868414637065
test-73449,0.05300577485512337
test-7345,0.18418539639569032
test-73450,0.08308635683650029
test-73451,0.020422632471294666
test-73452,0.009965729279134094
test-73453,0.03271248164303256
test-73454,0.12954064052101308
test-73455,0.03546657684252972
test-73456,0.22747851223748852
test-73457,0.14362268851835597
test-73458,0.053258804958253816
test-73459,0.06108085344638038
test-7346,0.06139223831983848
test-73460,0.04484599821372293
test-73461,0.1125414126874154
test-73462,0.16597117478964818
test-73463,0.0836949472893613
test-73464,0.01832402128024886
test-73465,0.09787796055403811
test-73466,0.05832245163825859
test-73467,0.02073150699163673
test-73468,0.04371739997126556
test-73469,0.025803758993683548
test-7347,0.01089073365982982
test-73470,0.25559389283524714
test-73471,0.06425350256953168
test-73472,0.019296621928352575
test-73473,0.006828345726998625
test-73474,0.18424415635541094
test-73475,0.012962765446716897
test-73476,0.41187360452735294
test-73477,0.013447855503836693
test-73478,0.013279979974846177
test-73479,0.06613128233036399
test-7348,0.15867517469890713
test-73480,0.13398804890893506
test-73481,0.06390585972311909
test-73482,0.03261565675093858
test-73483,0.1689062546555527
test-73484,0.06959949061039235
test-73485,0.04201587544696237
test-73486,0.21208469942479366
test-73487,0.03991427570930743
test-73488,0.07005492756173708
test-73489,0.19197821723447037
test-7349,0.1228608380380306
test-73490,0.022970059336784622
test-73491,0.03179727244647497
test-73492,0.00859919977190791
test-73493,0.038259189530551595
test-73494,0.01637697474636509
test-73495,0.03559594434399741
test-73496,0.2093443294142957
test-73497,0.134813771962098
test-73498,0.12756464018589395
test-73499,0.07995118387683771
test-735,0.016755891914059736
test-7350,0.03271248164303256
test-73500,0.01568866351541139
test-73501,0.013935947065205168
test-73502,0.04113761950355362
test-73503,0.227715380791169
test-73504,0.07189439199483197
test-73505,0.08196973207204497
test-73506,0.09456466912495104
test-73507,0.3186553959309747
test-73508,0.08719755038109307
test-73509,0.05792582310465612
test-7351,0.1913670222751297
test-73510,0.061577899304617906
test-73511,0.09582146993408143
test-73512,0.18951631437423627
test-73513,0.03025589831458684
test-73514,0.25496839607771393
test-73515,0.02139702294584386
test-73516,0.05947480880648692
test-73517,0.016020232182825667
test-73518,0.14898458391445935
test-73519,0.08352488056970281
test-7352,0.1368321145500669
test-73520,0.10022332301988479
test-73521,0.06168038477578535
test-73522,0.011987639269806623
test-73523,0.029758871167528927
test-73524,0.0744759739511813
test-73525,0.07714289983813125
test-73526,0.0664055106902921
test-73527,0.015332462995548407
test-73528,0.0984141183909649
test-73529,0.05952476932288834
test-7353,0.1259274575336012
test-73530,0.035762680574615124
test-73531,0.03902474160786257
test-73532,0.022572472956270264
test-73533,0.016199566806012238
test-73534,0.06255520177089899
test-73535,0.036618034845431816
test-73536,0.2502746341160058
test-73537,0.0863617211364239
test-73538,0.01994089409229141
test-73539,0.0073865844117392086
test-7354,0.05822337257454268
test-73540,0.01765835647858121
test-73541,0.03957797408190487
test-73542,0.011417525387677303
test-73543,0.05351903236258696
test-73544,0.17820205542073778
test-73545,0.06298788318551998
test-73546,0.17643173745286547
test-73547,0.05703792126851612
test-73548,0.01711529375152253
test-73549,0.022944535181318705
test-7355,0.016104377097931583
test-73550,0.06613128233036399
test-73551,0.09394507126896243
test-73552,0.013734062117826313
test-73553,0.015216333546035236
test-73554,0.08202511762489778
test-73555,0.1518620107270609
test-73556,0.006721193337004338
test-73557,0.016861206490338006
test-73558,0.11591808860218608
test-73559,0.17575745799321818
test-7356,0.13726071573070886
test-73560,0.14160658903844786
test-73561,0.007963265239183007
test-73562,0.023817454296578267
test-73563,0.16149999710556184
test-73564,0.043943359024172554
test-73565,0.12832044645513305
test-73566,0.01914087891562523
test-73567,0.01990542528223396
test-73568,0.10011133681271744
test-73569,0.03286716334690705
test-7357,0.18533992304685187
test-73570,0.05420122089963838
test-73571,0.02502595789513723
test-73572,0.30595890306174833
test-73573,0.0700281098378025
test-73574,0.00930708596425079
test-73575,0.17253319512476403
test-73576,0.01902278449430795
test-73577,0.035447817309546756
test-73578,0.24218498202613628
test-73579,0.183903528387833
test-7358,0.07782858271232067
test-73580,0.09809654162814607
test-73581,0.1263572863586645
test-73582,0.1785450993561505
test-73583,0.010602814503490808
test-73584,0.0493931147911267
test-73585,0.07811676261523251
test-73586,0.047502964104643344
test-73587,0.05904791914381429
test-73588,0.012256559785211393
test-73589,0.018885788407456097
test-7359,0.13040882509654156
test-73590,0.11996752332711098
test-73591,0.15876221022711104
test-73592,0.028227181196959057
test-73593,0.028763644767930852
test-73594,0.1251636510011609
test-73595,0.012014805787949246
test-73596,0.01544115794313251
test-73597,0.014341347554370342
test-73598,0.094738677863916
test-73599,0.17063290765019534
test-736,0.0982396378034581
test-7360,0.012171539301151973
test-73600,0.0617242095769193
test-73601,0.10834974478747476
test-73602,0.02978473831231077
test-73603,0.0480452848816795
test-73604,0.02888467507964369
test-73605,0.05346372646567619
test-73606,0.008410374013835462
test-73607,0.009672986816219831
test-73608,0.31323090516395474
test-73609,0.014768949852933536
test-7361,0.150184366749941
test-73610,0.13984247057107216
test-73611,0.13573403407259887
test-73612,0.010792309895153169
test-73613,0.09787796055403811
test-73614,0.01385355268721625
test-73615,0.015516916219973555
test-73616,0.022709669503999576
test-73617,0.009452960506448243
test-73618,0.010486707740330734
test-73619,0.0147620587286369
test-7362,0.0707119985986715
test-73620,0.16282046133030717
test-73621,0.1228950513715725
test-73622,0.025017815314056936
test-73623,0.0754185305660285
test-73624,0.038528930041669254
test-73625,0.03993634920870581
test-73626,0.02369014576729333
test-73627,0.01305301177637795
test-73628,0.1753709949519638
test-73629,0.12979175428761722
test-7363,0.16447301295126002
test-73630,0.01838943608475835
test-73631,0.028703508075175424
test-73632,0.015589037805713291
test-73633,0.11783072029055641
test-73634,0.015229256364803543
test-73635,0.09506188846557258
test-73636,0.197286025661373
test-73637,0.01994225397537465
test-73638,0.025227416276615133
test-73639,0.03268804491307438
test-7364,0.04644004840422684
test-73640,0.11380214528790276
test-73641,0.0108918568183546
test-73642,0.24869630636498638
test-73643,0.01397675103601954
test-73644,0.034078419927233365
test-73645,0.0846182167635542
test-73646,0.10030341726035687
test-73647,0.28227086412034025
test-73648,0.025331660565195015
test-73649,0.11388680217833168
test-7365,0.11814956178383151
test-73650,0.027272103159710435
test-73651,0.026993643671085272
test-73652,0.006526600235973591
test-73653,0.18354873398287364
test-73654,0.010078712906788054
test-73655,0.029082864055473483
test-73656,0.009728957420815075
test-73657,0.01697940718150381
test-73658,0.1967235276391597
test-73659,0.011358115407063602
test-7366,0.09342451746760445
test-73660,0.0539814140421942
test-73661,0.2398654853265534
test-73662,0.08003083037374147
test-73663,0.17799901627050013
test-73664,0.12954064052101308
test-73665,0.008891959846139927
test-73666,0.02216953622049355
test-73667,0.09787796055403811
test-73668,0.1625062891794493
test-73669,0.21289216303703698
test-7367,0.04036228035813401
test-73670,0.1455058434819383
test-73671,0.09787796055403811
test-73672,0.06687591078501293
test-73673,0.3252393729728295
test-73674,0.03261567363044726
test-73675,0.19588342813092618
test-73676,0.0645274049968738
test-73677,0.11879974562905984
test-73678,0.1396224804948262
test-73679,0.037486638302877136
test-7368,0.07570544771894107
test-73680,0.012142753821896954
test-73681,0.011682585824656961
test-73682,0.016378536108696072
test-73683,0.22318839352362804
test-73684,0.03149830529364878
test-73685,0.017146960711669657
test-73686,0.16628828278868266
test-73687,0.24648106954067692
test-73688,0.04252105837468247
test-73689,0.1398817640174991
test-7369,0.019110664686432157
test-73690,0.04756862997519718
test-73691,0.01305088809141685
test-73692,0.013844239731460933
test-73693,0.008164606270353371
test-73694,0.009899625854240007
test-73695,0.20993631379231603
test-73696,0.0282569362081705
test-73697,0.06803412447426488
test-73698,0.02530129709224943
test-73699,0.03534129172596895
test-737,0.010718529936196073
test-7370,0.006766001987957115
test-73700,0.1605193902907041
test-73701,0.03254090064705951
test-73702,0.01107158856217373
test-73703,0.03176646523167033
test-73704,0.016717911750627572
test-73705,0.02277809148248065
test-73706,0.05028045037856996
test-73707,0.020733859326751133
test-73708,0.05592315857781964
test-73709,0.07718203775955695
test-7371,0.03560072327072616
test-73710,0.0987354892881699
test-73711,0.034462792400414846
test-73712,0.011661747430504594
test-73713,0.036592687707977335
test-73714,0.0750088120876377
test-73715,0.03308451982233266
test-73716,0.08788120190007584
test-73717,0.30391517775797633
test-73718,0.0526892374520386
test-73719,0.12614711902775436
test-7372,0.1543693773528168
test-73720,0.041907079210688085
test-73721,0.2870051542861202
test-73722,0.039655039531357725
test-73723,0.05849740324817666
test-73724,0.020094110329857452
test-73725,0.07109245142929628
test-73726,0.11248411593827795
test-73727,0.09600180146574695
test-73728,0.16522858149548528
test-73729,0.024039659086970963
test-7373,0.00917355833135401
test-73730,0.016719894795620145
test-73731,0.023355459782455526
test-73732,0.08074758436185257
test-73733,0.01812865595066477
test-73734,0.018165953781475567
test-73735,0.26807081831171153
test-73736,0.06960818370233879
test-73737,0.16126341433149022
test-73738,0.021158894719967205
test-73739,0.09925747704837627
test-7374,0.022249634523199228
test-73740,0.06464836648584166
test-73741,0.02866540455552204
test-73742,0.00994821295615056
test-73743,0.022081711018956937
test-73744,0.0193338389944201
test-73745,0.22862492777119403
test-73746,0.061577899304617906
test-73747,0.007470126598992536
test-73748,0.2596273019790463
test-73749,0.00808505293102359
test-7375,0.02600476336791745
test-73750,0.16868221407062378
test-73751,0.009843998442194378
test-73752,0.010180655456806742
test-73753,0.12143263438525861
test-73754,0.010739964788001015
test-73755,0.26440212776846983
test-73756,0.08169898004586887
test-73757,0.011089480684721351
test-73758,0.0426907609399689
test-73759,0.026372372374516787
test-7376,0.061577899304617906
test-73760,0.07742767884236121
test-73761,0.013399650926368592
test-73762,0.2443784585845578
test-73763,0.012149186472890802
test-73764,0.08113315376560373
test-73765,0.0836160361599026
test-73766,0.021538913326986056
test-73767,0.291208402023684
test-73768,0.03957797408190487
test-73769,0.20470991988795806
test-7377,0.18790547389809562
test-73770,0.1313395705021038
test-73771,0.0143632518024536
test-73772,0.055943795348914124
test-73773,0.05003697088968722
test-73774,0.02621821714390598
test-73775,0.02915974866157139
test-73776,0.013259225004508093
test-73777,0.010818295645481507
test-73778,0.39723969245068397
test-73779,0.027811799221214198
test-7378,0.013915972381812289
test-73780,0.15965449062459794
test-73781,0.15465130926971546
test-73782,0.13657511508093725
test-73783,0.1618119012046858
test-73784,0.012537030369672119
test-73785,0.01674659840615275
test-73786,0.20783237503161947
test-73787,0.036423949971104715
test-73788,0.33237016745917264
test-73789,0.024577672973274425
test-7379,0.12402770708736895
test-73790,0.024713973150076465
test-73791,0.1412198510546572
test-73792,0.09229181257440756
test-73793,0.18059838646731888
test-73794,0.2754241825800075
test-73795,0.15420253252192598
test-73796,0.019522073501296977
test-73797,0.012641659958091567
test-73798,0.022658776873988082
test-73799,0.04000062982217474
test-738,0.07799433853261355
test-7380,0.06572061477710492
test-73800,0.2622984374899194
test-73801,0.012941168884463564
test-73802,0.20243653597885763
test-73803,0.13959988088277453
test-73804,0.026196168168984995
test-73805,0.13513861898426763
test-73806,0.09985649801372733
test-73807,0.018073425355886852
test-73808,0.023137183198611345
test-73809,0.06293074482304485
test-7381,0.13844485831116107
test-73810,0.15071261327754834
test-73811,0.008445859950496706
test-73812,0.1936686435507226
test-73813,0.011899956690595324
test-73814,0.01353143690015689
test-73815,0.03708164644775674
test-73816,0.020779770840256694
test-73817,0.018147888616435823
test-73818,0.0204958687566281
test-73819,0.04729981580785968
test-7382,0.1412533873807922
test-73820,0.02251697903593117
test-73821,0.02084023173792354
test-73822,0.022481258651351962
test-73823,0.028331454626086463
test-73824,0.23359151487224777
test-73825,0.21869923664774357
test-73826,0.05212157166760156
test-73827,0.0687732139720173
test-73828,0.010133036027443731
test-73829,0.03563965779772
test-7383,0.11867326273059002
test-73830,0.014841023923229668
test-73831,0.015962446115493256
test-73832,0.057928507129993645
test-73833,0.011043429187046679
test-73834,0.06521653204409428
test-73835,0.10005663702607068
test-73836,0.03236646633146091
test-73837,0.00766476025134011
test-73838,0.01579236409131983
test-73839,0.1293619081164653
test-7384,0.0191843993636242
test-73840,0.007178349825840459
test-73841,0.2590918800463008
test-73842,0.25754665304063634
test-73843,0.017311666676444314
test-73844,0.04521729515730061
test-73845,0.22609713005557253
test-73846,0.035822226961397356
test-73847,0.01631003740437248
test-73848,0.020490556134965643
test-73849,0.024297223432012446
test-7385,0.023969131216615428
test-73850,0.09038785569630477
test-73851,0.018487811456801444
test-73852,0.007163494864955853
test-73853,0.3160112696601699
test-73854,0.02967287344679053
test-73855,0.029052517059948164
test-73856,0.02759616818889186
test-73857,0.009565263556395155
test-73858,0.23785414048817588
test-73859,0.017624475776664306
test-7386,0.14369326405350588
test-73860,0.09084847819280019
test-73861,0.24029040682939007
test-73862,0.017950457537289157
test-73863,0.030826272750601163
test-73864,0.31464514086152884
test-73865,0.1061111390709294
test-73866,0.06171008779755859
test-73867,0.028118987151031123
test-73868,0.0222911040940471
test-73869,0.31579716982977024
test-7387,0.015081723563173562
test-73870,0.06069970263858687
test-73871,0.1794874155372646
test-73872,0.031639775057761825
test-73873,0.022278862997029338
test-73874,0.028750682985127226
test-73875,0.04850125176038477
test-73876,0.08716956973911896
test-73877,0.10804479907140473
test-73878,0.022748332946238063
test-73879,0.09787796055403811
test-7388,0.06195277713862313
test-73880,0.013978612488038987
test-73881,0.047597161989401435
test-73882,0.09291941967450222
test-73883,0.008343592628497045
test-73884,0.010876833536937738
test-73885,0.023249275661027916
test-73886,0.018051890454707963
test-73887,0.037834696295149774
test-73888,0.15984925797522326
test-73889,0.11028807378232115
test-7389,0.015058196778963922
test-73890,0.04295216341537556
test-73891,0.28105724323653636
test-73892,0.021042058785937758
test-73893,0.04118334829822658
test-73894,0.1416093769750973
test-73895,0.16683918853361135
test-73896,0.031548442361078045
test-73897,0.09577148861252165
test-73898,0.04060974302084829
test-73899,0.11598504236098585
test-739,0.008524593567381783
test-7390,0.020666448429366133
test-73900,0.023338615795596235
test-73901,0.006948241049126179
test-73902,0.3908051025256211
test-73903,0.30358590244770195
test-73904,0.06107244868006746
test-73905,0.04252105837468247
test-73906,0.06390585972311909
test-73907,0.03144210994644952
test-73908,0.028702983811376318
test-73909,0.03291794936520425
test-7391,0.02482588245136479
test-73910,0.08086385461013587
test-73911,0.028046275295633333
test-73912,0.17909856925714268
test-73913,0.1935130425314775
test-73914,0.28665534663978065
test-73915,0.013270211418971034
test-73916,0.05561804553509615
test-73917,0.08788120190007584
test-73918,0.01878078415191382
test-73919,0.08571004759255337
test-7392,0.01906077579979618
test-73920,0.0787718604191346
test-73921,0.02712610431248483
test-73922,0.028422684100626427
test-73923,0.009614248236682535
test-73924,0.01618119894584407
test-73925,0.02498822030183631
test-73926,0.05165582441215035
test-73927,0.04389557378821641
test-73928,0.09787796055403811
test-73929,0.019229510181679538
test-7393,0.09888006693357489
test-73930,0.014915801694642584
test-73931,0.08003083037374147
test-73932,0.15479775646805152
test-73933,0.013877348050441492
test-73934,0.17511970770798727
test-73935,0.04573424971880087
test-73936,0.2286562147141256
test-73937,0.07815898105110967
test-73938,0.020708223182053065
test-73939,0.012928683796208418
test-7394,0.08741665614321639
test-73940,0.013384606223808826
test-73941,0.25031827559602327
test-73942,0.015361579882942789
test-73943,0.31939396202793396
test-73944,0.06861398423899477
test-73945,0.02215907197886809
test-73946,0.08003083037374147
test-73947,0.027751276798539237
test-73948,0.08569074977020548
test-73949,0.07896917855603469
test-7395,0.11952808301277727
test-73950,0.013273785744913134
test-73951,0.033804311560320315
test-73952,0.09528380793254176
test-73953,0.035663153865109744
test-73954,0.0846182167635542
test-73955,0.02742464110656908
test-73956,0.12128796957379682
test-73957,0.09476747989305553
test-73958,0.25788273733967376
test-73959,0.019098298936567327
test-7396,0.008762052996165988
test-73960,0.09787796055403811
test-73961,0.0387069255150715
test-73962,0.12756464018589395
test-73963,0.01129664268462388
test-73964,0.02767340325724991
test-73965,0.061577899304617906
test-73966,0.6965505550818447
test-73967,0.08305263672388004
test-73968,0.02565889235108642
test-73969,0.24796409050770465
test-7397,0.15334581223848576
test-73970,0.018724336817284252
test-73971,0.044349452135000904
test-73972,0.2003280543196684
test-73973,0.034269109464174954
test-73974,0.027183810163869476
test-73975,0.19865715915292675
test-73976,0.05339307069340168
test-73977,0.011068253337298715
test-73978,0.05793166475849079
test-73979,0.04201514277993099
test-7398,0.01295014850159457
test-73980,0.11673130206046275
test-73981,0.07516696180496744
test-73982,0.1132233077164588
test-73983,0.016723314006739362
test-73984,0.029265978275153245
test-73985,0.03436348414032107
test-73986,0.009818900575629352
test-73987,0.01851295066874892
test-73988,0.06613128233036399
test-73989,0.08047338191401507
test-7399,0.028430752427007884
test-73990,0.007153714052518723
test-73991,0.024480933435697353
test-73992,0.16728530422856422
test-73993,0.06769227346933265
test-73994,0.2704221918528718
test-73995,0.013279097376171002
test-73996,0.2097282955517113
test-73997,0.04019935806004712
test-73998,0.015134748235511288
test-73999,0.009667538587106055
test-74,0.07140209378246647
test-740,0.08725714365503714
test-7400,0.07302388130187698
test-74000,0.01611090822269229
test-74001,0.12476946225852287
test-74002,0.048926050531109946
test-74003,0.02695036692577566
test-74004,0.322169039442964
test-74005,0.10812230317096443
test-74006,0.16486567487279985
test-74007,0.010971899066441589
test-74008,0.014052728228875912
test-74009,0.03350441555530973
test-7401,0.31380257983712506
test-74010,0.017487385893270115
test-74011,0.18957638885286035
test-74012,0.31052971980405236
test-74013,0.06950681960212715
test-74014,0.05339307069340168
test-74015,0.1285727876993293
test-74016,0.01862419094042249
test-74017,0.34512341824461457
test-74018,0.02305689710678191
test-74019,0.049917570835557805
test-7402,0.1869345691267907
test-74020,0.06875557805741331
test-74021,0.022107032481351752
test-74022,0.0707119985986715
test-74023,0.04055688605540484
test-74024,0.015909203328754278
test-74025,0.03774479075312691
test-74026,0.07201070403652556
test-74027,0.04843774108559451
test-74028,0.026223785775408463
test-74029,0.3286054660364636
test-7403,0.17631928182356402
test-74030,0.05886180229460537
test-74031,0.021033295686117254
test-74032,0.013667182687358408
test-74033,0.07300415700059695
test-74034,0.3562028609291261
test-74035,0.014457606069689025
test-74036,0.08149942072784412
test-74037,0.02167205702449042
test-74038,0.014223207227030693
test-74039,0.08784433504571675
test-7404,0.013242845115580467
test-74040,0.032961469686268216
test-74041,0.03661444934987964
test-74042,0.025377890692986117
test-74043,0.006131397262813206
test-74044,0.043890034135558344
test-74045,0.005361981251495694
test-74046,0.03908761153701232
test-74047,0.014144089009978073
test-74048,0.2366292927189244
test-74049,0.01467489084437617
test-7405,0.06425737981757369
test-74050,0.1026358097223315
test-74051,0.1684884044853316
test-74052,0.0669392073111586
test-74053,0.023935638821161148
test-74054,0.33046030092964945
test-74055,0.06826968607870826
test-74056,0.07604833272391934
test-74057,0.0846182167635542
test-74058,0.027462601041612196
test-74059,0.011625413022970887
test-7406,0.12765965782372932
test-74060,0.032066497236641116
test-74061,0.1543693773528168
test-74062,0.058638941426790415
test-74063,0.03093409737851573
test-74064,0.08181116950240602
test-74065,0.3680211270238531
test-74066,0.05339307069340168
test-74067,0.08775903991737881
test-74068,0.2286317110534662
test-74069,0.4162538048477329
test-7407,0.024123790230034657
test-74070,0.01175739609019632
test-74071,0.04371739997126556
test-74072,0.1480611101137721
test-74073,0.029778034879541795
test-74074,0.06967968624235067
test-74075,0.012246164900448272
test-74076,0.03400695552650417
test-74077,0.00880067725196279
test-74078,0.22205931310068508
test-74079,0.008277617857186463
test-7408,0.05829391290569008
test-74080,0.022901667464646308
test-74081,0.009103487330084748
test-74082,0.149426832413306
test-74083,0.016027188115206547
test-74084,0.044504537216537375
test-74085,0.01658829528924223
test-74086,0.008265883152448417
test-74087,0.11099901286415334
test-74088,0.007598244232064515
test-74089,0.1374522144843773
test-7409,0.14910577811957132
test-74090,0.01693169582741405
test-74091,0.011250750078650406
test-74092,0.01569954802810854
test-74093,0.1535941437893289
test-74094,0.08676426786931425
test-74095,0.14162912326093963
test-74096,0.020051180034582235
test-74097,0.18714853768676543
test-74098,0.21691907975590707
test-74099,0.09650639431686493
test-741,0.029929044446866847
test-7410,0.2823816011605115
test-74100,0.017117212431209738
test-74101,0.06439957319287853
test-74102,0.12577841665498554
test-74103,0.02092590380620128
test-74104,0.03149446232170431
test-74105,0.007226711154502229
test-74106,0.026099232549155162
test-74107,0.14080926978117908
test-74108,0.014159788570130342
test-74109,0.007086077829218691
test-7411,0.01394403018261402
test-74110,0.13883609894504348
test-74111,0.1862882727114652
test-74112,0.16403759043740915
test-74113,0.022866670692999476
test-74114,0.1691215935014219
test-74115,0.16067702410141443
test-74116,0.22557339212051458
test-74117,0.008682151816414338
test-74118,0.09110368845145272
test-74119,0.019149107725523692
test-7412,0.03694535072894019
test-74120,0.026817914417547037
test-74121,0.06777549024930439
test-74122,0.12003428623085241
test-74123,0.09528380793254176
test-74124,0.018621955729355318
test-74125,0.01306796206580735
test-74126,0.29055257447563226
test-74127,0.019828277784809414
test-74128,0.1930708222420259
test-74129,0.022465556645714983
test-7413,0.008495322834431874
test-74130,0.33605751195913636
test-74131,0.05821238769668862
test-74132,0.16808956340615286
test-74133,0.017219303274313435
test-74134,0.08563977373864104
test-74135,0.007321372402212029
test-74136,0.03957797408190487
test-74137,0.16880906771062396
test-74138,0.0321583231001496
test-74139,0.1818677196475298
test-7414,0.15345768315788177
test-74140,0.11052236568165877
test-74141,0.029104887874550442
test-74142,0.1393432473512681
test-74143,0.021787916277019818
test-74144,0.13844485831116107
test-74145,0.015229256364803543
test-74146,0.18118072839894608
test-74147,0.012695916462681877
test-74148,0.1426187660845092
test-74149,0.05896127320056248
test-7415,0.030690429230251847
test-74150,0.14980457735209346
test-74151,0.015094813761423267
test-74152,0.1314195162255005
test-74153,0.03124835668964101
test-74154,0.04268477163421759
test-74155,0.07851896097445257
test-74156,0.0608513956741091
test-74157,0.12416337015466576
test-74158,0.01637697474636509
test-74159,0.2445596074661897
test-7416,0.02460803859509552
test-74160,0.13919012465966588
test-74161,0.058272506691528
test-74162,0.027359722491477834
test-74163,0.2037897018679963
test-74164,0.2560443391299016
test-74165,0.06224273117090995
test-74166,0.10059464856928356
test-74167,0.12846456254910532
test-74168,0.056025284313765425
test-74169,0.13437062301341518
test-7417,0.09867744533002516
test-74170,0.008384714027481727
test-74171,0.2724252661967489
test-74172,0.01556502832255622
test-74173,0.06842025268002289
test-74174,0.15376463971367402
test-74175,0.08155890130178729
test-74176,0.03025589831458684
test-74177,0.010727555319807307
test-74178,0.02234275034379228
test-74179,0.11125176012441942
test-7418,0.0669392073111586
test-74180,0.01322572483569145
test-74181,0.013902724983670194
test-74182,0.14607565985614943
test-74183,0.04757119622340907
test-74184,0.2638107584905872
test-74185,0.011374594655167198
test-74186,0.06921833144662524
test-74187,0.009627550673494932
test-74188,0.1313395705021038
test-74189,0.013136300185699284
test-7419,0.008028265009533813
test-74190,0.028563955336359123
test-74191,0.014903442486371961
test-74192,0.05015468531813707
test-74193,0.09787796055403811
test-74194,0.02750717896942014
test-74195,0.05090119129674069
test-74196,0.013439106222121036
test-74197,0.011608261922273273
test-74198,0.0365466650843882
test-74199,0.29145032489960415
test-742,0.057060082649969444
test-7420,0.3384811242700638
test-74200,0.026210022869980636
test-74201,0.09299334550036202
test-74202,0.1443873494770466
test-74203,0.03891009650022319
test-74204,0.027818532471419914
test-74205,0.03975802090400712
test-74206,0.0282569362081705
test-74207,0.01165436269135033
test-74208,0.11914797119508208
test-74209,0.04187267526936486
test-7421,0.13405295192527533
test-74210,0.04484655807783803
test-74211,0.08436415797056741
test-74212,0.02282658742028942
test-74213,0.023844437161346488
test-74214,0.14972241428537483
test-74215,0.11728635045118364
test-74216,0.022105670399893536
test-74217,0.09012033601762509
test-74218,0.10135147787955867
test-74219,0.18233041260119667
test-7422,0.043447753026877894
test-74220,0.07995118387683771
test-74221,0.04197568873560436
test-74222,0.053291607040993824
test-74223,0.12669521753714805
test-74224,0.02691696143433025
test-74225,0.01137687309766829
test-74226,0.017281125932193848
test-74227,0.07179095858893064
test-74228,0.0669392073111586
test-74229,0.0955239265984581
test-7423,0.14041940296572375
test-74230,0.010426393571159088
test-74231,0.009852807965425068
test-74232,0.022331915793703996
test-74233,0.032138107367128736
test-74234,0.18526838108487412
test-74235,0.10149270219712843
test-74236,0.017498448545201203
test-74237,0.20368655124824386
test-74238,0.30658367179541124
test-74239,0.02134259023218071
test-7424,0.009538998399251233
test-74240,0.029423720930214368
test-74241,0.02974990562350423
test-74242,0.032285215908022157
test-74243,0.10115140949880579
test-74244,0.013342616514701255
test-74245,0.06449972261026428
test-74246,0.020832697470232402
test-74247,0.21797852804969842
test-74248,0.035622190852144055
test-74249,0.055812236990508336
test-7425,0.008170820037876876
test-74250,0.08840628890645603
test-74251,0.02200462339135053
test-74252,0.22199541641438014
test-74253,0.017673099870171106
test-74254,0.045256574310472024
test-74255,0.18015293336437355
test-74256,0.08110413393213176
test-74257,0.1206275552531936
test-74258,0.012797768152158998
test-74259,0.032511310939308126
test-7426,0.1209705637769073
test-74260,0.009053579039885594
test-74261,0.05608158517709311
test-74262,0.19183854124938504
test-74263,0.21118975141272855
test-74264,0.020562933702311416
test-74265,0.019064380890526547
test-74266,0.06540673883129892
test-74267,0.018608247758017667
test-74268,0.025385624056862652
test-74269,0.024533043768934656
test-7427,0.25754665304063634
test-74270,0.18174653323184012
test-74271,0.0415006174472837
test-74272,0.027042813007986725
test-74273,0.008546319148679041
test-74274,0.017427074800427562
test-74275,0.13246124855422084
test-74276,0.054258805716415066
test-74277,0.10990624865966986
test-74278,0.12816011626726773
test-74279,0.13648144673667548
test-7428,0.01591899403759805
test-74280,0.01666867897105768
test-74281,0.12460507488050093
test-74282,0.008179342340525954
test-74283,0.0187032963364324
test-74284,0.007863580652676984
test-74285,0.026615061682894514
test-74286,0.036299600407673445
test-74287,0.02022391818507433
test-74288,0.020875415448439835
test-74289,0.07736953252942919
test-7429,0.07040314201649288
test-74290,0.038076586935419675
test-74291,0.011879513174685758
test-74292,0.3573158155548834
test-74293,0.0223270252695883
test-74294,0.33635535843854614
test-74295,0.19220940850480375
test-74296,0.13647357817860548
test-74297,0.00859486285138854
test-74298,0.06854003270366901
test-74299,0.04290887998384504
test-743,0.06033906355133095
test-7430,0.09697256493189678
test-74300,0.006219090003841039
test-74301,0.022713802007437587
test-74302,0.039156825969947635
test-74303,0.009468634517872637
test-74304,0.010494911518985826
test-74305,0.15828315399417112
test-74306,0.07109245142929628
test-74307,0.01643116959889462
test-74308,0.010877009432885531
test-74309,0.017417266485927885
test-7431,0.03578332687584951
test-74310,0.11223613043163502
test-74311,0.034188572509302455
test-74312,0.1053329583721413
test-74313,0.051588166496317416
test-74314,0.04963257105655747
test-74315,0.14910042259153042
test-74316,0.0744759739511813
test-74317,0.015846862416390283
test-74318,0.05405109232111398
test-74319,0.010416541865143767
test-7432,0.0669392073111586
test-74320,0.021264799040577712
test-74321,0.013558388794718528
test-74322,0.0218922571206724
test-74323,0.1596981624189633
test-74324,0.057452762347339585
test-74325,0.021720790070753282
test-74326,0.11041277772852744
test-74327,0.11152039158444821
test-74328,0.090744512541056
test-74329,0.3417224988323865
test-7433,0.04414118183315368
test-74330,0.08027818249115008
test-74331,0.011697462501029963
test-74332,0.2382346467279987
test-74333,0.21810574262967858
test-74334,0.07251607738382249
test-74335,0.25648658704184035
test-74336,0.009735095842732671
test-74337,0.18147492549862465
test-74338,0.36935351429623403
test-74339,0.007124388211309954
test-7434,0.05015468531813707
test-74340,0.040695030576269844
test-74341,0.007955484431143888
test-74342,0.01202280121569892
test-74343,0.02173281976241227
test-74344,0.029199409453179535
test-74345,0.10431140495003839
test-74346,0.09394507126896243
test-74347,0.04675645580516368
test-74348,0.061577899304617906
test-74349,0.022107442852704103
test-7435,0.09787796055403811
test-74350,0.05757098851096498
test-74351,0.13888644184101961
test-74352,0.015812023303161275
test-74353,0.045011026019405494
test-74354,0.020345844541765953
test-74355,0.008437990940666508
test-74356,0.2870948932465192
test-74357,0.08013992888105673
test-74358,0.13075574408919155
test-74359,0.2419210133476263
test-7436,0.029254601910633577
test-74360,0.021335444804771817
test-74361,0.01100730465795952
test-74362,0.0669392073111586
test-74363,0.04392249115483065
test-74364,0.13306867425513277
test-74365,0.04252105837468247
test-74366,0.025367774862272943
test-74367,0.09290650752295515
test-74368,0.21424456961606936
test-74369,0.043581844010152054
test-7437,0.01607927106181071
test-74370,0.041994584683696344
test-74371,0.011989907646385939
test-74372,0.05063659978161695
test-74373,0.033946295663978485
test-74374,0.04206919560569845
test-74375,0.02181233856201943
test-74376,0.3915781221280137
test-74377,0.03670758527752131
test-74378,0.020432394594031414
test-74379,0.04788523524674217
test-7438,0.11356803172408701
test-74380,0.01397675103601954
test-74381,0.03970975388368523
test-74382,0.040036434232552064
test-74383,0.0442142007009321
test-74384,0.03559431518427349
test-74385,0.03403254564709647
test-74386,0.06807277471988875
test-74387,0.0248112187178022
test-74388,0.014572723371870834
test-74389,0.020454220315822898
test-7439,0.08110413393213176
test-74390,0.00630833185055406
test-74391,0.12912959452732514
test-74392,0.008149002485368602
test-74393,0.010663423301942157
test-74394,0.22671303146816113
test-74395,0.1572445708278795
test-74396,0.18946606502978738
test-74397,0.008133759535003369
test-74398,0.03821095380761934
test-74399,0.03447212315640743
test-744,0.1163430956597022
test-7440,0.1532456473275676
test-74400,0.015790098951678076
test-74401,0.14270035608106144
test-74402,0.016008100743313037
test-74403,0.01286883934022507
test-74404,0.040538825775433225
test-74405,0.17261752591391524
test-74406,0.042795859656951325
test-74407,0.05020882914782179
test-74408,0.025566445770974677
test-74409,0.019027674301522208
test-7441,0.033356433655678405
test-74410,0.03111211488878004
test-74411,0.07056603645977819
test-74412,0.24720212284230925
test-74413,0.061577899304617906
test-74414,0.02150868757990217
test-74415,0.12478318963757341
test-74416,0.02876013133765449
test-74417,0.015652236380238407
test-74418,0.1459080656489506
test-74419,0.2044799643817732
test-7442,0.05850319094739505
test-74420,0.06709878207500149
test-74421,0.41338463643058293
test-74422,0.1287179076709771
test-74423,0.020864844243398514
test-74424,0.1391719963640643
test-74425,0.1809481733380735
test-74426,0.02933363200589314
test-74427,0.12260790785075226
test-74428,0.0669392073111586
test-74429,0.1605323927161219
test-7443,0.05101741543416498
test-74430,0.31705417385614193
test-74431,0.021482892900457264
test-74432,0.0771776913114103
test-74433,0.015550532382576572
test-74434,0.03799603158302594
test-74435,0.2085572510058888
test-74436,0.02521947854973878
test-74437,0.020401125200326595
test-74438,0.05783856013652971
test-74439,0.40122400986845613
test-7444,0.17768357464865178
test-74440,0.0375120757789188
test-74441,0.03144740065125609
test-74442,0.00799703152987778
test-74443,0.1592048735525307
test-74444,0.3415050722278537
test-74445,0.042062939638243084
test-74446,0.07324343561030845
test-74447,0.023866410050668863
test-74448,0.25698727268766147
test-74449,0.26842950675279253
test-7445,0.2501321357504268
test-74450,0.039056486816039286
test-74451,0.2774073531051322
test-74452,0.029064859849740124
test-74453,0.31031435814079444
test-74454,0.06661221149243186
test-74455,0.04688163618239434
test-74456,0.09435854111353265
test-74457,0.04252105837468247
test-74458,0.022979185459617024
test-74459,0.03394517755049771
test-7446,0.1869213515024209
test-74460,0.04315587774234556
test-74461,0.13554342664504992
test-74462,0.019016407243113192
test-74463,0.01708795377307525
test-74464,0.016723314006739362
test-74465,0.07958009128105223
test-74466,0.020609649029874114
test-74467,0.2781283025719619
test-74468,0.11809853993822989
test-74469,0.015673378212842228
test-7447,0.07490473940217712
test-74470,0.012771643341010929
test-74471,0.03714988897915884
test-74472,0.01867672305592634
test-74473,0.023128001603562508
test-74474,0.05997031636792433
test-74475,0.16695447271917302
test-74476,0.14426437114286042
test-74477,0.014833920190307185
test-74478,0.08667552464164029
test-74479,0.02961936100554334
test-7448,0.008364115084248058
test-74480,0.014209634489479914
test-74481,0.03957622101847173
test-74482,0.28473215022840626
test-74483,0.09780684575186187
test-74484,0.031240948252530622
test-74485,0.019456012640364916
test-74486,0.022218808472072714
test-74487,0.027873052041562037
test-74488,0.03864924011249647
test-74489,0.02778896755938118
test-7449,0.23069447594610243
test-74490,0.10170370074257443
test-74491,0.07806653768100628
test-74492,0.018557975471945383
test-74493,0.009965729279134094
test-74494,0.2870572177328616
test-74495,0.356926854137385
test-74496,0.2610781652562501
test-74497,0.18354347808136262
test-74498,0.1884474623246505
test-74499,0.026122375301649823
test-745,0.18660189956757597
test-7450,0.061386417835047544
test-74500,0.09956206286697224
test-74501,0.08518124558052949
test-74502,0.06769227346933265
test-74503,0.14977284303977403
test-74504,0.1322928442609771
test-74505,0.01353273618253435
test-74506,0.008405567865111742
test-74507,0.019096609593113822
test-74508,0.21904500956018666
test-74509,0.048554644196368305
test-7451,0.01323092243349767
test-74510,0.021986453201386237
test-74511,0.03561051937977803
test-74512,0.00541559394822784
test-74513,0.023698876622489005
test-74514,0.16739434703995867
test-74515,0.07995118387683771
test-74516,0.014037000760616956
test-74517,0.03034031832074247
test-74518,0.05685284067808788
test-74519,0.017137096672557067
test-7452,0.31663762959490804
test-74520,0.06059693223317775
test-74521,0.20823258385904492
test-74522,0.02809243811383521
test-74523,0.041891983122165646
test-74524,0.17750672361553643
test-74525,0.017247066465774577
test-74526,0.11690782927104641
test-74527,0.036745913729618836
test-74528,0.2971715586271711
test-74529,0.3072298350014495
test-7453,0.25054460116396354
test-74530,0.2430696191828629
test-74531,0.108009507010377
test-74532,0.03957797408190487
test-74533,0.05069458861557902
test-74534,0.14987055605578686
test-74535,0.05339307069340168
test-74536,0.0687732139720173
test-74537,0.016499616072314788
test-74538,0.043163192989366016
test-74539,0.017759253593057432
test-7454,0.11804229421595193
test-74540,0.09697256493189678
test-74541,0.027449979538497538
test-74542,0.008494627293402982
test-74543,0.27586314456157235
test-74544,0.11543498080582862
test-74545,0.08219192647824698
test-74546,0.05778318752430317
test-74547,0.009250851147569386
test-74548,0.029283758555308455
test-74549,0.007584436206056614
test-7455,0.031603532068793634
test-74550,0.020154235589092826
test-74551,0.010290991261475911
test-74552,0.18289000293961402
test-74553,0.13524787146096826
test-74554,0.059924622691477726
test-74555,0.10579888119914062
test-74556,0.06463034622092476
test-74557,0.17903802988922818
test-74558,0.16881924513015853
test-74559,0.01121178723692446
test-7456,0.209438291550068
test-74560,0.039481849455091214
test-74561,0.22147259109356918
test-74562,0.30311173782463047
test-74563,0.13115387143955967
test-74564,0.01269493950945714
test-74565,0.0523638604553928
test-74566,0.24200884001436548
test-74567,0.02517167588629617
test-74568,0.18523592354610707
test-74569,0.17645226684991447
test-7457,0.07765548192385864
test-74570,0.1722826054689195
test-74571,0.0053436285354378265
test-74572,0.23313636852596942
test-74573,0.12251174843220734
test-74574,0.1285399246328854
test-74575,0.03239571474772233
test-74576,0.040538147814358924
test-74577,0.031925963777716525
test-74578,0.007222056380181687
test-74579,0.22078431555164443
test-7458,0.07896917855603469
test-74580,0.0626342732539261
test-74581,0.008660096755612159
test-74582,0.026411235768316745
test-74583,0.03557372320093227
test-74584,0.033767770849542925
test-74585,0.08961992186140144
test-74586,0.03051425084132646
test-74587,0.018788947503476094
test-74588,0.04252105837468247
test-74589,0.01263221411230989
test-7459,0.22916377707847144
test-74590,0.14967501279347456
test-74591,0.03181777529152149
test-74592,0.15238069416546737
test-74593,0.015869951268326514
test-74594,0.15681591229649844
test-74595,0.1371086910593578
test-74596,0.011952134854547814
test-74597,0.016352764531807486
test-74598,0.039225301751943
test-74599,0.007798851652220594
test-746,0.025216422410053396
test-7460,0.035006152474948676
test-74600,0.07436765562332977
test-74601,0.07773069466177358
test-74602,0.12230933794386144
test-74603,0.13142415579623348
test-74604,0.05466987850341383
test-74605,0.16476995877188572
test-74606,0.028722941586194276
test-74607,0.2713099795359611
test-74608,0.01368423967137977
test-74609,0.07124476373718741
test-7461,0.02286025722172433
test-74610,0.060343017818102536
test-74611,0.34241647281641
test-74612,0.016326847628870572
test-74613,0.023949696595192242
test-74614,0.05339307069340168
test-74615,0.03808926221621729
test-74616,0.013486854505526079
test-74617,0.07287513663214307
test-74618,0.0168054555186444
test-74619,0.12692079426150163
test-7462,0.0346077786905115
test-74620,0.011414681842887263
test-74621,0.021695470359947823
test-74622,0.018210654806247645
test-74623,0.12621933585906506
test-74624,0.023462208022756247
test-74625,0.1878712792752655
test-74626,0.03165661502340295
test-74627,0.123817286149575
test-74628,0.1398388875173638
test-74629,0.01756843073542158
test-7463,0.06983136155849988
test-74630,0.13789967507468318
test-74631,0.04615027701828749
test-74632,0.02004682789518713
test-74633,0.015419462085572974
test-74634,0.00993388826552937
test-74635,0.01285716440396446
test-74636,0.012446259943009111
test-74637,0.059298275439240204
test-74638,0.1365159428485101
test-74639,0.07668937542924598
test-7464,0.2242491988314184
test-74640,0.046923678318199026
test-74641,0.10738241619915011
test-74642,0.016652321085956056
test-74643,0.01779000476566912
test-74644,0.21999416627882928
test-74645,0.013688484779037148
test-74646,0.04663068801553635
test-74647,0.13556887862213612
test-74648,0.09546255795162067
test-74649,0.019266145932857248
test-7465,0.023905618598071356
test-74650,0.035528120590909575
test-74651,0.011377741920354926
test-74652,0.11543498080582862
test-74653,0.15833422609659814
test-74654,0.0328779937642134
test-74655,0.014338062364542326
test-74656,0.019152087352178927
test-74657,0.036803139333922444
test-74658,0.01273934715982744
test-74659,0.3442842948350972
test-7466,0.021140967637008942
test-74660,0.30444534180965027
test-74661,0.10098069506471297
test-74662,0.226504450721427
test-74663,0.01816627850731096
test-74664,0.2710222279943311
test-74665,0.03941874907551302
test-74666,0.1541455515330767
test-74667,0.03317357571672344
test-74668,0.21807273971219512
test-74669,0.018699587821842556
test-7467,0.12454468710909775
test-74670,0.026970280039883353
test-74671,0.01334549203709419
test-74672,0.012408488380209732
test-74673,0.04063319435299683
test-74674,0.06105843634621243
test-74675,0.06514359521407752
test-74676,0.02498406543347223
test-74677,0.023758709141624448
test-74678,0.018795911158065684
test-74679,0.08465510444860046
test-7468,0.019832516403877183
test-74680,0.045433752550532946
test-74681,0.0854186465681554
test-74682,0.06879860020577158
test-74683,0.09557287969784344
test-74684,0.02390508205289624
test-74685,0.10772531275242547
test-74686,0.31639113532117935
test-74687,0.03170912372369171
test-74688,0.028457608377653102
test-74689,0.01627254169067881
test-7469,0.033767770849542925
test-74690,0.05158517450473693
test-74691,0.2587777698937989
test-74692,0.20503094237337155
test-74693,0.07742767884236121
test-74694,0.32641958553279166
test-74695,0.020330534066475666
test-74696,0.006071731761609872
test-74697,0.1722527476256214
test-74698,0.16156947679401645
test-74699,0.22901677619727703
test-747,0.010272771345155647
test-7470,0.02144343222752949
test-74700,0.013385711557216587
test-74701,0.20843735190670018
test-74702,0.012189836296212914
test-74703,0.008207951276262665
test-74704,0.06460038281782521
test-74705,0.013293163544366922
test-74706,0.00986692341770471
test-74707,0.07447245947385321
test-74708,0.012322088745443617
test-74709,0.012780215866168286
test-7471,0.02315715731965797
test-74710,0.3787347067913884
test-74711,0.07706400364475845
test-74712,0.07771558515616006
test-74713,0.21674881142884983
test-74714,0.04051182369827448
test-74715,0.054278960404145773
test-74716,0.03419579314434181
test-74717,0.06317551945785756
test-74718,0.026957538465535242
test-74719,0.02687146959692823
test-7472,0.05208234691405471
test-74720,0.03659485164952502
test-74721,0.4016507412109098
test-74722,0.15035033684319382
test-74723,0.07845699516068627
test-74724,0.020765158300598368
test-74725,0.02131583667211273
test-74726,0.00671133647366576
test-74727,0.017910208984695117
test-74728,0.022609289154169897
test-74729,0.04921653640561939
test-7473,0.013100631256262124
test-74730,0.009773274861016765
test-74731,0.04969107213401746
test-74732,0.1040339851812266
test-74733,0.010213115152474382
test-74734,0.05722712914571942
test-74735,0.1632334098343141
test-74736,0.17225413245307442
test-74737,0.39734879023310465
test-74738,0.013325722619306596
test-74739,0.02975646396531683
test-7474,0.14385443152988145
test-74740,0.00816842211839643
test-74741,0.0373728040767616
test-74742,0.017595833248085994
test-74743,0.06131870500970413
test-74744,0.21489709206005633
test-74745,0.017236736355124
test-74746,0.2498709948199503
test-74747,0.02636061752585536
test-74748,0.10062551206765444
test-74749,0.021430538357508053
test-7475,0.011688172649467076
test-74750,0.00763971041298273
test-74751,0.014375557322699947
test-74752,0.05301994733205241
test-74753,0.1828281839466629
test-74754,0.11553176107799254
test-74755,0.12756464018589395
test-74756,0.00838941027169933
test-74757,0.2256844337129291
test-74758,0.03771105973508662
test-74759,0.015013091566537368
test-7476,0.13517600898611404
test-74760,0.10135147787955867
test-74761,0.0955966801524942
test-74762,0.02181821404381743
test-74763,0.024712665076075474
test-74764,0.024386738430139415
test-74765,0.2858619444276409
test-74766,0.19400231995234057
test-74767,0.00963481058457427
test-74768,0.15227849443859415
test-74769,0.2035683834718002
test-7477,0.05421811229581323
test-74770,0.02781942204071168
test-74771,0.011734141436536845
test-74772,0.020215879490121
test-74773,0.01040299385620245
test-74774,0.022382642917149812
test-74775,0.07162112386755472
test-74776,0.006110777785639912
test-74777,0.09519325048924213
test-74778,0.32338773478779737
test-74779,0.012089591290699631
test-7478,0.07996334283829358
test-74780,0.013545497893497054
test-74781,0.2146944748382324
test-74782,0.012891772314014055
test-74783,0.01137470075543487
test-74784,0.3965179816690672
test-74785,0.07174304238411558
test-74786,0.0836160361599026
test-74787,0.0463771814355487
test-74788,0.08110413393213176
test-74789,0.34555518986353057
test-7479,0.029317870177379562
test-74790,0.19413166744633342
test-74791,0.009760452036769757
test-74792,0.01691621908706454
test-74793,0.2466049846243596
test-74794,0.010327362067014676
test-74795,0.021275006790793357
test-74796,0.042152515109253774
test-74797,0.026428574242763906
test-74798,0.07732172556356412
test-74799,0.01310182047775965
test-748,0.020083129713202665
test-7480,0.1483877240163223
test-74800,0.012785713781613401
test-74801,0.35988862007974715
test-74802,0.20737734328226967
test-74803,0.012574041827917718
test-74804,0.07895432382708122
test-74805,0.08977849169024071
test-74806,0.021493054956833884
test-74807,0.09365888098645309
test-74808,0.11412015650690727
test-74809,0.02917826438350616
test-7481,0.25788273733967376
test-74810,0.010721340125093718
test-74811,0.03038994487864358
test-74812,0.039576104193499
test-74813,0.008053937487012433
test-74814,0.015988995885659347
test-74815,0.04576597932825438
test-74816,0.016314737837245703
test-74817,0.11711502932556256
test-74818,0.04201587544696237
test-74819,0.30902669917001296
test-7482,0.10161578673374053
test-74820,0.0807703075536106
test-74821,0.014941659125485982
test-74822,0.025220335904226572
test-74823,0.21304519181158274
test-74824,0.010003654160695801
test-74825,0.09637998548127069
test-74826,0.18265754253899816
test-74827,0.32641958553279166
test-74828,0.0707119985986715
test-74829,0.09935030145420644
test-7483,0.01233421746538257
test-74830,0.05078542300551132
test-74831,0.19835448110832082
test-74832,0.21690763044854428
test-74833,0.01143944872613681
test-74834,0.010893843587264005
test-74835,0.178360748373602
test-74836,0.10854295621636165
test-74837,0.0669392073111586
test-74838,0.042563811531708504
test-74839,0.011490391440903188
test-7484,0.051752109411384195
test-74840,0.023261626069873007
test-74841,0.1689288097257411
test-74842,0.08124309336913033
test-74843,0.09526063506268198
test-74844,0.0853103464573093
test-74845,0.25548158045431896
test-74846,0.0785712612321506
test-74847,0.014087893088280776
test-74848,0.00857817188435753
test-74849,0.13307550097000814
test-7485,0.06017671574141743
test-74850,0.018677289228015134
test-74851,0.10614752019139494
test-74852,0.10833979379439783
test-74853,0.02213647205747449
test-74854,0.05728958059130977
test-74855,0.025614072497502048
test-74856,0.020238653812913263
test-74857,0.014244875009878751
test-74858,0.23567986117423181
test-74859,0.0846182167635542
test-7486,0.011111793663109814
test-74860,0.046157447255926166
test-74861,0.00897678056267959
test-74862,0.02694352012952649
test-74863,0.11776661605361168
test-74864,0.0566057612368097
test-74865,0.04679025384561881
test-74866,0.10572266871002149
test-74867,0.06259100480523434
test-74868,0.2531684239854791
test-74869,0.08781766899036711
test-7487,0.1154585188237121
test-74870,0.13862033254863793
test-74871,0.04529076384133673
test-74872,0.33923999373635927
test-74873,0.028362558925838676
test-74874,0.187550291619094
test-74875,0.1797217611143289
test-74876,0.14435313345275055
test-74877,0.09150903489879539
test-74878,0.07977450914106053
test-74879,0.013113490635681013
test-7488,0.019459855654054527
test-74880,0.021236088491402853
test-74881,0.010920421758033793
test-74882,0.013628959187246449
test-74883,0.1288312629914947
test-74884,0.017484798890587253
test-74885,0.03171005163720375
test-74886,0.07931628112106064
test-74887,0.018585687000344124
test-74888,0.023203089036232524
test-74889,0.028715278880397103
test-7489,0.09543480727716873
test-74890,0.18582728398725804
test-74891,0.05274225833823164
test-74892,0.012383686616539661
test-74893,0.21528853756442476
test-74894,0.021838184177013036
test-74895,0.011037215839968383
test-74896,0.030956358948609132
test-74897,0.018553350525228683
test-74898,0.030358415872624285
test-74899,0.04051182369827448
test-749,0.1701087033791924
test-7490,0.012600883775650369
test-74900,0.06002808759277198
test-74901,0.022894289134766842
test-74902,0.06401310591999086
test-74903,0.11566061282694422
test-74904,0.034672457922706054
test-74905,0.0682210654707025
test-74906,0.03168329299748933
test-74907,0.08725714365503714
test-74908,0.028562276380827197
test-74909,0.011431199275075531
test-7491,0.09862067123234694
test-74910,0.024499788389972205
test-74911,0.006333392615555894
test-74912,0.14141652199281468
test-74913,0.13036283145752162
test-74914,0.2566211479580706
test-74915,0.05548035999624712
test-74916,0.01725463691125231
test-74917,0.037864804964460735
test-74918,0.02956024772439601
test-74919,0.1521103761092742
test-7492,0.197286025661373
test-74920,0.3448731264251855
test-74921,0.04475351461529831
test-74922,0.16329417965678744
test-74923,0.0559353646014617
test-74924,0.057354686003269185
test-74925,0.19151295414394914
test-74926,0.026618962511771316
test-74927,0.1304874298622346
test-74928,0.19057871318095426
test-74929,0.17360668995304024
test-7493,0.017493682154107338
test-74930,0.1251636510011609
test-74931,0.0077021535938753
test-74932,0.07327102323064616
test-74933,0.04475351461529831
test-74934,0.012268323630895249
test-74935,0.012890430716855847
test-74936,0.2009656235388777
test-74937,0.1967789822884875
test-74938,0.004915957636540302
test-74939,0.061688738670907566
test-7494,0.11499384132601229
test-74940,0.04462972541150255
test-74941,0.011969420250044155
test-74942,0.024153465663665198
test-74943,0.02059086506964373
test-74944,0.022195574505750208
test-74945,0.07349985594507265
test-74946,0.16695447271917302
test-74947,0.04581376986748536
test-74948,0.06803412447426488
test-74949,0.010530104618674421
test-7495,0.24611595633226327
test-74950,0.014597478409349423
test-74951,0.07502739675662083
test-74952,0.03766334267894432
test-74953,0.11543498080582862
test-74954,0.10128407639100569
test-74955,0.049139244989722594
test-74956,0.05953432259454445
test-74957,0.03486415065020565
test-74958,0.08219192647824698
test-74959,0.12190069330537871
test-7496,0.06599891615541364
test-74960,0.17645226684991447
test-74961,0.17927039344780538
test-74962,0.012942594563404353
test-74963,0.10633549916200033
test-74964,0.012279517128394079
test-74965,0.026787700021574115
test-74966,0.010685318459014206
test-74967,0.022944535181318705
test-74968,0.10306227989938026
test-74969,0.015209371834710314
test-7497,0.013350573316568378
test-74970,0.046575692610921954
test-74971,0.14928289879624207
test-74972,0.008851220985488179
test-74973,0.20321504394798753
test-74974,0.13005667327758258
test-74975,0.19116286068678645
test-74976,0.027471521470755177
test-74977,0.1196651571677033
test-74978,0.05780276574547421
test-74979,0.018201516535568504
test-7498,0.02133400248196415
test-74980,0.05701549637297173
test-74981,0.14387652291053782
test-74982,0.014606832165642208
test-74983,0.13842426264492522
test-74984,0.2114613246836995
test-74985,0.02429425939520613
test-74986,0.23706357107184348
test-74987,0.14509701010677978
test-74988,0.045412456646427755
test-74989,0.33215616560189976
test-7499,0.025953235267258765
test-74990,0.020300083088672666
test-74991,0.029464430150035102
test-74992,0.025577966711125937
test-74993,0.05106228434538017
test-74994,0.0846182167635542
test-74995,0.02056500271276338
test-74996,0.049873324294479826
test-74997,0.031494140487557096
test-74998,0.015319086178326224
test-74999,0.02413752569469882
test-75,0.1701928585321648
test-750,0.03208922476297159
test-7500,0.023895922982403495
test-75000,0.027677569289366166
test-75001,0.07955672582119087
test-75002,0.11553858889507185
test-75003,0.06281239881212093
test-75004,0.2597868331910125
test-75005,0.12247317214740416
test-75006,0.019108836256719913
test-75007,0.08354452002527232
test-75008,0.186843119442822
test-75009,0.026578236543697984
test-7501,0.021885275849685932
test-75010,0.06628812611555242
test-75011,0.00905143468973419
test-75012,0.20045012414981023
test-75013,0.07811973680972122
test-75014,0.014546417032681589
test-75015,0.1910324596128437
test-75016,0.013304109378315365
test-75017,0.040036434232552064
test-75018,0.11512351736983528
test-75019,0.10451896692684502
test-7502,0.0836160361599026
test-75020,0.0902956222819571
test-75021,0.05238796273518091
test-75022,0.04966411359613277
test-75023,0.08395183120844195
test-75024,0.10358190491739874
test-75025,0.01905678263885777
test-75026,0.17717618703480795
test-75027,0.19310051243854293
test-75028,0.02039411450599374
test-75029,0.03747084167068428
test-7503,0.1634546765783281
test-75030,0.046503162727843904
test-75031,0.04895050024092073
test-75032,0.0871517366080639
test-75033,0.006235953122825234
test-75034,0.011254557846828722
test-75035,0.009101959880869244
test-75036,0.19370912181431674
test-75037,0.011385186335865567
test-75038,0.11945283735296228
test-75039,0.005493523649309323
test-7504,0.13497478651822228
test-75040,0.01490090443959958
test-75041,0.15352769215126244
test-75042,0.07840968108714363
test-75043,0.010848849213182913
test-75044,0.04979375052851576
test-75045,0.009918176862701977
test-75046,0.036005859127148154
test-75047,0.04329285095827419
test-75048,0.043514283820620295
test-75049,0.013498107106180737
test-7505,0.014422673190260247
test-75050,0.011756573995959444
test-75051,0.012090566724254615
test-75052,0.02648290178332952
test-75053,0.09651342877341024
test-75054,0.09796244538865419
test-75055,0.07356744850934824
test-75056,0.05339307069340168
test-75057,0.017670063596691085
test-75058,0.19846393745667382
test-75059,0.13063726945670792
test-7506,0.05499574932837203
test-75060,0.14939195512642237
test-75061,0.1900258626328395
test-75062,0.0825642744927157
test-75063,0.026304929019316563
test-75064,0.1822948816622759
test-75065,0.04139326851200617
test-75066,0.294443758101475
test-75067,0.04308681544360295
test-75068,0.02502835134314648
test-75069,0.08167843681593229
test-7507,0.18110489703303856
test-75070,0.02760799206385268
test-75071,0.016914931760751095
test-75072,0.0418347568132622
test-75073,0.08674054363340962
test-75074,0.14153327661438278
test-75075,0.21982825641195075
test-75076,0.02691477832961225
test-75077,0.06305664884164178
test-75078,0.08126139004956205
test-75079,0.14571885651384475
test-7508,0.0825134158515081
test-75080,0.1398735821757816
test-75081,0.10367155494197844
test-75082,0.06837716154279296
test-75083,0.04136965274400575
test-75084,0.033893608655802224
test-75085,0.021862932441267312
test-75086,0.05266261909476349
test-75087,0.02729310197565131
test-75088,0.03467698938693676
test-75089,0.016732652042838924
test-7509,0.08003083037374147
test-75090,0.14039065692582356
test-75091,0.22803951881975215
test-75092,0.023970158301204282
test-75093,0.05376755197038664
test-75094,0.032567288398138446
test-75095,0.11436181171958344
test-75096,0.07802819961977205
test-75097,0.036600629671046214
test-75098,0.06580176197303123
test-75099,0.04371739997126556
test-751,0.023376062494396645
test-7510,0.13081883621328402
test-75100,0.36157014199849113
test-75101,0.010761540928651078
test-75102,0.2690392166764451
test-75103,0.03359366193196698
test-75104,0.007204647071861784
test-75105,0.123817286149575
test-75106,0.3553677350924177
test-75107,0.28443239453093844
test-75108,0.04146912408444904
test-75109,0.013508418316451345
test-7511,0.16725553190393339
test-75110,0.01884166075420542
test-75111,0.013688717586935266
test-75112,0.015616493869373128
test-75113,0.014752761953832209
test-75114,0.07955672582119087
test-75115,0.07287513663214307
test-75116,0.07799433853261355
test-75117,0.03808926221621729
test-75118,0.07066391180041305
test-75119,0.29696775000581593
test-7512,0.16114322952249152
test-75120,0.0178886086383052
test-75121,0.0684497200539559
test-75122,0.40674954881879777
test-75123,0.07967664956397802
test-75124,0.15367974062880357
test-75125,0.049127384384222206
test-75126,0.016621256528210504
test-75127,0.04699988950030393
test-75128,0.15653884593655074
test-75129,0.037450180026763
test-7513,0.021982320646970074
test-75130,0.08719755038109307
test-75131,0.017303209194273885
test-75132,0.048732697570079
test-75133,0.04286213815244352
test-75134,0.00909149282627384
test-75135,0.2585386406548888
test-75136,0.02293631914804131
test-75137,0.04252105837468247
test-75138,0.09442775898327806
test-75139,0.0888687870523802
test-7514,0.09310953732021411
test-75140,0.03278815562940721
test-75141,0.0466512770964636
test-75142,0.02225902489872002
test-75143,0.07135205346832722
test-75144,0.015165266412138665
test-75145,0.04186061389345633
test-75146,0.01621160680882612
test-75147,0.012660526873790207
test-75148,0.05285711841919154
test-75149,0.018117644122641458
test-7515,0.033765874238408114
test-75150,0.031583493957739156
test-75151,0.11633716182115689
test-75152,0.021058124463223873
test-75153,0.013409376270137356
test-75154,0.04570305229688902
test-75155,0.014310850742281075
test-75156,0.02537635657169207
test-75157,0.019266145932857248
test-75158,0.0568827467325381
test-75159,0.04182060457438371
test-7516,0.07347260077232669
test-75160,0.12663596937894922
test-75161,0.29844774729081663
test-75162,0.18074882243969004
test-75163,0.016186416369884243
test-75164,0.12872525987121755
test-75165,0.03371709720556654
test-75166,0.019874527455950572
test-75167,0.2020096048968885
test-75168,0.3264832667286317
test-75169,0.0684497200539559
test-7517,0.226504450721427
test-75170,0.04736180834466495
test-75171,0.07515523999548554
test-75172,0.026883908576461297
test-75173,0.010308619835164083
test-75174,0.011030138218203044
test-75175,0.012413055589181111
test-75176,0.013981877673618845
test-75177,0.09860381645007209
test-75178,0.012355122837011323
test-75179,0.10042557926671189
test-7518,0.32641958553279166
test-75180,0.028908716326048352
test-75181,0.16948714102074422
test-75182,0.04440244047983173
test-75183,0.07993589253670613
test-75184,0.11315638715208923
test-75185,0.01572402383423927
test-75186,0.009960986444478914
test-75187,0.03957797408190487
test-75188,0.10558479982576838
test-75189,0.2759703076540338
test-7519,0.15573896686033506
test-75190,0.1368321145500669
test-75191,0.25851111463812737
test-75192,0.07923214401212585
test-75193,0.02611360617665769
test-75194,0.11443560349059187
test-75195,0.05095727179217549
test-75196,0.03803879964484648
test-75197,0.21521997858933958
test-75198,0.07512180394517347
test-75199,0.15510058255167516
test-752,0.0309490191375103
test-7520,0.02841319822683814
test-75200,0.01190180828372277
test-75201,0.2608606113982203
test-75202,0.022361719682611178
test-75203,0.021546534645514433
test-75204,0.011759071085504245
test-75205,0.08003083037374147
test-75206,0.021628143533610953
test-75207,0.026573036685805806
test-75208,0.08359798919690777
test-75209,0.09673533330374554
test-7521,0.029778034879541795
test-75210,0.061577899304617906
test-75211,0.1398817640174991
test-75212,0.0900619722511261
test-75213,0.04143249421105874
test-75214,0.19982922643241668
test-75215,0.26690992922023615
test-75216,0.023336028254969624
test-75217,0.043153943286978795
test-75218,0.0839725403153118
test-75219,0.03807661015229683
test-7522,0.0370178999960362
test-75220,0.10503351807258565
test-75221,0.08747255698200318
test-75222,0.40122400986845613
test-75223,0.07321148603617267
test-75224,0.08411949067018656
test-75225,0.09920460165096297
test-75226,0.008254652051318092
test-75227,0.14623320297721715
test-75228,0.011084098008081236
test-75229,0.007592820714681313
test-7523,0.13774157405628287
test-75230,0.32051339969160386
test-75231,0.02150432191134558
test-75232,0.0484133404645023
test-75233,0.028563049919977466
test-75234,0.01596976492520467
test-75235,0.06265116055048006
test-75236,0.01771217744981873
test-75237,0.22281594281951855
test-75238,0.011370957007417472
test-75239,0.05715128325025683
test-7524,0.015362159719439604
test-75240,0.035058472131099847
test-75241,0.061577899304617906
test-75242,0.022082372830432927
test-75243,0.11134465300126702
test-75244,0.019348321508108265
test-75245,0.03790885299816815
test-75246,0.010033785748775769
test-75247,0.016683802406242686
test-75248,0.05768874747351053
test-75249,0.04262189393297906
test-7525,0.07896917855603469
test-75250,0.011803246860551822
test-75251,0.1890835772819337
test-75252,0.2840064569940059
test-75253,0.016593561593141692
test-75254,0.2843307803505914
test-75255,0.06907975702246477
test-75256,0.11462746771338529
test-75257,0.011586260745836633
test-75258,0.06837716154279296
test-75259,0.12617093025526127
test-7526,0.08057506340952114
test-75260,0.01009469454690271
test-75261,0.03521433084036984
test-75262,0.02106299489054912
test-75263,0.013827653683005215
test-75264,0.024481529206922252
test-75265,0.01590310586807917
test-75266,0.013023903488492734
test-75267,0.36336236004260664
test-75268,0.019229510181679538
test-75269,0.01665359921116206
test-7527,0.010017726137454937
test-75270,0.17641143326759837
test-75271,0.023020341365561012
test-75272,0.038320231681002265
test-75273,0.10114201948490457
test-75274,0.08919619449555358
test-75275,0.13110293628125325
test-75276,0.04544234204454334
test-75277,0.010721340125093718
test-75278,0.10849311745818162
test-75279,0.14587659855316176
test-7528,0.15215198242939137
test-75280,0.0306874942978367
test-75281,0.019437665725015575
test-75282,0.13473537941407335
test-75283,0.11930798742934495
test-75284,0.2115659534969209
test-75285,0.2904979928290906
test-75286,0.11140480162269964
test-75287,0.15609928226063696
test-75288,0.15329628395377212
test-75289,0.17300302903775727
test-7529,0.3737407708103641
test-75290,0.1360173120850437
test-75291,0.016062570048493235
test-75292,0.08227449316788707
test-75293,0.19856731448010403
test-75294,0.11461540169252886
test-75295,0.08190228967759794
test-75296,0.03317357571672344
test-75297,0.035789446314409536
test-75298,0.23697837649134657
test-75299,0.017902543684643002
test-753,0.013444946971638425
test-7530,0.03128967328431937
test-75300,0.024821167829643682
test-75301,0.03258303940077757
test-75302,0.20510882782658799
test-75303,0.14692603092410214
test-75304,0.024304493642565317
test-75305,0.016649598600797906
test-75306,0.0687732139720173
test-75307,0.034768034231258994
test-75308,0.32372745703757216
test-75309,0.05030494952053489
test-7531,0.06803412447426488
test-75310,0.11172945723638704
test-75311,0.231110451231957
test-75312,0.2836503186968963
test-75313,0.14908704035814224
test-75314,0.02090111277714628
test-75315,0.16473713256561737
test-75316,0.07162708247108471
test-75317,0.019858706771680452
test-75318,0.018216008436785877
test-75319,0.022850838659442672
test-7532,0.09787796055403811
test-75320,0.042142630804811176
test-75321,0.034462792400414846
test-75322,0.15803272605515223
test-75323,0.031670993768966094
test-75324,0.25066358303904435
test-75325,0.18083792471258237
test-75326,0.11719398118218852
test-75327,0.021675032788265578
test-75328,0.015774652185970163
test-75329,0.17999257230345014
test-7533,0.13731171035429612
test-75330,0.07637564854248848
test-75331,0.01708795377307525
test-75332,0.030860211436749246
test-75333,0.13093694476736598
test-75334,0.04465091658069474
test-75335,0.014080232656244744
test-75336,0.2035908248583335
test-75337,0.19580106384605983
test-75338,0.029644991245737745
test-75339,0.019416510857551753
test-7534,0.01214800402477453
test-75340,0.1530446283034226
test-75341,0.03431445857117423
test-75342,0.17903802988922818
test-75343,0.017878930200827255
test-75344,0.019285205607126845
test-75345,0.20056218667847958
test-75346,0.010178077494431706
test-75347,0.012348304713330484
test-75348,0.04019935806004712
test-75349,0.1313395705021038
test-7535,0.026727032252759342
test-75350,0.11873796949997782
test-75351,0.01648703714620006
test-75352,0.008185862773943495
test-75353,0.1270777140394553
test-75354,0.08120102176313125
test-75355,0.008336300677247294
test-75356,0.015536282796042192
test-75357,0.036042402452021956
test-75358,0.035013109366513945
test-75359,0.03484716883307732
test-7536,0.1336784144619703
test-75360,0.08788120190007584
test-75361,0.011364892637014111
test-75362,0.09079795960213273
test-75363,0.04475351461529831
test-75364,0.01691249393482621
test-75365,0.06580445469306853
test-75366,0.010587425730721817
test-75367,0.013020428984898223
test-75368,0.15824497700625473
test-75369,0.08219192647824698
test-7537,0.12669521753714805
test-75370,0.032620055584339176
test-75371,0.009644095471519582
test-75372,0.02390891667697525
test-75373,0.12223293539155929
test-75374,0.1678933082134966
test-75375,0.02925580883786919
test-75376,0.3293714707885431
test-75377,0.045112545937377097
test-75378,0.23220071357198416
test-75379,0.03125689159120969
test-7538,0.06866260127631668
test-75380,0.021987828679529194
test-75381,0.016990393261142545
test-75382,0.024261815122424982
test-75383,0.03152329380350422
test-75384,0.01152215954380369
test-75385,0.01742833866662402
test-75386,0.06845179840037012
test-75387,0.044318966149102114
test-75388,0.02174676795844656
test-75389,0.19584428444997912
test-7539,0.019767392158513353
test-75390,0.1764359550018831
test-75391,0.13956408011257382
test-75392,0.03667886671461944
test-75393,0.020184049019556536
test-75394,0.09787796055403811
test-75395,0.017289391394324432
test-75396,0.0410249935429288
test-75397,0.16063349503875413
test-75398,0.01356613450291771
test-75399,0.01605638725158736
test-754,0.05825715848959318
test-7540,0.19175126305899629
test-75400,0.09985649801372733
test-75401,0.027268737293094772
test-75402,0.046289504775941195
test-75403,0.1286512400044727
test-75404,0.014053413566288768
test-75405,0.09710347269567549
test-75406,0.1121463017054305
test-75407,0.03211160570429168
test-75408,0.030421765009887674
test-75409,0.006781489453211912
test-7541,0.012186935043227744
test-75410,0.013795800264971915
test-75411,0.08132777297909088
test-75412,0.011098414433924045
test-75413,0.15515644801927303
test-75414,0.1734392612491545
test-75415,0.16603495148189498
test-75416,0.040802080816653694
test-75417,0.028234216051369675
test-75418,0.027851865627130813
test-75419,0.1517594997420943
test-7542,0.03211517769577638
test-75420,0.3281533415276215
test-75421,0.059322987726871945
test-75422,0.10890979778709246
test-75423,0.3327332503145374
test-75424,0.09787796055403811
test-75425,0.04085664492909632
test-75426,0.09611327864662678
test-75427,0.12810324092743436
test-75428,0.06299195948301924
test-75429,0.017885424286984974
test-7543,0.01347712680956986
test-75430,0.005195686356357882
test-75431,0.01879992516650014
test-75432,0.04475351461529831
test-75433,0.1827002754962375
test-75434,0.028703508075175424
test-75435,0.34238555134147153
test-75436,0.1827813599025972
test-75437,0.05214132796247372
test-75438,0.008149002485368602
test-75439,0.2222854148005625
test-7544,0.058556647514638016
test-75440,0.038142242724097046
test-75441,0.041440671184616876
test-75442,0.04441289678098866
test-75443,0.1130509745027504
test-75444,0.01142810407190752
test-75445,0.21508822539545544
test-75446,0.01147819579155948
test-75447,0.012807984788320508
test-75448,0.016149122003789547
test-75449,0.22318839352362804
test-7545,0.1638883068063562
test-75450,0.1517458694206202
test-75451,0.0667617332128144
test-75452,0.09020299881702704
test-75453,0.009778379081790725
test-75454,0.010568289006952654
test-75455,0.01477165596638583
test-75456,0.011000466605797527
test-75457,0.048290914560205185
test-75458,0.02759995246664544
test-75459,0.13341891293094651
test-7546,0.0669392073111586
test-75460,0.09787796055403811
test-75461,0.12231756642083765
test-75462,0.0930181005756667
test-75463,0.0886125975036975
test-75464,0.012273135160822094
test-75465,0.007149612949226966
test-75466,0.16132429168529552
test-75467,0.018242833628021118
test-75468,0.024990965162432755
test-75469,0.08299580447147038
test-7547,0.021029343245521186
test-75470,0.006308869074207436
test-75471,0.22762527293127646
test-75472,0.015580449978159439
test-75473,0.024039659086970963
test-75474,0.04526910096224766
test-75475,0.22465617905301327
test-75476,0.12959520477323722
test-75477,0.05588153946744377
test-75478,0.05562434720777739
test-75479,0.01397621105622902
test-7548,0.044885752317018454
test-75480,0.30729253071349777
test-75481,0.02574587779254859
test-75482,0.3219557085289747
test-75483,0.13524787146096826
test-75484,0.04554837338553989
test-75485,0.09456466912495104
test-75486,0.3177209780356649
test-75487,0.011836477000202739
test-75488,0.10805203556182581
test-75489,0.029948834211601928
test-7549,0.16608988539458752
test-75490,0.09245735475374878
test-75491,0.11428219810526999
test-75492,0.020944623666427728
test-75493,0.22256097039597783
test-75494,0.17438337087664463
test-75495,0.011813234764894934
test-75496,0.032859352395417644
test-75497,0.25814705398513366
test-75498,0.015759876903284165
test-75499,0.13898815616249888
test-755,0.009802026917652163
test-7550,0.01976149866698675
test-75500,0.15180693200769732
test-75501,0.11765761627919111
test-75502,0.14128278633339278
test-75503,0.3899856700592274
test-75504,0.22264311114789928
test-75505,0.02379724283915029
test-75506,0.18437469210305887
test-75507,0.014165883708732441
test-75508,0.05339307069340168
test-75509,0.10373811943857802
test-7551,0.09278365050712774
test-75510,0.021414671102323694
test-75511,0.010877430930529251
test-75512,0.006908838184105813
test-75513,0.021835974180061942
test-75514,0.007729518915738743
test-75515,0.037690007041250695
test-75516,0.030547302162994026
test-75517,0.025537820241455712
test-75518,0.01240193805932238
test-75519,0.3435269517923925
test-7552,0.08298602604284908
test-75520,0.0669392073111586
test-75521,0.1412483875203565
test-75522,0.03405942439401954
test-75523,0.17903802988922818
test-75524,0.02568234313563934
test-75525,0.17253928154369008
test-75526,0.11956053872041605
test-75527,0.07111609496557471
test-75528,0.021279735642309502
test-75529,0.14589333369040608
test-7553,0.016020232182825667
test-75530,0.015217692993181911
test-75531,0.03595601216987931
test-75532,0.023740495397405727
test-75533,0.00877199722296381
test-75534,0.006063799534170679
test-75535,0.08568826108916465
test-75536,0.11460677570713027
test-75537,0.009320676038436013
test-75538,0.06977680864367759
test-75539,0.0846182167635542
test-7554,0.021026632273902886
test-75540,0.008585480798425818
test-75541,0.09787796055403811
test-75542,0.016674589644514074
test-75543,0.21731218955415837
test-75544,0.08162169922931402
test-75545,0.07802819961977205
test-75546,0.015855611418148882
test-75547,0.01083238792528921
test-75548,0.04475351461529831
test-75549,0.05842502936003476
test-7555,0.1040190330419228
test-75550,0.025332162002881218
test-75551,0.015674664116847238
test-75552,0.050777560696498455
test-75553,0.02146893670284013
test-75554,0.023960406355158018
test-75555,0.028037289851018554
test-75556,0.04511064028801807
test-75557,0.014636870206601165
test-75558,0.03263256366981311
test-75559,0.0825907425552577
test-7556,0.1169731902254496
test-75560,0.020333891084279933
test-75561,0.015027442913141393
test-75562,0.08370787794218489
test-75563,0.0801953694129738
test-75564,0.1907106956027196
test-75565,0.19947960319887648
test-75566,0.12640655647757354
test-75567,0.02194677822913649
test-75568,0.03308714411286689
test-75569,0.11059647945411542
test-7557,0.30627134070131684
test-75570,0.009945544235989269
test-75571,0.042141700788862084
test-75572,0.00883276016799288
test-75573,0.23091477137612326
test-75574,0.09310775681981075
test-75575,0.04414241320368952
test-75576,0.14660621249274897
test-75577,0.1416234402667236
test-75578,0.03388826362508373
test-75579,0.01421031531254988
test-7558,0.2041370166250029
test-75580,0.15488160346892466
test-75581,0.36897503402088355
test-75582,0.20070278806990774
test-75583,0.026971417184028804
test-75584,0.02554982719400863
test-75585,0.12614711902775436
test-75586,0.26127518769823077
test-75587,0.04475351461529831
test-75588,0.22631690767023255
test-75589,0.009358498646211121
test-7559,0.015821886544197212
test-75590,0.01506610089574415
test-75591,0.03977087000670313
test-75592,0.10319276845904772
test-75593,0.1313395705021038
test-75594,0.03892043743567753
test-75595,0.01722314930715739
test-75596,0.18991510865421662
test-75597,0.015393349427908319
test-75598,0.009182437594252298
test-75599,0.037471498943209565
test-756,0.04345073385126955
test-7560,0.0993862542644411
test-75600,0.04099234420154672
test-75601,0.010031706495964136
test-75602,0.01702416334294812
test-75603,0.03243937834280714
test-75604,0.007268317174901149
test-75605,0.2042610029132849
test-75606,0.07395723057883898
test-75607,0.04160983291455546
test-75608,0.01403750736914441
test-75609,0.08723680781233066
test-7561,0.03611663395578433
test-75610,0.13844485831116107
test-75611,0.030976999479752517
test-75612,0.33662912332451084
test-75613,0.4001140406804215
test-75614,0.025405216858316905
test-75615,0.061663500755399316
test-75616,0.15913948130158917
test-75617,0.21508822539545544
test-75618,0.3436967925243646
test-75619,0.12610857755642235
test-7562,0.08086385461013587
test-75620,0.01587941443463305
test-75621,0.007103459395646547
test-75622,0.0493931147911267
test-75623,0.035033752454408026
test-75624,0.35610458201462264
test-75625,0.09967505524039096
test-75626,0.015682561034231584
test-75627,0.12886769754781896
test-75628,0.042798922080270946
test-75629,0.11201706082965394
test-7563,0.03517554983071838
test-75630,0.02963520115477721
test-75631,0.018224755623644704
test-75632,0.02485864447152636
test-75633,0.008153114485622615
test-75634,0.03068267097932613
test-75635,0.20368655124824386
test-75636,0.03753771926453896
test-75637,0.10812230317096443
test-75638,0.03434784921045274
test-75639,0.029299804921689907
test-7564,0.030179187646460902
test-75640,0.024068519262930573
test-75641,0.16948764875643343
test-75642,0.2693284350800154
test-75643,0.0074244470948064975
test-75644,0.27611488664952
test-75645,0.26188632016390495
test-75646,0.03563965779772
test-75647,0.01347114557119841
test-75648,0.09435854111353265
test-75649,0.19202001251748796
test-7565,0.368700610075017
test-75650,0.16673078339265612
test-75651,0.15934711076901256
test-75652,0.016405889839650682
test-75653,0.038714655275199635
test-75654,0.00856204671648556
test-75655,0.017388790597928545
test-75656,0.00995643755293704
test-75657,0.03931007703465799
test-75658,0.04518453586268734
test-75659,0.037383678677083004
test-7566,0.0232911499626386
test-75660,0.021700944982932895
test-75661,0.23770849739776884
test-75662,0.041994584683696344
test-75663,0.012209056731427158
test-75664,0.26558205672565344
test-75665,0.19905106004425946
test-75666,0.19632024349265403
test-75667,0.02690576128858038
test-75668,0.09788693407590617
test-75669,0.1202531798889819
test-7567,0.09612940279972428
test-75670,0.17252727682003913
test-75671,0.09616818399310655
test-75672,0.15525819850513814
test-75673,0.04656307463884443
test-75674,0.018094088547353875
test-75675,0.14468437269108325
test-75676,0.01473319066825163
test-75677,0.040171887787939564
test-75678,0.022712314076759308
test-75679,0.061495108080117995
test-7568,0.14877236922670456
test-75680,0.029793788408521295
test-75681,0.03039227748687551
test-75682,0.1398388875173638
test-75683,0.16622178693021092
test-75684,0.40921884321165564
test-75685,0.31639113532117935
test-75686,0.34270846183873593
test-75687,0.010325175883333215
test-75688,0.007928026513993627
test-75689,0.17395456978255727
test-7569,0.03333933208665329
test-75690,0.009933978825860388
test-75691,0.01739669593752785
test-75692,0.02399740989176729
test-75693,0.15035033684319382
test-75694,0.12663596937894922
test-75695,0.1424455291770036
test-75696,0.016990393261142545
test-75697,0.06845179840037012
test-75698,0.14780280851058517
test-75699,0.40674954881879777
test-757,0.1735938007093013
test-7570,0.10519643209849049
test-75700,0.01188571593250187
test-75701,0.018943345656652417
test-75702,0.01397675103601954
test-75703,0.08329083206478825
test-75704,0.01944741046385617
test-75705,0.05950017199337657
test-75706,0.03275754445374959
test-75707,0.018158720641019192
test-75708,0.2817059196830439
test-75709,0.2493561884681265
test-7571,0.34528003818317243
test-75710,0.0062360711280415315
test-75711,0.0340354194969478
test-75712,0.14584971832814003
test-75713,0.07973965277242508
test-75714,0.30902669917001296
test-75715,0.15085766755015806
test-75716,0.12033594674214752
test-75717,0.010722247350078718
test-75718,0.01729058597311177
test-75719,0.013564789603299035
test-7572,0.07314793770161498
test-75720,0.11247973676379758
test-75721,0.028693019818325855
test-75722,0.15880334080049688
test-75723,0.02370945851052338
test-75724,0.037795431646836304
test-75725,0.021176670602333646
test-75726,0.039743780770215224
test-75727,0.20857854792644093
test-75728,0.1953302426491087
test-75729,0.306014529535926
test-7573,0.025084031723789518
test-75730,0.3147099505870613
test-75731,0.06414881698723972
test-75732,0.25788273733967376
test-75733,0.021777400426067867
test-75734,0.08741482706615059
test-75735,0.012741686232678835
test-75736,0.04815304499224502
test-75737,0.1452189205284274
test-75738,0.08871015324974639
test-75739,0.0070012544420844395
test-7574,0.014864207209822027
test-75740,0.10124629685844638
test-75741,0.026223785775408463
test-75742,0.01904108617189136
test-75743,0.09787796055403811
test-75744,0.22803136452928416
test-75745,0.030860211436749246
test-75746,0.13828677657766733
test-75747,0.06709418361029962
test-75748,0.09353921552146091
test-75749,0.018238209547875733
test-7575,0.008778955285007233
test-75750,0.1387564677932596
test-75751,0.1880742379336942
test-75752,0.024924379517955956
test-75753,0.15139145615818586
test-75754,0.006794086843626341
test-75755,0.006971521069376922
test-75756,0.05859733873956919
test-75757,0.03722215104813557
test-75758,0.14640933304270307
test-75759,0.01960165477654246
test-7576,0.10098154186487598
test-75760,0.05077084148113022
test-75761,0.132714090823437
test-75762,0.1313395705021038
test-75763,0.03238797903061425
test-75764,0.26089412654274874
test-75765,0.04475351461529831
test-75766,0.021453035704671924
test-75767,0.044463822635495795
test-75768,0.010823358649941982
test-75769,0.12205161521851308
test-7577,0.06558543347912044
test-75770,0.022451725850246962
test-75771,0.0765176442062777
test-75772,0.1734528017622262
test-75773,0.10464375279612252
test-75774,0.09650180991842658
test-75775,0.38430157697721756
test-75776,0.03267808732814156
test-75777,0.02202893817992769
test-75778,0.008920728790375324
test-75779,0.033033190567207805
test-7578,0.14928289879624207
test-75780,0.20998519738415636
test-75781,0.30656342937546627
test-75782,0.0979322923937335
test-75783,0.14811326198206934
test-75784,0.08876615965182516
test-75785,0.04496893120649347
test-75786,0.2992377667275846
test-75787,0.02406329607011508
test-75788,0.20141379625873018
test-75789,0.011465152755054046
test-7579,0.017593342180017995
test-75790,0.01108082399754401
test-75791,0.12750083480216265
test-75792,0.2665402630997375
test-75793,0.02101193949347939
test-75794,0.030431448139541368
test-75795,0.16188107582492456
test-75796,0.04417870554611778
test-75797,0.09787796055403811
test-75798,0.0737180719409479
test-75799,0.007666262174392135
test-758,0.1003780496486593
test-7580,0.10466325920474445
test-75800,0.0803583955814405
test-75801,0.016394328576076526
test-75802,0.020454348494706853
test-75803,0.07503420199914919
test-75804,0.011568640586270405
test-75805,0.1987063881023483
test-75806,0.20951222655048274
test-75807,0.0211472632918846
test-75808,0.012130392111443825
test-75809,0.031753367910240665
test-7581,0.040036434232552064
test-75810,0.06748380307466238
test-75811,0.02501258006336678
test-75812,0.21918413631800254
test-75813,0.03584642870441886
test-75814,0.054789620905245064
test-75815,0.0496981473874399
test-75816,0.03639760074551049
test-75817,0.17895229227597084
test-75818,0.1597465313310996
test-75819,0.08196973207204497
test-7582,0.11374930793577469
test-75820,0.03722215104813557
test-75821,0.02866564423472499
test-75822,0.11461960704869209
test-75823,0.02152155874454912
test-75824,0.011171684817864626
test-75825,0.05174802406722037
test-75826,0.14345391606382565
test-75827,0.013098082138223176
test-75828,0.016186416369884243
test-75829,0.1944346418129891
test-7583,0.004213226666129352
test-75830,0.14330749219963235
test-75831,0.22451413121269892
test-75832,0.008138310509336699
test-75833,0.029898820979739373
test-75834,0.020549412574378534
test-75835,0.04526910096224766
test-75836,0.026509477700788917
test-75837,0.034462792400414846
test-75838,0.2519907039033014
test-75839,0.10952263493482255
test-7584,0.023644709996847608
test-75840,0.1478979320672584
test-75841,0.022199618824170084
test-75842,0.021175156908666462
test-75843,0.06951604551525532
test-75844,0.03370618115869601
test-75845,0.13739159661275738
test-75846,0.3513811410034723
test-75847,0.05688335253466561
test-75848,0.16576890711139253
test-75849,0.15050182490554406
test-7585,0.23721780921062854
test-75850,0.08767687403082011
test-75851,0.023146011113803794
test-75852,0.022586087499344338
test-75853,0.06112284931684283
test-75854,0.20072904997725075
test-75855,0.12669521753714805
test-75856,0.20738803742609715
test-75857,0.011135409876126372
test-75858,0.029202076225029974
test-75859,0.06799544749038712
test-7586,0.03886510580376667
test-75860,0.041446859507441675
test-75861,0.09503873836229888
test-75862,0.2006349097984084
test-75863,0.02277889091976407
test-75864,0.06572171520386731
test-75865,0.018973847540157563
test-75866,0.01679818216169385
test-75867,0.018206729217147655
test-75868,0.34528003818317243
test-75869,0.16082047828576052
test-7587,0.015258444852295616
test-75870,0.011374594655167198
test-75871,0.015971437582018584
test-75872,0.26850196659260944
test-75873,0.04887614924924259
test-75874,0.018851976149023585
test-75875,0.21888392738474716
test-75876,0.2587806466152034
test-75877,0.00867191835723604
test-75878,0.11992865485900006
test-75879,0.03217966055557808
test-7588,0.32886706446702013
test-75880,0.0046452418393033955
test-75881,0.18505780148061426
test-75882,0.14439860779384184
test-75883,0.02105425874287329
test-75884,0.024354784981630215
test-75885,0.014849487851908283
test-75886,0.022164745814711284
test-75887,0.02665544493786356
test-75888,0.25249098739239023
test-75889,0.017608609227574606
test-7589,0.012185967847383598
test-75890,0.02268097353398529
test-75891,0.1942992864961863
test-75892,0.010240247492811152
test-75893,0.03562798081380685
test-75894,0.3037425688306608
test-75895,0.009926168162735718
test-75896,0.0669392073111586
test-75897,0.027952285824574288
test-75898,0.17140536949379012
test-75899,0.07435923095946502
test-759,0.09894217917792562
test-7590,0.21078825529384387
test-75900,0.010118898168893638
test-75901,0.12366632774524698
test-75902,0.08905477543146421
test-75903,0.06418979624845801
test-75904,0.02436531142295488
test-75905,0.021740891784233957
test-75906,0.011675321192173668
test-75907,0.09590831217591261
test-75908,0.1958143169470827
test-75909,0.011344503445310404
test-7591,0.013915839037246115
test-75910,0.09787796055403811
test-75911,0.02257566170028027
test-75912,0.053503970229522406
test-75913,0.008137562660213465
test-75914,0.045341822634894995
test-75915,0.0948383040480273
test-75916,0.07197764945484067
test-75917,0.016290257794419748
test-75918,0.3409585166182975
test-75919,0.0823100863672744
test-7592,0.01627210772285325
test-75920,0.012629570295566725
test-75921,0.024042373439767367
test-75922,0.05141977297837456
test-75923,0.2286799809539662
test-75924,0.11917427518552319
test-75925,0.03410049563106423
test-75926,0.19301188205584302
test-75927,0.027736218062755703
test-75928,0.024324652717525666
test-75929,0.017147381178928372
test-7593,0.031115815740437553
test-75930,0.1313395705021038
test-75931,0.08772529053138947
test-75932,0.18400845348562453
test-75933,0.08663981370532381
test-75934,0.20773866230629684
test-75935,0.012572665905477549
test-75936,0.146920643877626
test-75937,0.40246114872695304
test-75938,0.1614081155689679
test-75939,0.030122864834156913
test-7594,0.15104263315858885
test-75940,0.030791033201067533
test-75941,0.16218041199264618
test-75942,0.01788370856014452
test-75943,0.1313395705021038
test-75944,0.014794133646286968
test-75945,0.011005398602143788
test-75946,0.014614765994790403
test-75947,0.14040323817650532
test-75948,0.0669392073111586
test-75949,0.07799433853261355
test-7595,0.008619241169973311
test-75950,0.031246860063410632
test-75951,0.15008621446486667
test-75952,0.024462252927024745
test-75953,0.018085621038250583
test-75954,0.3698699189211461
test-75955,0.07512180394517347
test-75956,0.01745473528789728
test-75957,0.10319276845904772
test-75958,0.030827235016311027
test-75959,0.13774157405628287
test-7596,0.02014166629280709
test-75960,0.022373923873249445
test-75961,0.08631795845446427
test-75962,0.18442372316005745
test-75963,0.013122290481562717
test-75964,0.23535440062514792
test-75965,0.04216752763695943
test-75966,0.1573062740177458
test-75967,0.024378004309351952
test-75968,0.04351984538069912
test-75969,0.0336546212311275
test-7597,0.10190563533950163
test-75970,0.07453517116186206
test-75971,0.020647814240097286
test-75972,0.035227835869104336
test-75973,0.12456179376616706
test-75974,0.007273764131591846
test-75975,0.06462173457122239
test-75976,0.1441727812093781
test-75977,0.11951616163506316
test-75978,0.056571394322234084
test-75979,0.35332675763330407
test-7598,0.016554594072706853
test-75980,0.20752504402339533
test-75981,0.04475351461529831
test-75982,0.031980781693758106
test-75983,0.16629389364738703
test-75984,0.08469207989574525
test-75985,0.021974554672946903
test-75986,0.20303545172451895
test-75987,0.0853103464573093
test-75988,0.06769227346933265
test-75989,0.17645226684991447
test-7599,0.22284766613477064
test-75990,0.08682023526440748
test-75991,0.20599960185973004
test-75992,0.00959044071453599
test-75993,0.011697879022783676
test-75994,0.03376761943313304
test-75995,0.024039659086970963
test-75996,0.04086531790434263
test-75997,0.12286687062380883
test-75998,0.2978636404119193
test-75999,0.29372771722942037
test-76,0.03285844778223369
test-760,0.04900038780618877
test-7600,0.010494522582037098
test-76000,0.014391210288265335
test-76001,0.27061542430377356
test-76002,0.01665655647058714
test-76003,0.03668658210726168
test-76004,0.21546452927647777
test-76005,0.061577899304617906
test-76006,0.01456798924451902
test-76007,0.1866993178793583
test-76008,0.03144947347333984
test-76009,0.023768171739265653
test-7601,0.03591670105010407
test-76010,0.03275966409023301
test-76011,0.05970422601663029
test-76012,0.10893213999898937
test-76013,0.014008075504383237
test-76014,0.0173696774484928
test-76015,0.3697064019898001
test-76016,0.08890115724917734
test-76017,0.02299889615668769
test-76018,0.04127340513407714
test-76019,0.1647907575901218
test-7602,0.02160449127490314
test-76020,0.2866540558881472
test-76021,0.031046298679188494
test-76022,0.08651627012986852
test-76023,0.010109344359751912
test-76024,0.07246122996326587
test-76025,0.02073851968122588
test-76026,0.08879469394389819
test-76027,0.05654046394950118
test-76028,0.018364256421671186
test-76029,0.1192852442111224
test-7603,0.022374938194086896
test-76030,0.055971340744869105
test-76031,0.025364058126324994
test-76032,0.009847025404846058
test-76033,0.03911645823837208
test-76034,0.1613837626920481
test-76035,0.07413693594056009
test-76036,0.042747525713710544
test-76037,0.07977762397073186
test-76038,0.3111426173236922
test-76039,0.02726889992686625
test-7604,0.16896639312146633
test-76040,0.013663271953862799
test-76041,0.006389232087364696
test-76042,0.030011495026869225
test-76043,0.0168020387453387
test-76044,0.026445839533069317
test-76045,0.06273374946496282
test-76046,0.018590969766460026
test-76047,0.15886997023756744
test-76048,0.007976860721039761
test-76049,0.1431608675396688
test-7605,0.01818010483110709
test-76050,0.043964554244209274
test-76051,0.030745955388922927
test-76052,0.09812161673360088
test-76053,0.03586595905988579
test-76054,0.07610751539863445
test-76055,0.03670189167955589
test-76056,0.008850751319877033
test-76057,0.0538107885794457
test-76058,0.06182079374806212
test-76059,0.027071795027370744
test-7606,0.021160067512028827
test-76060,0.029406051649568013
test-76061,0.01945283973344856
test-76062,0.03559431518427349
test-76063,0.09657848268292753
test-76064,0.009177320210574507
test-76065,0.018307161933555118
test-76066,0.07823028229324128
test-76067,0.03337548669310741
test-76068,0.1258743417735491
test-76069,0.13900678209946057
test-7607,0.11905958568026355
test-76070,0.15071261327754834
test-76071,0.12460507488050093
test-76072,0.061577899304617906
test-76073,0.021578556557932786
test-76074,0.034462792400414846
test-76075,0.11133808048968277
test-76076,0.07003944541605096
test-76077,0.012694429398662123
test-76078,0.02462535302400587
test-76079,0.02609176513192105
test-7608,0.1459115933793699
test-76080,0.014352259961350212
test-76081,0.024955716118393416
test-76082,0.016989182180983768
test-76083,0.015276115645436319
test-76084,0.08110413393213176
test-76085,0.005036399539689347
test-76086,0.04980237711891466
test-76087,0.03547515288990306
test-76088,0.062083614105437744
test-76089,0.3614789899788685
test-7609,0.03517004844194266
test-76090,0.01644443832879783
test-76091,0.13193398706508028
test-76092,0.013096690099716332
test-76093,0.022749347987202538
test-76094,0.011737949103886598
test-76095,0.043433189331113974
test-76096,0.03957797408190487
test-76097,0.18584579411905597
test-76098,0.21875930679130248
test-76099,0.07332695277049121
test-761,0.031191787002470186
test-7610,0.06918762994615564
test-76100,0.018857705885819854
test-76101,0.26592994730547237
test-76102,0.05015468531813707
test-76103,0.2972158912794707
test-76104,0.1973157351142999
test-76105,0.03276254265193142
test-76106,0.006769901662866815
test-76107,0.1398817640174991
test-76108,0.14856958146696336
test-76109,0.10822102231637411
test-7611,0.04534827432853624
test-76110,0.010102375742762414
test-76111,0.008220992830900215
test-76112,0.10654459372968364
test-76113,0.17791941266026004
test-76114,0.04295285552182294
test-76115,0.009081325622167114
test-76116,0.019283256673132954
test-76117,0.015182458067716531
test-76118,0.021377865930595923
test-76119,0.016745827976615255
test-7612,0.08592132109463028
test-76120,0.04492676248167297
test-76121,0.009140109027168965
test-76122,0.10235660717539959
test-76123,0.01747876073224861
test-76124,0.1127279061666934
test-76125,0.012327788004684198
test-76126,0.017428198259521094
test-76127,0.04233298279294078
test-76128,0.21663005549954117
test-76129,0.1285727876993293
test-7613,0.02232157744853897
test-76130,0.03868888651753815
test-76131,0.014326635698940549
test-76132,0.019726577534961123
test-76133,0.1415159143150615
test-76134,0.012893009952005005
test-76135,0.13005667327758258
test-76136,0.2215808240564418
test-76137,0.011716991965682572
test-76138,0.07154554671561687
test-76139,0.016046865672102117
test-7614,0.02790061177206492
test-76140,0.02969167317472865
test-76141,0.13738757424821904
test-76142,0.03547515288990306
test-76143,0.008640301003661262
test-76144,0.20832624727891866
test-76145,0.3937301534634637
test-76146,0.027471521470755177
test-76147,0.1393186070413109
test-76148,0.12202170823461114
test-76149,0.060830464168921544
test-7615,0.07973965277242508
test-76150,0.01995061222284412
test-76151,0.3150066395487216
test-76152,0.06901217028123868
test-76153,0.33237016745917264
test-76154,0.1323255887846668
test-76155,0.009199889760431504
test-76156,0.06494601593636937
test-76157,0.10991164372623467
test-76158,0.14577335901536448
test-76159,0.10981480700405587
test-7616,0.06837716154279296
test-76160,0.10131017876088283
test-76161,0.07165695598571614
test-76162,0.034232951889036724
test-76163,0.156998046678529
test-76164,0.0769944279316698
test-76165,0.13584648180255504
test-76166,0.036198202697409525
test-76167,0.026304281752079436
test-76168,0.0700725383932461
test-76169,0.04252105837468247
test-7617,0.010119643450869074
test-76170,0.3061491249530963
test-76171,0.10055189911860005
test-76172,0.05082141138960983
test-76173,0.1495692294734287
test-76174,0.07300415700059695
test-76175,0.1367256766896665
test-76176,0.021251543301933795
test-76177,0.13473111397650483
test-76178,0.016895999183852248
test-76179,0.24690593561657248
test-7618,0.07590676411146113
test-76180,0.013904304776245139
test-76181,0.04260428151510008
test-76182,0.02961936100554334
test-76183,0.28309756851400286
test-76184,0.019557469354506845
test-76185,0.021355805790685592
test-76186,0.011337063863130298
test-76187,0.009884280174842027
test-76188,0.01069743761607782
test-76189,0.018782770559949535
test-7619,0.017356079071355092
test-76190,0.05032456663616559
test-76191,0.04973803027372902
test-76192,0.11569077238065668
test-76193,0.03940463202712289
test-76194,0.037658600636406254
test-76195,0.030872669894505114
test-76196,0.013208549746560735
test-76197,0.24245896668350353
test-76198,0.016818837170441588
test-76199,0.02241574975168532
test-762,0.21418518631176522
test-7620,0.148840082485034
test-76200,0.00790101230029265
test-76201,0.10358036107040831
test-76202,0.01780683161224258
test-76203,0.0412523893185563
test-76204,0.15683410776034584
test-76205,0.0228673531825374
test-76206,0.013025561554456963
test-76207,0.27441148732091525
test-76208,0.020988599718573253
test-76209,0.38594479722674285
test-7621,0.015543613464566444
test-76210,0.013027920425356783
test-76211,0.2533184879128008
test-76212,0.11134465300126702
test-76213,0.05580816195809716
test-76214,0.01131118724694044
test-76215,0.09095363519959088
test-76216,0.07385480079882192
test-76217,0.09347350967318542
test-76218,0.04662528717423498
test-76219,0.007659433129171505
test-7622,0.03599672963030003
test-76220,0.113073688199816
test-76221,0.02894328648018663
test-76222,0.2333650455388037
test-76223,0.13738010686938418
test-76224,0.08018312679031017
test-76225,0.21140745749531945
test-76226,0.030355347421153596
test-76227,0.008510186256777161
test-76228,0.037105041846329984
test-76229,0.015820080211137528
test-7623,0.18698711494191053
test-76230,0.016582723618375917
test-76231,0.061074166667259656
test-76232,0.019544675680616824
test-76233,0.01992119664682161
test-76234,0.01491612069686663
test-76235,0.2321904553596658
test-76236,0.08957048767852412
test-76237,0.056355873607603996
test-76238,0.016529211826259077
test-76239,0.021161889844516047
test-7624,0.05955168528822499
test-76240,0.17077668693071602
test-76241,0.03989864039132664
test-76242,0.24896009369379823
test-76243,0.22764056298225496
test-76244,0.02442849987201052
test-76245,0.04280662989937127
test-76246,0.010799687283739243
test-76247,0.009983885977347102
test-76248,0.06078969082279755
test-76249,0.20767825129422163
test-7625,0.05568048265433065
test-76250,0.22861279947410776
test-76251,0.02953758439180327
test-76252,0.25838482415722214
test-76253,0.07512180394517347
test-76254,0.027605409279988148
test-76255,0.0687732139720173
test-76256,0.03183798661852236
test-76257,0.25541852355787653
test-76258,0.25566113786894956
test-76259,0.020496171024713142
test-7626,0.06432510143781987
test-76260,0.0576252187975782
test-76261,0.016440301527120803
test-76262,0.0707119985986715
test-76263,0.015499451200918276
test-76264,0.14589180785418426
test-76265,0.14306203162058737
test-76266,0.030335608896396832
test-76267,0.014754382017671453
test-76268,0.1140873148537606
test-76269,0.05292334997477193
test-7627,0.015264437346065463
test-76270,0.21915963839762267
test-76271,0.026825500792628996
test-76272,0.013894594914049188
test-76273,0.21772376842568347
test-76274,0.0184364169460845
test-76275,0.14584971832814003
test-76276,0.02315715731965797
test-76277,0.025906238843048747
test-76278,0.06462716434972537
test-76279,0.028694868405857343
test-7628,0.08207971732392495
test-76280,0.25478729656228527
test-76281,0.18959546360091378
test-76282,0.019421124166970054
test-76283,0.01571328314527985
test-76284,0.029184010445053966
test-76285,0.03430134748739958
test-76286,0.23824705156970435
test-76287,0.05027134240656719
test-76288,0.3194513145396944
test-76289,0.033539662348918094
test-7629,0.02111956158290622
test-76290,0.007893881776791784
test-76291,0.02663380411590331
test-76292,0.015449936841909206
test-76293,0.11415727052758522
test-76294,0.03235545395299992
test-76295,0.16403269168520782
test-76296,0.03223269245735937
test-76297,0.1371051391295582
test-76298,0.12663596937894922
test-76299,0.01787524182445435
test-763,0.024687668203261952
test-7630,0.01647870846103355
test-76300,0.03020755062297153
test-76301,0.32119369177441454
test-76302,0.04609080096953033
test-76303,0.04457520525315754
test-76304,0.015645891029882265
test-76305,0.19093089595955146
test-76306,0.12944892012576575
test-76307,0.007291667940736362
test-76308,0.03468397836216628
test-76309,0.14121638419280005
test-7631,0.008979431294208256
test-76310,0.07851896097445257
test-76311,0.030304841778087264
test-76312,0.02827668198856767
test-76313,0.017753669275359294
test-76314,0.008241497010039098
test-76315,0.01596913337050651
test-76316,0.007123891240068231
test-76317,0.025458647529521202
test-76318,0.03989793804704822
test-76319,0.18460256962767543
test-7632,0.03481091577053802
test-76320,0.0657709155515728
test-76321,0.017069614701796527
test-76322,0.021190483380027058
test-76323,0.15400485148126594
test-76324,0.010076303824373632
test-76325,0.019424698607743998
test-76326,0.0707119985986715
test-76327,0.0407635939645627
test-76328,0.08110413393213176
test-76329,0.1313395705021038
test-7633,0.08890115724917734
test-76330,0.2267062928704133
test-76331,0.08597107762237566
test-76332,0.011754553421725518
test-76333,0.009708569958907285
test-76334,0.03968107579608275
test-76335,0.01572150742998399
test-76336,0.1703787300406823
test-76337,0.023314017814971513
test-76338,0.03240283995213259
test-76339,0.3266526790905081
test-7634,0.029020315426547306
test-76340,0.11890503619160865
test-76341,0.02468426050039587
test-76342,0.03908900191071408
test-76343,0.02372818644982875
test-76344,0.11489985456538936
test-76345,0.011809016974063108
test-76346,0.019836563660882173
test-76347,0.05339307069340168
test-76348,0.10803570832518306
test-76349,0.02861483481507234
test-7635,0.08877306929142051
test-76350,0.01952320747142939
test-76351,0.05759820246889032
test-76352,0.02193205007700738
test-76353,0.11546419619405902
test-76354,0.033069834557031136
test-76355,0.2406795892401053
test-76356,0.09507867310053797
test-76357,0.00797848145749947
test-76358,0.14858384215891032
test-76359,0.0669392073111586
test-7636,0.12560063132724533
test-76360,0.18090562649920533
test-76361,0.021915173393022663
test-76362,0.0103537155307237
test-76363,0.012075704752698844
test-76364,0.04475351461529831
test-76365,0.22310001208753488
test-76366,0.015236225047270735
test-76367,0.03061064192252244
test-76368,0.18734541497734417
test-76369,0.019184726617724013
test-7637,0.03170912372369171
test-76370,0.03573345588694816
test-76371,0.08898011649091553
test-76372,0.15731350203197517
test-76373,0.05339307069340168
test-76374,0.07136518300719376
test-76375,0.07725328849404303
test-76376,0.16559642727047214
test-76377,0.13267699843967243
test-76378,0.04100222835692572
test-76379,0.2181476443348545
test-7638,0.010134624874693942
test-76380,0.38430157697721756
test-76381,0.025712010712462572
test-76382,0.08136401660620035
test-76383,0.02870597061514193
test-76384,0.021246148306179723
test-76385,0.020730501466260202
test-76386,0.06803412447426488
test-76387,0.031668509971992984
test-76388,0.06623670596527755
test-76389,0.02979478293267492
test-7639,0.01071999890877113
test-76390,0.07802819961977205
test-76391,0.04535638146754219
test-76392,0.12819412947753134
test-76393,0.0366900459855652
test-76394,0.23976094596297495
test-76395,0.24141769013451234
test-76396,0.2311538671451577
test-76397,0.1244826595616544
test-76398,0.1377743621867726
test-76399,0.36347728422598236
test-764,0.09681526173888853
test-7640,0.10871894096358922
test-76400,0.019019070387821666
test-76401,0.046375405625159405
test-76402,0.023614958898553456
test-76403,0.01785321981199041
test-76404,0.008456639143960684
test-76405,0.16695447271917302
test-76406,0.0322560369895652
test-76407,0.0447346164040211
test-76408,0.010875160234815797
test-76409,0.018762588879976345
test-7641,0.016229963949238688
test-76410,0.059497350267777124
test-76411,0.1595536616809621
test-76412,0.011433522977201467
test-76413,0.029434929906504294
test-76414,0.17604968423363843
test-76415,0.020447522750925404
test-76416,0.07622597585313978
test-76417,0.04668833789651254
test-76418,0.15555557118642482
test-76419,0.015188752088350018
test-7642,0.008392112161732693
test-76420,0.015698579613189892
test-76421,0.2477526908808821
test-76422,0.023552843068812314
test-76423,0.06402129276234815
test-76424,0.09581464132772011
test-76425,0.007402410155140726
test-76426,0.08718282289448624
test-76427,0.020730501466260202
test-76428,0.0687732139720173
test-76429,0.015378349479666972
test-7643,0.20028642682024086
test-76430,0.0646536398675542
test-76431,0.01906537517406463
test-76432,0.14411355878808735
test-76433,0.027098964040076327
test-76434,0.0246512310294815
test-76435,0.09126805270809048
test-76436,0.01645192501893615
test-76437,0.08003083037374147
test-76438,0.17929441768085427
test-76439,0.019622469365461102
test-7644,0.10402854415279808
test-76440,0.03837736378308874
test-76441,0.023723843775388033
test-76442,0.2841424532080159
test-76443,0.2677074968192157
test-76444,0.10266908313147864
test-76445,0.008961132585370074
test-76446,0.10986632520427936
test-76447,0.01932914398229401
test-76448,0.030888758710500525
test-76449,0.07320080926410734
test-7645,0.14758901145821718
test-76450,0.027464810942393832
test-76451,0.17579409633009674
test-76452,0.25138529931620185
test-76453,0.06866260127631668
test-76454,0.1869213515024209
test-76455,0.018854728754135373
test-76456,0.03991427570930743
test-76457,0.32281183941702857
test-76458,0.13473111397650483
test-76459,0.09894217917792562
test-7646,0.28175080190731716
test-76460,0.047652671485521915
test-76461,0.01152632028874429
test-76462,0.005682117608428354
test-76463,0.02252923146976596
test-76464,0.2843307803505914
test-76465,0.01712812306378471
test-76466,0.0434890491141886
test-76467,0.0173859044912252
test-76468,0.21038334118457902
test-76469,0.014845862283773693
test-7647,0.4155213631166083
test-76470,0.12460507488050093
test-76471,0.23693090587312218
test-76472,0.01385088386866917
test-76473,0.049840155072039025
test-76474,0.01473466052589509
test-76475,0.035622190852144055
test-76476,0.030622748658450466
test-76477,0.03237461378621803
test-76478,0.011176464434391636
test-76479,0.012048648594747816
test-7648,0.04437475061053279
test-76480,0.15193889237966332
test-76481,0.31380257983712506
test-76482,0.016141387897063073
test-76483,0.012830612056183513
test-76484,0.08255068241292107
test-76485,0.024601473226868977
test-76486,0.07287513663214307
test-76487,0.03925477316493164
test-76488,0.01640886941227612
test-76489,0.007855512653668325
test-7649,0.012962765446716897
test-76490,0.31639113532117935
test-76491,0.13258410545797703
test-76492,0.008092790836499194
test-76493,0.010293197285930077
test-76494,0.02420353449582486
test-76495,0.2954234403200605
test-76496,0.02323005511567415
test-76497,0.21006957417038338
test-76498,0.026638025938766893
test-76499,0.20797393143145823
test-765,0.2355257144764389
test-7650,0.061577899304617906
test-76500,0.05318798506098278
test-76501,0.21192460600235882
test-76502,0.08112418019130498
test-76503,0.18597803915469963
test-76504,0.012307304084426358
test-76505,0.015782513266947656
test-76506,0.016652794840468128
test-76507,0.008162765665269784
test-76508,0.10828444892972408
test-76509,0.11321366967888183
test-7651,0.016403785100111336
test-76510,0.023609233121452064
test-76511,0.028914501256770263
test-76512,0.0707119985986715
test-76513,0.057651338639108506
test-76514,0.04051182369827448
test-76515,0.022288004762092146
test-76516,0.07154554671561687
test-76517,0.07765548192385864
test-76518,0.02714814788273385
test-76519,0.19947960319887648
test-7652,0.12372651010079236
test-76520,0.20527729889613452
test-76521,0.056379506482724426
test-76522,0.07984600052248031
test-76523,0.31055238135573715
test-76524,0.014373226215609096
test-76525,0.011724654917217942
test-76526,0.03982571539477658
test-76527,0.03571408945074798
test-76528,0.024794371728733163
test-76529,0.19649696916205764
test-7653,0.03581699597081872
test-76530,0.04391583419824058
test-76531,0.023166836780113928
test-76532,0.04718217778018356
test-76533,0.028874099992085588
test-76534,0.012125988081185502
test-76535,0.05688374086222094
test-76536,0.008207026883638054
test-76537,0.14279090022827168
test-76538,0.1319959913759028
test-76539,0.012906707688715388
test-7654,0.005758450950855998
test-76540,0.013208896579183728
test-76541,0.011659949307031028
test-76542,0.08163137628041296
test-76543,0.2538104132591178
test-76544,0.1313395705021038
test-76545,0.014675783144617061
test-76546,0.018932896303126022
test-76547,0.025377890692986117
test-76548,0.2727111973455593
test-76549,0.15388870660637963
test-7655,0.0306874942978367
test-76550,0.07177151615474975
test-76551,0.015972662914336643
test-76552,0.03419142497097163
test-76553,0.022474317152133064
test-76554,0.16695447271917302
test-76555,0.2013205771212686
test-76556,0.1189458376278875
test-76557,0.08003083037374147
test-76558,0.17793201909688677
test-76559,0.13818888674533258
test-7656,0.05015468531813707
test-76560,0.21743198271008898
test-76561,0.009798451746371617
test-76562,0.00986692341770471
test-76563,0.22996847128818868
test-76564,0.03646896429782093
test-76565,0.009714916241873253
test-76566,0.02070889106173611
test-76567,0.10747157028719928
test-76568,0.09088084055634432
test-76569,0.17909856925714268
test-7657,0.007857008222997867
test-76570,0.264396031193336
test-76571,0.03291794936520425
test-76572,0.250196453533263
test-76573,0.12874097239593613
test-76574,0.10118974939989343
test-76575,0.013625941593036718
test-76576,0.2602737860285572
test-76577,0.14518355574209166
test-76578,0.032316004014231695
test-76579,0.011962223326400385
test-7658,0.15321232873445423
test-76580,0.06781993388330633
test-76581,0.45741210789005216
test-76582,0.011082780435171736
test-76583,0.0615230214175466
test-76584,0.2380333168819059
test-76585,0.17304689575379814
test-76586,0.04049860151896432
test-76587,0.22697260005697492
test-76588,0.015449936841909206
test-76589,0.09577148861252165
test-7659,0.022921820373395893
test-76590,0.023539640391795517
test-76591,0.3338012188838904
test-76592,0.019116928721016294
test-76593,0.0322560369895652
test-76594,0.02306669772812342
test-76595,0.028523497056123497
test-76596,0.02912335805474075
test-76597,0.025125241509079077
test-76598,0.3941170298688875
test-76599,0.15366254227189804
test-766,0.19236271477146402
test-7660,0.1171091144717399
test-76600,0.010190070552928912
test-76601,0.16486567487279985
test-76602,0.08837240940759257
test-76603,0.0315626656750768
test-76604,0.011097329573176593
test-76605,0.06933945528441951
test-76606,0.04263286323148793
test-76607,0.017656477327433393
test-76608,0.0885340608750168
test-76609,0.2578200118475801
test-7661,0.02316471158079842
test-76610,0.1927069904040898
test-76611,0.09486257592983101
test-76612,0.0707911664276343
test-76613,0.005538686775829794
test-76614,0.009342867565698998
test-76615,0.09513362811501469
test-76616,0.1399156786685301
test-76617,0.19527593815879604
test-76618,0.1976080235671968
test-76619,0.0256182614662911
test-7662,0.014661993024536576
test-76620,0.14660621249274897
test-76621,0.016470631010388932
test-76622,0.14856299870374948
test-76623,0.08825448148366442
test-76624,0.13261418047972462
test-76625,0.06603069317235417
test-76626,0.14867380007005868
test-76627,0.04151134261121196
test-76628,0.03383677053301427
test-76629,0.2136634626531434
test-7663,0.011245324025381424
test-76630,0.014448990240790775
test-76631,0.016872680338043268
test-76632,0.04782133878409235
test-76633,0.01199736133683938
test-76634,0.1785027931013759
test-76635,0.16855649620008517
test-76636,0.012459182019637959
test-76637,0.008920728790375324
test-76638,0.008349952222107486
test-76639,0.018454225608461577
test-7664,0.031485007549107
test-76640,0.0180615437198935
test-76641,0.011260140682667721
test-76642,0.01179139967464423
test-76643,0.07896917855603469
test-76644,0.08931874899690034
test-76645,0.05205295113158994
test-76646,0.03437516582685142
test-76647,0.01430468400297177
test-76648,0.05898255594460937
test-76649,0.028174928100198084
test-7665,0.08402159989176528
test-76650,0.010825180608597697
test-76651,0.010552983633509946
test-76652,0.014460718853153177
test-76653,0.2078479461779904
test-76654,0.10672453462234169
test-76655,0.0846182167635542
test-76656,0.21059231923064217
test-76657,0.02865502301039915
test-76658,0.12663596937894922
test-76659,0.12148389770947801
test-7666,0.013296818209669874
test-76660,0.024233843752820325
test-76661,0.08903343551307567
test-76662,0.39324078457006145
test-76663,0.4001140406804215
test-76664,0.1398388875173638
test-76665,0.013985708302754578
test-76666,0.11544749704408486
test-76667,0.02438254685365592
test-76668,0.01027009339794965
test-76669,0.13727738840949233
test-7667,0.1279298920724106
test-76670,0.023260805409631404
test-76671,0.03524483701617781
test-76672,0.01635092159119283
test-76673,0.2997771371572329
test-76674,0.1840332380270463
test-76675,0.11672647659025298
test-76676,0.02664639826126145
test-76677,0.043300803714591864
test-76678,0.046266888641729266
test-76679,0.20952229771519562
test-7668,0.032275099064515304
test-76680,0.10812230317096443
test-76681,0.14473741322689912
test-76682,0.039579147011189184
test-76683,0.08822193369095144
test-76684,0.29620434940663637
test-76685,0.034746588810469686
test-76686,0.01307168428970249
test-76687,0.024790623866100838
test-76688,0.2828525711455759
test-76689,0.024913741046364606
test-7669,0.028492045251768204
test-76690,0.01528838953217574
test-76691,0.10091792782363986
test-76692,0.01019435428557345
test-76693,0.17741353469506252
test-76694,0.06464445709623133
test-76695,0.020897519619081355
test-76696,0.09569802881395213
test-76697,0.027124592178635578
test-76698,0.05273939999786985
test-76699,0.01255676831104394
test-767,0.015949515537373025
test-7670,0.16364303120081933
test-76700,0.0619858438815758
test-76701,0.010182915735614589
test-76702,0.0669392073111586
test-76703,0.12236246450418724
test-76704,0.03033202375910433
test-76705,0.07248369286149982
test-76706,0.14733759940238633
test-76707,0.013676773697248004
test-76708,0.0732858674232542
test-76709,0.04107190665803439
test-7671,0.026788964384141047
test-76710,0.0186792526413361
test-76711,0.02472838785858489
test-76712,0.036745913729618836
test-76713,0.1171690496722365
test-76714,0.021936533208992012
test-76715,0.03604509688438065
test-76716,0.18241052073856157
test-76717,0.021835974180061942
test-76718,0.17645226684991447
test-76719,0.13708739626979666
test-7672,0.030229019527194898
test-76720,0.014069192822385997
test-76721,0.03664557720265652
test-76722,0.18795923742667806
test-76723,0.03854431892199462
test-76724,0.016234386638912874
test-76725,0.05339307069340168
test-76726,0.08721192820498827
test-76727,0.05565868138010531
test-76728,0.03309668898076403
test-76729,0.023511708430734028
test-7673,0.019543179453227706
test-76730,0.13676388101207382
test-76731,0.03174442490735237
test-76732,0.18932675798911267
test-76733,0.11605750684178578
test-76734,0.017670132259436783
test-76735,0.03719524814771107
test-76736,0.18574556226366246
test-76737,0.006986302700970459
test-76738,0.08725714365503714
test-76739,0.1877966132428709
test-7674,0.021724548890163446
test-76740,0.11267772204993382
test-76741,0.02041908495097131
test-76742,0.04047965445819628
test-76743,0.30014160684871727
test-76744,0.01395593935710417
test-76745,0.009923212858565752
test-76746,0.01323092243349767
test-76747,0.07189439199483197
test-76748,0.012988951171105545
test-76749,0.08236444756804498
test-7675,0.011413507308042223
test-76750,0.0955966801524942
test-76751,0.03611663395578433
test-76752,0.0599202466020085
test-76753,0.031251523965331096
test-76754,0.0737558922674346
test-76755,0.02615628423978803
test-76756,0.16527363159114564
test-76757,0.1398817640174991
test-76758,0.14438556800575658
test-76759,0.0210917679546785
test-7676,0.23754673628821268
test-76760,0.07692070954362838
test-76761,0.15661750127198884
test-76762,0.05487776745599645
test-76763,0.052231203233027566
test-76764,0.023441138762882677
test-76765,0.23004021424870977
test-76766,0.32123169484399744
test-76767,0.11041755034635796
test-76768,0.014385568639111836
test-76769,0.20817512419799825
test-7677,0.06866260127631668
test-76770,0.3388281290462991
test-76771,0.008587179428866701
test-76772,0.009123094826292597
test-76773,0.15095715773765006
test-76774,0.14366983075478063
test-76775,0.0333856602111002
test-76776,0.131570964825259
test-76777,0.28009273674971374
test-76778,0.33303260952454955
test-76779,0.1816672879667187
test-7678,0.01802399747522042
test-76780,0.23734795059096006
test-76781,0.05868441121108706
test-76782,0.056719954711376405
test-76783,0.2658265082369686
test-76784,0.18101138206726725
test-76785,0.018311975709485194
test-76786,0.22998476004784082
test-76787,0.030710391314618606
test-76788,0.029490244929561957
test-76789,0.1939836262784484
test-7679,0.21840937169928656
test-76790,0.32479856750395025
test-76791,0.12042180084867092
test-76792,0.13632316857259644
test-76793,0.4001140406804215
test-76794,0.01748897653013314
test-76795,0.015411394695231262
test-76796,0.023365772919033252
test-76797,0.4130322048524721
test-76798,0.09697256493189678
test-76799,0.40686754259466146
test-768,0.05061020081506603
test-7680,0.11034420301625611
test-76800,0.09554393168358884
test-76801,0.013885820750788423
test-76802,0.060862128669975465
test-76803,0.12369514547988265
test-76804,0.2183256723778586
test-76805,0.14638366141013323
test-76806,0.06320365029900642
test-76807,0.0540098903991116
test-76808,0.03213640589243569
test-76809,0.04278025505502977
test-7681,0.057345644728707575
test-76810,0.010155831865304566
test-76811,0.05017749104173642
test-76812,0.28209352232292145
test-76813,0.09982158320622143
test-76814,0.011173691066246001
test-76815,0.3061662556797202
test-76816,0.08196973207204497
test-76817,0.021158894719967205
test-76818,0.016589765519326886
test-76819,0.021383747732432384
test-7682,0.013612793815452974
test-76820,0.015859972816385424
test-76821,0.024348731085372305
test-76822,0.028995855264812593
test-76823,0.06322736015049926
test-76824,0.013183021354564861
test-76825,0.02543413379811761
test-76826,0.03541948819331926
test-76827,0.03534274344248717
test-76828,0.12663596937894922
test-76829,0.3205679663423559
test-7683,0.018396005982922063
test-76830,0.1917596799680133
test-76831,0.015127588416514352
test-76832,0.2977214733863625
test-76833,0.019423583336081924
test-76834,0.05171430775274728
test-76835,0.06807277471988875
test-76836,0.00842449434001588
test-76837,0.021114981279030852
test-76838,0.018606730004750334
test-76839,0.014859992710660701
test-7684,0.05699642144050015
test-76840,0.04795040618582279
test-76841,0.2877931941750862
test-76842,0.0761463288834153
test-76843,0.019069217769753972
test-76844,0.27614343885923975
test-76845,0.16172854777070317
test-76846,0.022665025137051608
test-76847,0.18398858786178274
test-76848,0.007660060265991586
test-76849,0.04717521276775978
test-7685,0.056491007615121644
test-76850,0.016270184024423318
test-76851,0.06613128233036399
test-76852,0.1343754832776903
test-76853,0.0316545191001863
test-76854,0.019563946219467093
test-76855,0.1640619093980455
test-76856,0.12669521753714805
test-76857,0.023418336248962442
test-76858,0.01188902486913141
test-76859,0.023815172467478163
test-7686,0.016055711773267135
test-76860,0.008077438804881815
test-76861,0.019809514561560545
test-76862,0.17249831047961994
test-76863,0.07896917855603469
test-76864,0.008706288559388584
test-76865,0.03373387910400396
test-76866,0.29228456393356905
test-76867,0.023792323835763997
test-76868,0.02439082000890906
test-76869,0.17115428491377643
test-7687,0.12504710997838903
test-76870,0.19407766487774955
test-76871,0.10123089658767324
test-76872,0.014389630520797048
test-76873,0.026763874278512345
test-76874,0.007320097304247837
test-76875,0.016440974066251737
test-76876,0.015405876505783268
test-76877,0.040036434232552064
test-76878,0.01771081809340238
test-76879,0.03202165990116118
test-7688,0.07968008541165149
test-76880,0.019710393517128312
test-76881,0.02154426300720168
test-76882,0.19839255492151733
test-76883,0.044859379564162076
test-76884,0.2389363027353386
test-76885,0.09524121007675958
test-76886,0.017637791343696894
test-76887,0.08919521952080592
test-76888,0.036198202697409525
test-76889,0.03491835751119833
test-7689,0.0573497802384912
test-76890,0.22270250507726497
test-76891,0.020724495497093102
test-76892,0.02142618272869868
test-76893,0.01304164621052352
test-76894,0.0279928023704105
test-76895,0.007176554906888468
test-76896,0.009251591272054332
test-76897,0.021783412587825856
test-76898,0.2886553491771552
test-76899,0.00827803342254388
test-769,0.015052648482964328
test-7690,0.048142056766733235
test-76900,0.02129521875624833
test-76901,0.04761792613605072
test-76902,0.3060764207651634
test-76903,0.010273131760987054
test-76904,0.01905678263885777
test-76905,0.20530773869374427
test-76906,0.03879980411491855
test-76907,0.019429645077319722
test-76908,0.08669346214936864
test-76909,0.036009181840934025
test-7691,0.06536223713170791
test-76910,0.25541852355787653
test-76911,0.07132911358688375
test-76912,0.04621120645056977
test-76913,0.009781262369940672
test-76914,0.05284572348526819
test-76915,0.023315675671336526
test-76916,0.20790840673921557
test-76917,0.013102429018510749
test-76918,0.17710931184613996
test-76919,0.011022234379630923
test-7692,0.04002990845528347
test-76920,0.010504154154662583
test-76921,0.020251670618139456
test-76922,0.12867528402986597
test-76923,0.26015696446720993
test-76924,0.16317708298834446
test-76925,0.3102895700718625
test-76926,0.1792646925956755
test-76927,0.02235161151569265
test-76928,0.23034258387121972
test-76929,0.23648799865232792
test-7693,0.07354605673771954
test-76930,0.02553232809539905
test-76931,0.27962350726425866
test-76932,0.010190189164375559
test-76933,0.014322195256926292
test-76934,0.025625932808231916
test-76935,0.03725984681093405
test-76936,0.05355621083200377
test-76937,0.017707638171320463
test-76938,0.2020416100507725
test-76939,0.10135147787955867
test-7694,0.06531498278482814
test-76940,0.032598386432795
test-76941,0.010664787037409069
test-76942,0.18821163407568947
test-76943,0.26389604916193926
test-76944,0.0895814877619895
test-76945,0.03273310188058774
test-76946,0.033098446423393435
test-76947,0.06292916398658291
test-76948,0.015180991462409853
test-76949,0.04984605287855657
test-7695,0.037802933463891165
test-76950,0.14974437252017722
test-76951,0.09860381645007209
test-76952,0.014014243304229297
test-76953,0.012685036591761177
test-76954,0.07092116916704046
test-76955,0.024868962794795772
test-76956,0.2924233567940092
test-76957,0.2758771168853234
test-76958,0.06696807363726058
test-76959,0.20620732746311307
test-7696,0.05074171205774096
test-76960,0.11276715586889265
test-76961,0.008230855334803708
test-76962,0.005287628502592139
test-76963,0.19716093469745033
test-76964,0.04302531188726054
test-76965,0.12098609052347141
test-76966,0.011171684817864626
test-76967,0.03561633174927107
test-76968,0.012784001229000197
test-76969,0.03003144876061405
test-7697,0.0682210654707025
test-76970,0.30777742974918687
test-76971,0.0662701487970718
test-76972,0.01466600982633951
test-76973,0.05545923470447503
test-76974,0.07261730728009697
test-76975,0.032566791556238726
test-76976,0.027471521470755177
test-76977,0.020763370621495657
test-76978,0.019383949857735176
test-76979,0.01530341830782486
test-7698,0.018849563831696274
test-76980,0.009554727131106232
test-76981,0.05339307069340168
test-76982,0.019011054333485176
test-76983,0.022879486531207954
test-76984,0.016605708601417118
test-76985,0.2501683068153643
test-76986,0.05339307069340168
test-76987,0.07300415700059695
test-76988,0.02028630397577134
test-76989,0.00922835916902928
test-7699,0.18708180726570955
test-76990,0.05341063703371072
test-76991,0.031262630127330555
test-76992,0.029989764280451654
test-76993,0.26525367140618067
test-76994,0.049252878760850334
test-76995,0.03217148106861156
test-76996,0.15925862020686524
test-76997,0.16584768044331827
test-76998,0.021700944982932895
test-76999,0.019095624361856172
test-77,0.02724984984449141
test-770,0.0404346419521019
test-7700,0.07259699729733814
test-77000,0.05620688077084782
test-77001,0.31280027616610684
test-77002,0.01838786561917709
test-77003,0.014931717026836605
test-77004,0.019928384331973224
test-77005,0.008258736334745111
test-77006,0.017550352652420692
test-77007,0.039477482084524645
test-77008,0.08118657380805676
test-77009,0.01708795377307525
test-7701,0.04616809198587379
test-77010,0.20368655124824386
test-77011,0.21008578755302207
test-77012,0.015141725909864874
test-77013,0.023858853457869852
test-77014,0.026199066142652088
test-77015,0.07886389856148882
test-77016,0.023708037019454318
test-77017,0.04718217778018356
test-77018,0.15731559328928368
test-77019,0.013270211418971034
test-7702,0.013707378614230699
test-77020,0.016081425380615258
test-77021,0.26371485876795103
test-77022,0.018473201144831943
test-77023,0.06915775379309087
test-77024,0.11944215491434401
test-77025,0.08840401774384149
test-77026,0.010557313473357047
test-77027,0.13585134372797092
test-77028,0.007480321986245949
test-77029,0.31730252989813446
test-7703,0.01314169836584694
test-77030,0.17805308592534166
test-77031,0.033062955998837046
test-77032,0.040923826718967
test-77033,0.09487183770871345
test-77034,0.009371112326522166
test-77035,0.1022408897537469
test-77036,0.011180253612439597
test-77037,0.37007359699537107
test-77038,0.1155992394083893
test-77039,0.1313395705021038
test-7704,0.08400852901007227
test-77040,0.0096102322006254
test-77041,0.015182195883963974
test-77042,0.018749510511617086
test-77043,0.03340592420831749
test-77044,0.03517554983071838
test-77045,0.0687732139720173
test-77046,0.10373811943857802
test-77047,0.06514984485053336
test-77048,0.08082465810968421
test-77049,0.013102429018510749
test-7705,0.012003455656113673
test-77050,0.24326203137866922
test-77051,0.1178448462483498
test-77052,0.024120194472622748
test-77053,0.009958754570386577
test-77054,0.025770595461276552
test-77055,0.1847430019045104
test-77056,0.06635372140391775
test-77057,0.021275006790793357
test-77058,0.1401994369024176
test-77059,0.06612022140760322
test-7706,0.23188431335706694
test-77060,0.06370939923503889
test-77061,0.05339307069340168
test-77062,0.032039855717219984
test-77063,0.047249991200654824
test-77064,0.015885712761223716
test-77065,0.016748650269152735
test-77066,0.01993328928334195
test-77067,0.009271292215570187
test-77068,0.06836086863597629
test-77069,0.06866260127631668
test-7707,0.2821515413191359
test-77070,0.08367868497037381
test-77071,0.19947960319887648
test-77072,0.11709343371842393
test-77073,0.011197246574106966
test-77074,0.06803412447426488
test-77075,0.021796079945065137
test-77076,0.4016507412109098
test-77077,0.02314706934961257
test-77078,0.1547433090778926
test-77079,0.31694077025184464
test-7708,0.40773820875244604
test-77080,0.01889235818027354
test-77081,0.20550261594221314
test-77082,0.016425024856827522
test-77083,0.031433327001634655
test-77084,0.08040386993301084
test-77085,0.10121692531007108
test-77086,0.16862936169275256
test-77087,0.008860371941847033
test-77088,0.2330283811318299
test-77089,0.07687771842383864
test-7709,0.037639592859793784
test-77090,0.2044799643817732
test-77091,0.02751128478821621
test-77092,0.021861809340423907
test-77093,0.11763788902110663
test-77094,0.010546411516718783
test-77095,0.07167592627905474
test-77096,0.01638848681310368
test-77097,0.2528351114713763
test-77098,0.017171461248075868
test-77099,0.2617379698057856
test-771,0.10113581136690687
test-7710,0.037046391414515815
test-77100,0.017645380032289507
test-77101,0.062012733697076605
test-77102,0.19996729588045892
test-77103,0.0628943691783606
test-77104,0.013143234241194401
test-77105,0.04464716509677099
test-77106,0.29394994659028234
test-77107,0.01607432170507548
test-77108,0.09294712804583938
test-77109,0.14465500851774535
test-7711,0.03027475165099178
test-77110,0.033304704164763825
test-77111,0.009983780105649714
test-77112,0.027471521470755177
test-77113,0.03454738099289591
test-77114,0.006376465937515026
test-77115,0.03133468528022823
test-77116,0.0687732139720173
test-77117,0.02006760791243595
test-77118,0.12861304817504618
test-77119,0.048910949228063265
test-7712,0.02757608851656246
test-77120,0.02224521830370076
test-77121,0.27454873323279955
test-77122,0.03317357571672344
test-77123,0.013502907847687757
test-77124,0.011567235545236703
test-77125,0.24410582069318876
test-77126,0.033976376399573446
test-77127,0.08083929834726071
test-77128,0.007568318709202456
test-77129,0.0846182167635542
test-7713,0.22472840070228406
test-77130,0.06846272699886131
test-77131,0.042074880177672296
test-77132,0.038713319586871194
test-77133,0.03522644821985927
test-77134,0.019665565682597995
test-77135,0.07300856685267218
test-77136,0.0157168280723399
test-77137,0.03253835257971062
test-77138,0.026822817409935088
test-77139,0.01293109400907605
test-7714,0.11095305895807708
test-77140,0.024840373135949417
test-77141,0.12663596937894922
test-77142,0.021288316054689838
test-77143,0.024828500103613024
test-77144,0.141374837327282
test-77145,0.012229103429423809
test-77146,0.013213166816432665
test-77147,0.04688163618239434
test-77148,0.04931063405107687
test-77149,0.027954615967535144
test-7715,0.13757508339042473
test-77150,0.009048514988035236
test-77151,0.03394517755049771
test-77152,0.14177102533818148
test-77153,0.09649882684004954
test-77154,0.038897168401779494
test-77155,0.17645226684991447
test-77156,0.02108314420140011
test-77157,0.009605629309065214
test-77158,0.028748993286976214
test-77159,0.011588069186036647
test-7716,0.008391819352450161
test-77160,0.026250914926441514
test-77161,0.34257357128167115
test-77162,0.17541745418757068
test-77163,0.197286025661373
test-77164,0.18341716353133927
test-77165,0.010340938187847648
test-77166,0.11543498080582862
test-77167,0.10687678664109386
test-77168,0.012849256285730136
test-77169,0.02091692226067646
test-7717,0.29827120591249473
test-77170,0.02324860888357399
test-77171,0.040266242442310834
test-77172,0.05257588823190154
test-77173,0.17645226684991447
test-77174,0.012347585910333952
test-77175,0.035100753476775055
test-77176,0.061577899304617906
test-77177,0.19627072081776406
test-77178,0.0713317111604314
test-77179,0.02132235962161877
test-7718,0.1328992163609263
test-77180,0.02806574573639831
test-77181,0.07352094264480995
test-77182,0.09319317390442408
test-77183,0.01730781688798624
test-77184,0.07009900372481655
test-77185,0.013475432574775598
test-77186,0.00954648540162881
test-77187,0.2190959467554933
test-77188,0.012679580875858769
test-77189,0.14288974211133154
test-7719,0.06255185296307365
test-77190,0.022773267334884505
test-77191,0.19262343425909806
test-77192,0.04058985487195475
test-77193,0.29255553195848455
test-77194,0.022575883515913758
test-77195,0.02058154842637875
test-77196,0.05742744631016267
test-77197,0.009731377369191904
test-77198,0.2254136588224845
test-77199,0.0572123070901711
test-772,0.27952876722447484
test-7720,0.22613800953915789
test-77200,0.2655562257311873
test-77201,0.2446409050338583
test-77202,0.011246024670242926
test-77203,0.03288480613027889
test-77204,0.007110189152012833
test-77205,0.16725775175328272
test-77206,0.013445354990824885
test-77207,0.042501691534725085
test-77208,0.25548370416356175
test-77209,0.0463098225233093
test-7721,0.013330287780056635
test-77210,0.29993711275533225
test-77211,0.04084927037261078
test-77212,0.008254652051318092
test-77213,0.01357168966726645
test-77214,0.13945384637413308
test-77215,0.024249606166687376
test-77216,0.009671114251230309
test-77217,0.011260140682667721
test-77218,0.016103136142594898
test-77219,0.02168075201310771
test-7722,0.00840977459005071
test-77220,0.07765548192385864
test-77221,0.023051116438506398
test-77222,0.21387133656082263
test-77223,0.02980127913271256
test-77224,0.05081668642486092
test-77225,0.045476378050374223
test-77226,0.018166099485397078
test-77227,0.04715708330759809
test-77228,0.009143517798907519
test-77229,0.20280833974733295
test-7723,0.35237775335586885
test-77230,0.18457343259606548
test-77231,0.018476460970607587
test-77232,0.012907475124311644
test-77233,0.014115294666361874
test-77234,0.031061923409425467
test-77235,0.018897995328804405
test-77236,0.013381233772992336
test-77237,0.011030138218203044
test-77238,0.10717977379707183
test-77239,0.01835428458327127
test-7724,0.019251272401777722
test-77240,0.04318255125995639
test-77241,0.021864725249962424
test-77242,0.12994694516943137
test-77243,0.19194645234872149
test-77244,0.021526202484739212
test-77245,0.2314314691806168
test-77246,0.013037498384960763
test-77247,0.012583972754453283
test-77248,0.25082413403599996
test-77249,0.06987736199948241
test-7725,0.1036897034957912
test-77250,0.04513952594063584
test-77251,0.015043075482591041
test-77252,0.008575962154252322
test-77253,0.008704699561441136
test-77254,0.05069422707821251
test-77255,0.22964676731191722
test-77256,0.017987029109488815
test-77257,0.032668861653096244
test-77258,0.060317681454458615
test-77259,0.02263048436219551
test-7726,0.03436348414032107
test-77260,0.02153045895469516
test-77261,0.03495751845712907
test-77262,0.2703604802001191
test-77263,0.1638570849272217
test-77264,0.01816627850731096
test-77265,0.019726577534961123
test-77266,0.20062764572822267
test-77267,0.011649461521885238
test-77268,0.013098082138223176
test-77269,0.015366035005140694
test-7727,0.10682580994764118
test-77270,0.34528003818317243
test-77271,0.029802131245686446
test-77272,0.026272719894542784
test-77273,0.12056362792764973
test-77274,0.007540409157914677
test-77275,0.019256266866915655
test-77276,0.021495698923156968
test-77277,0.10903962375797746
test-77278,0.015002331818454838
test-77279,0.16486567487279985
test-7728,0.24553407109568778
test-77280,0.011699168742967487
test-77281,0.05434363218900722
test-77282,0.0117237394021366
test-77283,0.14798052450273302
test-77284,0.013173369966038687
test-77285,0.07154554671561687
test-77286,0.08912404371589404
test-77287,0.06491758169343655
test-77288,0.053662368883079035
test-77289,0.052890497625028454
test-7729,0.030376369731905394
test-77290,0.06980830189606753
test-77291,0.20425089733738827
test-77292,0.026822817409935088
test-77293,0.1287632128133886
test-77294,0.32993703958256637
test-77295,0.3126864797662382
test-77296,0.00810364612133761
test-77297,0.027940201429365704
test-77298,0.09673533330374554
test-77299,0.04968592290034153
test-773,0.06406100464239264
test-7730,0.017088505533375504
test-77300,0.041441416196028605
test-77301,0.015883465235268426
test-77302,0.04130554241616914
test-77303,0.157891165336115
test-77304,0.08037430218334729
test-77305,0.12645720216746267
test-77306,0.0998396305470114
test-77307,0.0521305711239903
test-77308,0.13931297269790835
test-77309,0.018276007310047974
test-7731,0.1470349412360991
test-77310,0.015532090939904899
test-77311,0.07096446565888062
test-77312,0.006308869074207436
test-77313,0.0110412751863426
test-77314,0.1290621269058016
test-77315,0.0424466245834741
test-77316,0.07595943029407243
test-77317,0.09860381645007209
test-77318,0.017335425169841785
test-77319,0.015764189980610712
test-7732,0.09647975898357596
test-77320,0.17714702408025584
test-77321,0.016193210852094405
test-77322,0.03882782471225247
test-77323,0.014683108071172221
test-77324,0.021176670602333646
test-77325,0.2262887729828075
test-77326,0.014685746886460137
test-77327,0.011052531641681048
test-77328,0.03117502901096009
test-77329,0.07238681607504431
test-7733,0.017548558808582023
test-77330,0.02821495604059553
test-77331,0.10514666442536433
test-77332,0.0275385401955079
test-77333,0.27374537498980134
test-77334,0.03517554983071838
test-77335,0.28124703875556367
test-77336,0.11992865485900006
test-77337,0.028248064649526724
test-77338,0.013523008986433452
test-77339,0.017808423708689212
test-7734,0.3093113758151918
test-77340,0.16984684559781288
test-77341,0.12750083480216265
test-77342,0.11350223763096438
test-77343,0.029058229081285296
test-77344,0.021363829169619174
test-77345,0.0075489033313122485
test-77346,0.029811729065221414
test-77347,0.014226890076715936
test-77348,0.013841339434781873
test-77349,0.23777609889711082
test-7735,0.07270163841092878
test-77350,0.12706607873714246
test-77351,0.19319096195528251
test-77352,0.007412350936366664
test-77353,0.18458286056605624
test-77354,0.15932871756529088
test-77355,0.1846828497646143
test-77356,0.10582259028461663
test-77357,0.3699359673195364
test-77358,0.0285892292747777
test-77359,0.30287545363193863
test-7736,0.07896917855603469
test-77360,0.22915526639818726
test-77361,0.013994920452686327
test-77362,0.29728712381106076
test-77363,0.07896917855603469
test-77364,0.020039034651911286
test-77365,0.11628910825839112
test-77366,0.006670218263616407
test-77367,0.1949517212552728
test-77368,0.0783001754094995
test-77369,0.011388295903623549
test-7737,0.015571864950983382
test-77370,0.12571719997453007
test-77371,0.06444283501137167
test-77372,0.11731188802771474
test-77373,0.011009012565934447
test-77374,0.011237140645524106
test-77375,0.07720041666244461
test-77376,0.008323527789134345
test-77377,0.0074288587262110765
test-77378,0.06152747631169546
test-77379,0.14329157528805475
test-7738,0.022636357686431966
test-77380,0.36935351429623403
test-77381,0.20923173416544094
test-77382,0.012701620148791459
test-77383,0.08615070572550097
test-77384,0.0846182167635542
test-77385,0.016125098845551262
test-77386,0.06813305300160516
test-77387,0.19852151452153158
test-77388,0.047795489235172975
test-77389,0.04475351461529831
test-7739,0.273622327896672
test-77390,0.01322864706779052
test-77391,0.1734528017622262
test-77392,0.14989135303775772
test-77393,0.03611663395578433
test-77394,0.010351683240645289
test-77395,0.02404581724638067
test-77396,0.26266109126485243
test-77397,0.0751332706005262
test-77398,0.08771267740129415
test-77399,0.02596880771394803
test-774,0.011171684817864626
test-7740,0.0058080323199496756
test-77400,0.011452462859885637
test-77401,0.3937301534634637
test-77402,0.32552041606747134
test-77403,0.026751636930709182
test-77404,0.008959249562696496
test-77405,0.20523412207816144
test-77406,0.024930012730627962
test-77407,0.031342831892101825
test-77408,0.22824290786583487
test-77409,0.017781517531680092
test-7741,0.02915796823867266
test-77410,0.3394107897242696
test-77411,0.008296276989240469
test-77412,0.13844485831116107
test-77413,0.19812116026870616
test-77414,0.09379823831791981
test-77415,0.15950491504260036
test-77416,0.0403743327243377
test-77417,0.11522564059566635
test-77418,0.026707111058335422
test-77419,0.1103334385813768
test-7742,0.03638079800558614
test-77420,0.08257966777329195
test-77421,0.03161693046130277
test-77422,0.010315278316142618
test-77423,0.033584882621283556
test-77424,0.03876999710342077
test-77425,0.06563250575846796
test-77426,0.36640663919411814
test-77427,0.06033373864228311
test-77428,0.32289296431654957
test-77429,0.08202676128255036
test-7743,0.3825855714825006
test-77430,0.007764180895029008
test-77431,0.05983798473351407
test-77432,0.020918623725318438
test-77433,0.006370205894054222
test-77434,0.14639232175998027
test-77435,0.2445333310679369
test-77436,0.0307650892563546
test-77437,0.01950579585273869
test-77438,0.03555921013511346
test-77439,0.14870271185164097
test-7744,0.08575106103511403
test-77440,0.09426128424724588
test-77441,0.10739168032588262
test-77442,0.09987131729732862
test-77443,0.006962154193318478
test-77444,0.20671483053357298
test-77445,0.06930482083694689
test-77446,0.14124284551004557
test-77447,0.07984600052248031
test-77448,0.2736229399764712
test-77449,0.13327320387106362
test-7745,0.21375414308418242
test-77450,0.030860211436749246
test-77451,0.0218791127917223
test-77452,0.15805591882033962
test-77453,0.04996278748007902
test-77454,0.01055855876087356
test-77455,0.2684044305638939
test-77456,0.04323469716922459
test-77457,0.013412230525473225
test-77458,0.033033190567207805
test-77459,0.27837905911413263
test-7746,0.08545230113128913
test-77460,0.021800693432864143
test-77461,0.19771095356720297
test-77462,0.020103049370309566
test-77463,0.01315355827300281
test-77464,0.1343888909335603
test-77465,0.34223675852065555
test-77466,0.10812230317096443
test-77467,0.03640555535811179
test-77468,0.057571571292621804
test-77469,0.05532394379018454
test-7747,0.006982779756623047
test-77470,0.04252105837468247
test-77471,0.02236510515530074
test-77472,0.06320868944785593
test-77473,0.0846182167635542
test-77474,0.04845093709297363
test-77475,0.07896917855603469
test-77476,0.3270875236535998
test-77477,0.3388625730399197
test-77478,0.08214455844189855
test-77479,0.015843042374807558
test-7748,0.008205568240215361
test-77480,0.028503810481409535
test-77481,0.1571459095262727
test-77482,0.04562318281587209
test-77483,0.16564836339845573
test-77484,0.13607470698015972
test-77485,0.19958411260234488
test-77486,0.07096446565888062
test-77487,0.1087651827361219
test-77488,0.044731147531547874
test-77489,0.1719874841734526
test-7749,0.014368439333333368
test-77490,0.04314821719516741
test-77491,0.015248229096468424
test-77492,0.012569702920267998
test-77493,0.03223968849406047
test-77494,0.015783714379282332
test-77495,0.013750835097830537
test-77496,0.09364749633749407
test-77497,0.05339307069340168
test-77498,0.21663005549954117
test-77499,0.18485336580497877
test-775,0.2520944155446072
test-7750,0.012542429819363574
test-77500,0.061187324816786154
test-77501,0.09365523567117581
test-77502,0.025972995860166645
test-77503,0.10893213999898937
test-77504,0.18511528792538312
test-77505,0.011841520233121856
test-77506,0.04155842842448603
test-77507,0.03890662288709889
test-77508,0.02791990970382587
test-77509,0.18233041260119667
test-7751,0.027111292853204603
test-77510,0.04300738188741309
test-77511,0.29963814978759706
test-77512,0.03810745848360462
test-77513,0.11543498080582862
test-77514,0.09257195494213447
test-77515,0.37116919256141767
test-77516,0.24024311525673683
test-77517,0.020192439228212705
test-77518,0.016829421370892293
test-77519,0.012801525334975992
test-7752,0.13052013024359574
test-77520,0.019266145932857248
test-77521,0.16648666624869368
test-77522,0.009525852300538649
test-77523,0.05339307069340168
test-77524,0.009844766817339836
test-77525,0.004861357043996304
test-77526,0.09211310950612332
test-77527,0.054398297138773886
test-77528,0.1281019658373099
test-77529,0.01281413885512429
test-7753,0.06391185257436711
test-77530,0.06445508507412044
test-77531,0.02063976602740363
test-77532,0.028218495596262067
test-77533,0.023150344395964542
test-77534,0.22864845658442529
test-77535,0.036077692974235215
test-77536,0.018286383554299002
test-77537,0.34813287082958266
test-77538,0.05998145885952995
test-77539,0.055476995166882634
test-7754,0.07896917855603469
test-77540,0.18961404099464235
test-77541,0.015971437582018584
test-77542,0.09095363519959088
test-77543,0.05003697088968722
test-77544,0.03593129388358587
test-77545,0.007941880632707052
test-77546,0.008627049492823242
test-77547,0.05165582441215035
test-77548,0.008975032801688048
test-77549,0.0114484512596395
test-7755,0.009129337642278077
test-77550,0.03744031762524297
test-77551,0.2686614671704172
test-77552,0.05339307069340168
test-77553,0.011091676564266628
test-77554,0.20875932129716152
test-77555,0.05964103735885279
test-77556,0.04518614912790843
test-77557,0.18889237071174927
test-77558,0.015670824620888438
test-77559,0.2256844337129291
test-7756,0.010417409903109165
test-77560,0.10385376453406665
test-77561,0.26127921719601577
test-77562,0.03405465320574072
test-77563,0.24425711318995533
test-77564,0.01980400429756471
test-77565,0.12099176132734665
test-77566,0.26025153369483855
test-77567,0.03181688567778041
test-77568,0.05487776745599645
test-77569,0.04582627905529062
test-7757,0.31550847351172256
test-77570,0.06687591078501293
test-77571,0.021304728838252775
test-77572,0.011868116856013074
test-77573,0.3954551042427276
test-77574,0.06505381169912326
test-77575,0.08196973207204497
test-77576,0.014150988721703709
test-77577,0.03945524395613389
test-77578,0.04185384312472396
test-77579,0.060330754297190835
test-7758,0.12456179376616706
test-77580,0.07035380374342053
test-77581,0.038406861047686654
test-77582,0.006223786633920408
test-77583,0.05407262265898574
test-77584,0.23327938574989807
test-77585,0.40786541024547146
test-77586,0.15845754043737378
test-77587,0.14081095954171166
test-77588,0.006774626169841955
test-77589,0.05626886625126266
test-7759,0.03349038242906078
test-77590,0.06721393631980155
test-77591,0.051159264684919326
test-77592,0.037639592859793784
test-77593,0.08921771061349804
test-77594,0.1917790076517364
test-77595,0.027964810678907007
test-77596,0.04194856375792426
test-77597,0.16948764875643343
test-77598,0.029288881113511977
test-77599,0.09787796055403811
test-776,0.28259683698840427
test-7760,0.07090126110924141
test-77600,0.024809187984002536
test-77601,0.13917118428459713
test-77602,0.06268437474236344
test-77603,0.08788120190007584
test-77604,0.028322528299109348
test-77605,0.3069822527258087
test-77606,0.09959942896469837
test-77607,0.2864074867950925
test-77608,0.011879989203129944
test-77609,0.12099176132734665
test-7761,0.14148218988842906
test-77610,0.026223785775408463
test-77611,0.012327482208582562
test-77612,0.00833763100776219
test-77613,0.021865609432450285
test-77614,0.00925454182377981
test-77615,0.03500081278101958
test-77616,0.08477248985216705
test-77617,0.01952320747142939
test-77618,0.0679179032863085
test-77619,0.07181000780792883
test-7762,0.1384321929735718
test-77620,0.014444273031703423
test-77621,0.2296465172671302
test-77622,0.014198177673447932
test-77623,0.20262632413867923
test-77624,0.017076510395021217
test-77625,0.05462756194591165
test-77626,0.09787796055403811
test-77627,0.04630187629482976
test-77628,0.1297476514053803
test-77629,0.04466858465533751
test-7763,0.014204681453584818
test-77630,0.03746508750620868
test-77631,0.20076579714671464
test-77632,0.15707873766089983
test-77633,0.03810495562487775
test-77634,0.17825684796481991
test-77635,0.012451853057610896
test-77636,0.21994828312465983
test-77637,0.014376491846732543
test-77638,0.019860648621022915
test-77639,0.019646076429977035
test-7764,0.012478942350740058
test-77640,0.028566378179555086
test-77641,0.16769473129037316
test-77642,0.07012730145847382
test-77643,0.1858329893966522
test-77644,0.016226216210655977
test-77645,0.2772854063813975
test-77646,0.03309358732831709
test-77647,0.035769146210895046
test-77648,0.031036219541288802
test-77649,0.030802718119646605
test-7765,0.030403806266781092
test-77650,0.011413507308042223
test-77651,0.291949160093525
test-77652,0.05653380711310686
test-77653,0.15310011273360596
test-77654,0.022826940420290327
test-77655,0.04467532354298773
test-77656,0.00836598870164902
test-77657,0.014561595977396728
test-77658,0.10107432249826992
test-77659,0.013576889030153168
test-7766,0.02917632594720804
test-77660,0.07220834573557275
test-77661,0.010906700089843636
test-77662,0.04764649086778507
test-77663,0.012578368903880546
test-77664,0.02542762885988727
test-77665,0.16907171778103994
test-77666,0.07799433853261355
test-77667,0.1734528017622262
test-77668,0.21017849404707883
test-77669,0.16327758538941473
test-7767,0.0699983069440986
test-77670,0.02875029841850972
test-77671,0.039056486816039286
test-77672,0.29342682281213217
test-77673,0.04252105837468247
test-77674,0.0846182167635542
test-77675,0.15578222629913951
test-77676,0.03622437480832182
test-77677,0.01592382426079345
test-77678,0.037211025947255096
test-77679,0.017871116188747663
test-7768,0.017488793069154285
test-77680,0.13844485831116107
test-77681,0.05113329507949809
test-77682,0.18877797228648707
test-77683,0.010537908516340538
test-77684,0.029669208503531
test-77685,0.08213008359695902
test-77686,0.05070446130396683
test-77687,0.02712610431248483
test-77688,0.009525852300538649
test-77689,0.03030979796803426
test-7769,0.278201667381778
test-77690,0.023486847140982127
test-77691,0.1375589617893924
test-77692,0.11398629460209432
test-77693,0.12442075658683192
test-77694,0.030355347421153596
test-77695,0.03649789568994264
test-77696,0.11821782214394605
test-77697,0.19724273568541736
test-77698,0.33754593629652924
test-77699,0.009400351139766235
test-777,0.1917480412430984
test-7770,0.020732989065687286
test-77700,0.01656839039579199
test-77701,0.020184049019556536
test-77702,0.18561180422609577
test-77703,0.03309647678823204
test-77704,0.03950915470502685
test-77705,0.17820205542073778
test-77706,0.18690700420876719
test-77707,0.08372627446230507
test-77708,0.18386916583090954
test-77709,0.03078214733767426
test-7771,0.08004403123479233
test-77710,0.04260166024449305
test-77711,0.2762814501491187
test-77712,0.1318446094280068
test-77713,0.184801328731238
test-77714,0.0897440842097266
test-77715,0.059354856111864245
test-77716,0.018818304804741053
test-77717,0.016387478579201618
test-77718,0.02588856345136815
test-77719,0.10700697752630126
test-7772,0.2588347902919842
test-77720,0.061577899304617906
test-77721,0.03991427570930743
test-77722,0.1496177991064506
test-77723,0.09967505524039096
test-77724,0.01968962893807065
test-77725,0.07886991284279492
test-77726,0.16695447271917302
test-77727,0.01187522510878402
test-77728,0.0165903623584868
test-77729,0.17742766214266004
test-7773,0.00943251890961264
test-77730,0.1732155447192417
test-77731,0.15536667462623457
test-77732,0.19430936936404455
test-77733,0.14457967852569908
test-77734,0.012948895513159519
test-77735,0.03378698103681873
test-77736,0.4001140406804215
test-77737,0.14584971832814003
test-77738,0.02965698995318962
test-77739,0.02129640611353226
test-7774,0.0862198604027153
test-77740,0.011593975393954924
test-77741,0.033181234426374905
test-77742,0.07989232789748876
test-77743,0.10384377606284996
test-77744,0.007939076330457717
test-77745,0.015403831473938936
test-77746,0.11512351736983528
test-77747,0.02284045124295261
test-77748,0.0496981473874399
test-77749,0.018145416488840282
test-7775,0.018517855729519028
test-77750,0.08775732134166785
test-77751,0.016331359599906812
test-77752,0.05069370844124963
test-77753,0.16764891873277107
test-77754,0.0737180719409479
test-77755,0.03963829386967988
test-77756,0.02392525422061012
test-77757,0.029898820979739373
test-77758,0.15834893872238973
test-77759,0.04744836284985823
test-7776,0.06859103111065669
test-77760,0.18262233760875243
test-77761,0.01788766605259665
test-77762,0.047811862475454464
test-77763,0.09577148861252165
test-77764,0.0888687870523802
test-77765,0.07564187602682827
test-77766,0.354299262873157
test-77767,0.00672199389767454
test-77768,0.04092435528827082
test-77769,0.05425985029853929
test-7777,0.2137490213282956
test-77770,0.0960649301636989
test-77771,0.08174950827115905
test-77772,0.011955432062479338
test-77773,0.00962243437812409
test-77774,0.11382597541477067
test-77775,0.01467709709277285
test-77776,0.03666082140635142
test-77777,0.015446314224356139
test-77778,0.046401948136345836
test-77779,0.028501050925987093
test-7778,0.008219456943553612
test-77780,0.08922494695046532
test-77781,0.044031336590971006
test-77782,0.16384831125533694
test-77783,0.09141655321336507
test-77784,0.24782168864499474
test-77785,0.008457434779763951
test-77786,0.0091119697118891
test-77787,0.09634025038348075
test-77788,0.15420253252192598
test-77789,0.021491438427938474
test-7779,0.04864376274953059
test-77790,0.017599494580395628
test-77791,0.2885732476737947
test-77792,0.1990293695692927
test-77793,0.025407992208073375
test-77794,0.3257253218515523
test-77795,0.018737893141683577
test-77796,0.05977713918218102
test-77797,0.014329602522944341
test-77798,0.028075057711322987
test-77799,0.020184049019556536
test-778,0.05225393959943348
test-7780,0.018255178154451126
test-77800,0.017091132485487628
test-77801,0.01933829478340921
test-77802,0.05575662895491638
test-77803,0.27764427359130384
test-77804,0.024684719999820054
test-77805,0.008158093146627531
test-77806,0.10209116971692427
test-77807,0.031036219541288802
test-77808,0.013203110490128407
test-77809,0.07823028229324128
test-7781,0.013284246117473896
test-77810,0.03886173685533646
test-77811,0.16182273275536574
test-77812,0.20119292790449267
test-77813,0.06769227346933265
test-77814,0.02295820534484996
test-77815,0.03504422402901168
test-77816,0.1419102966998017
test-77817,0.007863580652676984
test-77818,0.0669392073111586
test-77819,0.0819126252637051
test-7782,0.08181116950240602
test-77820,0.011752362280644644
test-77821,0.019044502522114863
test-77822,0.05682082338159373
test-77823,0.06554112327644049
test-77824,0.2812071053686543
test-77825,0.21428077499533
test-77826,0.010108140782950756
test-77827,0.05015468531813707
test-77828,0.06295860368448064
test-77829,0.07664102697332083
test-7783,0.028538693204208238
test-77830,0.10152779756571868
test-77831,0.13822908176125848
test-77832,0.31380257983712506
test-77833,0.027617672410591196
test-77834,0.14557024773409089
test-77835,0.03584036457827255
test-77836,0.05425209259681171
test-77837,0.24782168864499474
test-77838,0.022852881374132293
test-77839,0.022487548992525405
test-7784,0.0669392073111586
test-77840,0.014371629055633262
test-77841,0.009380801275998593
test-77842,0.10830061920015993
test-77843,0.011359874430755456
test-77844,0.02620053557362891
test-77845,0.014292832811629498
test-77846,0.06831814507785361
test-77847,0.1518186660957838
test-77848,0.01946908391262084
test-77849,0.12614711902775436
test-7785,0.011162137009121323
test-77850,0.022516547631894812
test-77851,0.04979337055572014
test-77852,0.28658852668192814
test-77853,0.013042126654504528
test-77854,0.0942210842148508
test-77855,0.05193274770087724
test-77856,0.1856792648512644
test-77857,0.05400256287771402
test-77858,0.09505452219577055
test-77859,0.03547515288990306
test-7786,0.0846182167635542
test-77860,0.01520143458532606
test-77861,0.02382599686347052
test-77862,0.1451518295462153
test-77863,0.025187092740405297
test-77864,0.006745972672617649
test-77865,0.023007980864477886
test-77866,0.4100690170957797
test-77867,0.2518228744504913
test-77868,0.04252105837468247
test-77869,0.1449397364351357
test-7787,0.04475351461529831
test-77870,0.012342566318433357
test-77871,0.039210470715615585
test-77872,0.18658803962925827
test-77873,0.14559314350411937
test-77874,0.014903224567996387
test-77875,0.12777633964241655
test-77876,0.025685321453420288
test-77877,0.022030027059455403
test-77878,0.010662776975820035
test-77879,0.010486657675093786
test-7788,0.012076883638794554
test-77880,0.03930809930797406
test-77881,0.14839592964691406
test-77882,0.01959732158078127
test-77883,0.02501654111349837
test-77884,0.03396462724356146
test-77885,0.01602096841931032
test-77886,0.1971182886159572
test-77887,0.037920534296144594
test-77888,0.019634861758172927
test-77889,0.1767421804291832
test-7789,0.0254929736483516
test-77890,0.015203771728669855
test-77891,0.05560404641855484
test-77892,0.015116640224707151
test-77893,0.19053904077772366
test-77894,0.11243992600235508
test-77895,0.021764910626643375
test-77896,0.03158438273850711
test-77897,0.11885357699397614
test-77898,0.021615826144541064
test-77899,0.15795178963336792
test-779,0.01970986658119052
test-7790,0.006542064252978466
test-77900,0.17654733380407922
test-77901,0.015714360053788567
test-77902,0.021746913609607916
test-77903,0.012247192494151909
test-77904,0.15788302488069983
test-77905,0.013503602986277613
test-77906,0.014338371632020005
test-77907,0.012883503534763988
test-77908,0.014885074741875242
test-77909,0.015209371834710314
test-7791,0.26163634657077794
test-77910,0.1357557690146496
test-77911,0.04019935806004712
test-77912,0.007860799794262695
test-77913,0.19777843870963838
test-77914,0.02912335805474075
test-77915,0.24107497242750991
test-77916,0.1408487658022275
test-77917,0.010663423301942157
test-77918,0.3147502131079928
test-77919,0.020779492939546156
test-7792,0.29515109101923925
test-77920,0.012631965457653938
test-77921,0.013725347376561446
test-77922,0.02170543565492295
test-77923,0.012300702005935756
test-77924,0.14819567784557655
test-77925,0.08890115724917734
test-77926,0.015669008671599535
test-77927,0.1660433448413362
test-77928,0.07779925044998214
test-77929,0.35598291917595726
test-7793,0.36244373932898094
test-77930,0.01630124134202353
test-77931,0.13654664811158346
test-77932,0.008648502573421885
test-77933,0.06909284838118104
test-77934,0.011546382621214338
test-77935,0.07914297076936055
test-77936,0.06769227346933265
test-77937,0.037065088134879506
test-77938,0.19018402637712978
test-77939,0.13729803139695307
test-7794,0.014444385898109232
test-77940,0.010975067692091743
test-77941,0.16477210368835363
test-77942,0.01995223458990745
test-77943,0.20573470955316026
test-77944,0.00959028650322475
test-77945,0.1297815114498038
test-77946,0.13323297115194346
test-77947,0.010748688481164607
test-77948,0.18709797314491886
test-77949,0.07300415700059695
test-7795,0.006622181033259455
test-77950,0.1464331788624467
test-77951,0.14453001259064813
test-77952,0.04050980765957148
test-77953,0.19880774776985727
test-77954,0.0732858674232542
test-77955,0.17645226684991447
test-77956,0.14499387345089929
test-77957,0.3108060501350999
test-77958,0.32641958553279166
test-77959,0.03574129974910105
test-7796,0.03281653423827879
test-77960,0.018548722127282653
test-77961,0.07004928039168978
test-77962,0.01999677364009554
test-77963,0.026796139853162197
test-77964,0.019107220891608188
test-77965,0.013091066786832289
test-77966,0.1450369900864203
test-77967,0.3015049642049047
test-77968,0.05251554368567003
test-77969,0.009058243771219958
test-7797,0.10207730881903024
test-77970,0.1812522731475276
test-77971,0.01888607560247551
test-77972,0.09894217917792562
test-77973,0.03889436168006379
test-77974,0.022868947608041746
test-77975,0.013711739528450416
test-77976,0.10261978185074887
test-77977,0.023280084222396216
test-77978,0.03522644821985927
test-77979,0.16885088407475612
test-7798,0.012983893761889074
test-77980,0.1869213515024209
test-77981,0.028308786430782624
test-77982,0.034473709993552495
test-77983,0.07312885594210813
test-77984,0.02403168801781399
test-77985,0.023176977483755766
test-77986,0.2936268135973265
test-77987,0.048760005633075545
test-77988,0.012162290143860093
test-77989,0.03240758764689325
test-7799,0.021163675458967655
test-77990,0.022842679558228177
test-77991,0.0744759739511813
test-77992,0.37969517856503504
test-77993,0.03010521126769091
test-77994,0.10053419780636419
test-77995,0.020341893279270353
test-77996,0.07939864994936202
test-77997,0.039579147011189184
test-77998,0.0241688971986852
test-77999,0.10699277782790838
test-78,0.012495098704097957
test-780,0.006861867483530507
test-7800,0.05836136797201411
test-78000,0.3203054380854518
test-78001,0.05811905653135344
test-78002,0.03293670353332133
test-78003,0.1936257068445898
test-78004,0.006448731739876634
test-78005,0.019334469543048044
test-78006,0.017900439087955217
test-78007,0.18988731837839687
test-78008,0.09106567499489404
test-78009,0.037353039605566664
test-7801,0.057838234671333096
test-78010,0.28641676316704495
test-78011,0.0361459600070909
test-78012,0.10812230317096443
test-78013,0.027471521470755177
test-78014,0.00831841778191277
test-78015,0.02099123196661146
test-78016,0.02471231619832516
test-78017,0.09126805270809048
test-78018,0.21982825641195075
test-78019,0.010603827740837525
test-7802,0.12995412439856738
test-78020,0.007321372402212029
test-78021,0.047966437783541815
test-78022,0.1376252780142714
test-78023,0.04698267824951107
test-78024,0.01951759727534336
test-78025,0.06097406845054997
test-78026,0.09244965906759418
test-78027,0.009927248070247738
test-78028,0.2472821888906391
test-78029,0.025471486081587544
test-7803,0.036599390526358515
test-78030,0.01578265640582506
test-78031,0.1645130986123088
test-78032,0.06162157729630093
test-78033,0.03946814697924153
test-78034,0.0867035628376612
test-78035,0.25525976544944223
test-78036,0.10859838674487922
test-78037,0.07666413761860694
test-78038,0.1068682917038417
test-78039,0.2360844219309243
test-7804,0.09787796055403811
test-78040,0.012721395548515826
test-78041,0.013131756274048613
test-78042,0.04913363137736417
test-78043,0.039579147011189184
test-78044,0.07267639084392193
test-78045,0.020422632471294666
test-78046,0.03517554983071838
test-78047,0.2429712953115778
test-78048,0.013345387807627718
test-78049,0.06249927046556223
test-7805,0.019519370992623474
test-78050,0.30825821131632125
test-78051,0.25812408411446613
test-78052,0.012144960831012144
test-78053,0.14246288157588366
test-78054,0.2500619084497104
test-78055,0.08993848050328451
test-78056,0.02070889106173611
test-78057,0.07258410499874059
test-78058,0.24452482119433563
test-78059,0.09046507522244569
test-7806,0.01091303133775751
test-78060,0.10689249733213331
test-78061,0.11852936457270269
test-78062,0.25425830275953704
test-78063,0.19635420543061544
test-78064,0.028562276380827197
test-78065,0.01650698418678494
test-78066,0.017731516701582014
test-78067,0.06980830189606753
test-78068,0.08003083037374147
test-78069,0.1447020136581715
test-7807,0.017621803409403988
test-78070,0.018094928614232893
test-78071,0.032378659605434186
test-78072,0.09535061669166549
test-78073,0.03609783483951046
test-78074,0.012491027164086132
test-78075,0.20599960185973004
test-78076,0.09461053780887678
test-78077,0.0689911106684602
test-78078,0.031458517631475
test-78079,0.2694772604528095
test-7808,0.061577899304617906
test-78080,0.008648502573421885
test-78081,0.19927094654358274
test-78082,0.006906996363785915
test-78083,0.00719520990608117
test-78084,0.024736424435457375
test-78085,0.015310690971455262
test-78086,0.08339724586623824
test-78087,0.2117561828182452
test-78088,0.1313395705021038
test-78089,0.024837082853247896
test-7809,0.019744509067811156
test-78090,0.010305781932955699
test-78091,0.2395318885299092
test-78092,0.03875805401201347
test-78093,0.05104276102141987
test-78094,0.026554464769382655
test-78095,0.0264820351461599
test-78096,0.0707119985986715
test-78097,0.08459283785358487
test-78098,0.11682241037080732
test-78099,0.018491934022380904
test-781,0.11089375343584064
test-7810,0.024297136236615863
test-78100,0.04952287860765794
test-78101,0.030517236185282452
test-78102,0.08853495826465144
test-78103,0.015224312249784357
test-78104,0.05526332250739581
test-78105,0.17909856925714268
test-78106,0.048277832223533296
test-78107,0.07761680826029813
test-78108,0.05210313940933434
test-78109,0.025365236830936055
test-7811,0.13421784202896228
test-78110,0.035327735569743536
test-78111,0.02990109452633671
test-78112,0.18314226266982422
test-78113,0.05368058579374111
test-78114,0.15598266322516496
test-78115,0.11655893027213471
test-78116,0.017402923125412428
test-78117,0.020912384761188715
test-78118,0.00853084921650516
test-78119,0.020671709720200247
test-7812,0.05307687978150982
test-78120,0.02466572337590596
test-78121,0.3486347506198369
test-78122,0.007522036599937784
test-78123,0.04252105837468247
test-78124,0.1410440528089363
test-78125,0.09095363519959088
test-78126,0.38863562688266357
test-78127,0.09495191399145929
test-78128,0.07287513663214307
test-78129,0.01637697474636509
test-7813,0.32580356895529605
test-78130,0.07896917855603469
test-78131,0.07912211436600963
test-78132,0.21516842170874365
test-78133,0.076246868912528
test-78134,0.011224245061251385
test-78135,0.1476132971156078
test-78136,0.05215112160777106
test-78137,0.24652970508871372
test-78138,0.15842677742730876
test-78139,0.030692604072847424
test-7814,0.17936158005707734
test-78140,0.03726257958812296
test-78141,0.1930744779217868
test-78142,0.148216297475914
test-78143,0.023231198020574866
test-78144,0.014505014886107682
test-78145,0.06486182674019088
test-78146,0.012202929728828362
test-78147,0.04315998269850748
test-78148,0.017073865395594426
test-78149,0.009192827520911351
test-7815,0.09673533330374554
test-78150,0.03308451982233266
test-78151,0.015877179152427704
test-78152,0.037422189182097686
test-78153,0.1232027032310102
test-78154,0.016160909900064323
test-78155,0.0669392073111586
test-78156,0.025185539590675994
test-78157,0.02727672605363042
test-78158,0.11847660408121326
test-78159,0.010024969971906408
test-7816,0.015247804309009837
test-78160,0.17624797371623574
test-78161,0.2141717834071982
test-78162,0.016385302855241292
test-78163,0.40527236696103575
test-78164,0.024670667786981723
test-78165,0.19693898466242452
test-78166,0.01173368696517604
test-78167,0.25915251229794195
test-78168,0.06324607704932189
test-78169,0.0962994335527908
test-7817,0.029578336690282418
test-78170,0.1315664901582681
test-78171,0.15872759680530107
test-78172,0.022448086925136633
test-78173,0.013453098453057654
test-78174,0.058721088489083306
test-78175,0.16286822575744214
test-78176,0.009330537767053757
test-78177,0.01695678062170185
test-78178,0.0410820465035571
test-78179,0.08033917330715795
test-7818,0.02112296089621023
test-78180,0.15124552615755957
test-78181,0.008918427294370203
test-78182,0.02259711009961791
test-78183,0.0375120757789188
test-78184,0.01506936602027718
test-78185,0.0127553785908678
test-78186,0.3448840081600428
test-78187,0.148840082485034
test-78188,0.04201587544696237
test-78189,0.15599946901778988
test-7819,0.09297442695049868
test-78190,0.02138206369054176
test-78191,0.19664946757605306
test-78192,0.19082876004473504
test-78193,0.08815188686011287
test-78194,0.07013717606758778
test-78195,0.2539092980414538
test-78196,0.019853535229086405
test-78197,0.0737180719409479
test-78198,0.019745055652107043
test-78199,0.016404017398131625
test-782,0.13156437981472494
test-7820,0.10000315538152091
test-78200,0.012424314387981503
test-78201,0.03190912050779163
test-78202,0.23116741734383028
test-78203,0.09353921552146091
test-78204,0.01304164621052352
test-78205,0.15208482657425365
test-78206,0.19051692644460086
test-78207,0.0467596049275667
test-78208,0.009980271792029316
test-78209,0.009861127424804191
test-7821,0.01501660544462612
test-78210,0.023461842695380285
test-78211,0.25193702447239275
test-78212,0.01949026547511523
test-78213,0.11021508354281988
test-78214,0.26059652633144864
test-78215,0.012610323822390584
test-78216,0.10756938121130533
test-78217,0.01614848536816466
test-78218,0.03957797408190487
test-78219,0.03481700085297843
test-7822,0.23868946895491142
test-78220,0.028061982565193672
test-78221,0.1313395705021038
test-78222,0.18977869848772966
test-78223,0.1674289799112201
test-78224,0.03137064444820866
test-78225,0.014174794459240308
test-78226,0.1812096532895265
test-78227,0.005170143497292719
test-78228,0.01618119894584407
test-78229,0.007785501302675856
test-7823,0.034462792400414846
test-78230,0.08884743158153059
test-78231,0.02517167588629617
test-78232,0.08549318337279413
test-78233,0.012778273352517494
test-78234,0.007585972236191164
test-78235,0.06780940248440363
test-78236,0.010876675127673954
test-78237,0.18418539639569032
test-78238,0.010156588419262822
test-78239,0.10317605973856851
test-7824,0.03712303337089821
test-78240,0.010199442833388452
test-78241,0.01647870846103355
test-78242,0.061577899304617906
test-78243,0.08003083037374147
test-78244,0.27566584235061575
test-78245,0.2783477460820518
test-78246,0.11543498080582862
test-78247,0.02273585351409183
test-78248,0.06392802749403663
test-78249,0.021295784696218185
test-7825,0.013503602986277613
test-78250,0.39324078457006145
test-78251,0.015174430540121988
test-78252,0.13052974258600708
test-78253,0.1093335147588894
test-78254,0.0868884526264283
test-78255,0.2808007968369813
test-78256,0.1168529894525517
test-78257,0.11280231929272978
test-78258,0.01129796531464506
test-78259,0.026735815197836413
test-7826,0.04526910096224766
test-78260,0.14457340953668257
test-78261,0.0643654486464588
test-78262,0.021542904373508833
test-78263,0.09787796055403811
test-78264,0.042117953289793106
test-78265,0.04992602504619911
test-78266,0.03957797408190487
test-78267,0.17867784585121968
test-78268,0.0728479273037636
test-78269,0.019732642474562263
test-7827,0.06754988455432576
test-78270,0.04342658984694388
test-78271,0.012204263881817437
test-78272,0.11745409473729244
test-78273,0.14572911549089324
test-78274,0.01305285551798462
test-78275,0.12472830242054916
test-78276,0.038609937072071776
test-78277,0.12571719997453007
test-78278,0.11855736023869161
test-78279,0.01536387761770839
test-7828,0.13712557797589564
test-78280,0.02114740725879859
test-78281,0.016993561666164246
test-78282,0.056418873958233716
test-78283,0.017402923125412428
test-78284,0.06041759469080794
test-78285,0.06413667035499394
test-78286,0.13439992338292098
test-78287,0.1273078615456503
test-78288,0.012213328554131389
test-78289,0.10961843595603524
test-7829,0.01651297015854906
test-78290,0.051984080615244094
test-78291,0.02209907118789907
test-78292,0.04106392520079933
test-78293,0.12654342528268078
test-78294,0.2305215506671702
test-78295,0.010175427966532605
test-78296,0.010364374796889057
test-78297,0.03291794936520425
test-78298,0.09787796055403811
test-78299,0.09673533330374554
test-783,0.03383905649178967
test-7830,0.038781250487970695
test-78300,0.00979382099010235
test-78301,0.011490019842110882
test-78302,0.005297737320756775
test-78303,0.03605421018361057
test-78304,0.15296462081153928
test-78305,0.03451436467149239
test-78306,0.10171376216313485
test-78307,0.3943421002483833
test-78308,0.14660621249274897
test-78309,0.12737515180241413
test-7831,0.00933272117942502
test-78310,0.08210317538448594
test-78311,0.018916288570193406
test-78312,0.0682116384059291
test-78313,0.024996454589811493
test-78314,0.08819098012875183
test-78315,0.2114613246836995
test-78316,0.05339307069340168
test-78317,0.1265834329482006
test-78318,0.02369596002125955
test-78319,0.26616850426062816
test-7832,0.15029424414702494
test-78320,0.055143069971850804
test-78321,0.21248774747600604
test-78322,0.01509022381967849
test-78323,0.059501922873155644
test-78324,0.010079894439023244
test-78325,0.024590458801874663
test-78326,0.018160477776363336
test-78327,0.07731829522582183
test-78328,0.011854030862012201
test-78329,0.33062547891148597
test-7833,0.022917047790593597
test-78330,0.26911438934401066
test-78331,0.014565052049629617
test-78332,0.06921833144662524
test-78333,0.24189506736000652
test-78334,0.12808666153931675
test-78335,0.047993435583829194
test-78336,0.008556273258962048
test-78337,0.010153319893423276
test-78338,0.1103334385813768
test-78339,0.013661636577303285
test-7834,0.07736971131561239
test-78340,0.20368655124824386
test-78341,0.046009648738188004
test-78342,0.26487458386896234
test-78343,0.09787796055403811
test-78344,0.07790697709601509
test-78345,0.2626027299868689
test-78346,0.01022525212749118
test-78347,0.011879989203129944
test-78348,0.025054815935929807
test-78349,0.07220834573557275
test-7835,0.04659154866151265
test-78350,0.05696209395202092
test-78351,0.11623723252299605
test-78352,0.06769227346933265
test-78353,0.021864985882090487
test-78354,0.11470339822066403
test-78355,0.1443245846232893
test-78356,0.14780532320029993
test-78357,0.13834297677739257
test-78358,0.00558496908407445
test-78359,0.141907403989948
test-7836,0.14895827346663368
test-78360,0.01958184570440837
test-78361,0.036198202697409525
test-78362,0.04857694304426226
test-78363,0.037170682063429585
test-78364,0.08209015768489733
test-78365,0.13815144767843646
test-78366,0.027000999267889892
test-78367,0.38738104998017464
test-78368,0.09596471620296095
test-78369,0.010918335201384076
test-7837,0.09787796055403811
test-78370,0.15402772090082625
test-78371,0.08721907801636661
test-78372,0.012250754204008634
test-78373,0.019450301493029416
test-78374,0.023328490201973952
test-78375,0.017648996536092365
test-78376,0.09787796055403811
test-78377,0.05407397912591243
test-78378,0.06731616045368144
test-78379,0.10199168630796213
test-7838,0.05849542928708646
test-78380,0.13869437446000651
test-78381,0.12520442558257536
test-78382,0.033373273949076576
test-78383,0.013999803702242906
test-78384,0.07292690157791076
test-78385,0.01977810592037329
test-78386,0.11340086533624295
test-78387,0.012242551455979075
test-78388,0.14387591240243308
test-78389,0.10246073004675488
test-7839,0.24016232887314845
test-78390,0.3020452539321724
test-78391,0.0599929742428279
test-78392,0.030687747806744076
test-78393,0.035997805787409014
test-78394,0.028186286624201744
test-78395,0.010823358649941982
test-78396,0.28658852668192814
test-78397,0.09787796055403811
test-78398,0.05501690731949792
test-78399,0.01760111048427042
test-784,0.06803412447426488
test-7840,0.017361795131782667
test-78400,0.026601526865862497
test-78401,0.025796172338300557
test-78402,0.15420239442166414
test-78403,0.12406340852906993
test-78404,0.026342104070786614
test-78405,0.02064487087934156
test-78406,0.29620434940663637
test-78407,0.026307742543631808
test-78408,0.13194430720921513
test-78409,0.030407185598496683
test-7841,0.022422701683847406
test-78410,0.25914722270216356
test-78411,0.09435854111353265
test-78412,0.13763572815215647
test-78413,0.017997526939327026
test-78414,0.04197248542489489
test-78415,0.02106094124181315
test-78416,0.20672390858519846
test-78417,0.35572425954383946
test-78418,0.06842840514861269
test-78419,0.21166982833702525
test-7842,0.03897666591629338
test-78420,0.1543693773528168
test-78421,0.09917631711393389
test-78422,0.026651627003283614
test-78423,0.023090659323461892
test-78424,0.03773762496731312
test-78425,0.08751782381750955
test-78426,0.02750773663484296
test-78427,0.008566555730316278
test-78428,0.03194127965795964
test-78429,0.0682210654707025
test-7843,0.009158806304195187
test-78430,0.021022515659369974
test-78431,0.006790408749987298
test-78432,0.05003697088968722
test-78433,0.08219192647824698
test-78434,0.030661334632537108
test-78435,0.24967314522428352
test-78436,0.09105776293117715
test-78437,0.014483926444503564
test-78438,0.013754709513089079
test-78439,0.2784032194230844
test-7844,0.31550847351172256
test-78440,0.06599157222968409
test-78441,0.011553422835226106
test-78442,0.0228587542378406
test-78443,0.09787796055403811
test-78444,0.13727830078472306
test-78445,0.18703537741057927
test-78446,0.1971209172374681
test-78447,0.02490807328426238
test-78448,0.01964256775671984
test-78449,0.03373696095181073
test-7845,0.22659548222321227
test-78450,0.011822262349928017
test-78451,0.021410608692692425
test-78452,0.03253783055702789
test-78453,0.06803412447426488
test-78454,0.01648147253079594
test-78455,0.0321158261533553
test-78456,0.09996305530916003
test-78457,0.02109370295153023
test-78458,0.08280798444089976
test-78459,0.1607789654160159
test-7846,0.054434529027872644
test-78460,0.1680070704356802
test-78461,0.012941168884463564
test-78462,0.06344653327714452
test-78463,0.0306874942978367
test-78464,0.01531457982844324
test-78465,0.01219598991172028
test-78466,0.05391640141891596
test-78467,0.13473111397650483
test-78468,0.14778274916156287
test-78469,0.04918438074126775
test-7847,0.01518101388854599
test-78470,0.03604452039822627
test-78471,0.05339307069340168
test-78472,0.012820822438310921
test-78473,0.10135147787955867
test-78474,0.024337344598568216
test-78475,0.01284634652810082
test-78476,0.1485685175583892
test-78477,0.033398785173170756
test-78478,0.011686188102475025
test-78479,0.028769342808728567
test-7848,0.01681085626989673
test-78480,0.016706903379657235
test-78481,0.050082447180824705
test-78482,0.1762914417967816
test-78483,0.10849311745818162
test-78484,0.051567315671388086
test-78485,0.014314026899622356
test-78486,0.1413110013563958
test-78487,0.01041985318047094
test-78488,0.06613128233036399
test-78489,0.016740870732518703
test-7849,0.0091119697118891
test-78490,0.030355347421153596
test-78491,0.0078136549416234
test-78492,0.08148817949288639
test-78493,0.0733611177214075
test-78494,0.030068491966066584
test-78495,0.24831877511884656
test-78496,0.08903343551307567
test-78497,0.09787796055403811
test-78498,0.0846182167635542
test-78499,0.011814786158536822
test-785,0.06188346718763911
test-7850,0.12764672664266555
test-78500,0.06027913324418665
test-78501,0.02391834534193122
test-78502,0.031189105334535148
test-78503,0.024599852230692998
test-78504,0.21091091233820677
test-78505,0.22930312807600844
test-78506,0.007151632868224157
test-78507,0.06165451317078008
test-78508,0.11519298258642534
test-78509,0.023609233121452064
test-7851,0.0117557851354546
test-78510,0.03137677371736393
test-78511,0.37856198477006814
test-78512,0.01715757924818455
test-78513,0.03251415964478005
test-78514,0.3136040974364507
test-78515,0.032324359320675185
test-78516,0.06613128233036399
test-78517,0.022719754058801517
test-78518,0.030959680662875216
test-78519,0.012638625129527487
test-7852,0.01637697474636509
test-78520,0.07013717606758778
test-78521,0.012305189534437995
test-78522,0.0177565225383879
test-78523,0.11135887440430323
test-78524,0.008827877718493523
test-78525,0.0277299460695327
test-78526,0.10987138416316822
test-78527,0.2697126476955032
test-78528,0.11723334165937938
test-78529,0.015482335162642188
test-7853,0.022873882090354652
test-78530,0.015128667443513849
test-78531,0.13584648180255504
test-78532,0.009020149975387678
test-78533,0.13567229027363817
test-78534,0.04850548188959575
test-78535,0.06837716154279296
test-78536,0.08300656745482422
test-78537,0.02193271014622031
test-78538,0.021772480565461983
test-78539,0.2017462084873628
test-7854,0.014315340011216723
test-78540,0.08110413393213176
test-78541,0.03053532223417545
test-78542,0.029134974860429295
test-78543,0.12338752495405632
test-78544,0.017167644907195658
test-78545,0.1387564677932596
test-78546,0.22362220420126724
test-78547,0.033767770849542925
test-78548,0.05686211573027723
test-78549,0.2132326017360733
test-7855,0.2049681152135336
test-78550,0.06613128233036399
test-78551,0.010614887057196789
test-78552,0.01750176389816529
test-78553,0.07467105906126136
test-78554,0.09985649801372733
test-78555,0.1997903522570907
test-78556,0.0607409392996414
test-78557,0.13046997212930359
test-78558,0.10849311745818162
test-78559,0.06462716434972537
test-7856,0.016861206490338006
test-78560,0.03579016636834026
test-78561,0.05053519546323268
test-78562,0.14603765119128878
test-78563,0.13844485831116107
test-78564,0.018065333491112688
test-78565,0.2836794593192513
test-78566,0.025696064266745183
test-78567,0.20578960986367437
test-78568,0.013975503540911243
test-78569,0.009689441848643
test-7857,0.1122001449573923
test-78570,0.15749217812237495
test-78571,0.0178772067769167
test-78572,0.10812230317096443
test-78573,0.3590912518662688
test-78574,0.04688163618239434
test-78575,0.2841916820042579
test-78576,0.016900579432292295
test-78577,0.10816414413183786
test-78578,0.06107244868006746
test-78579,0.14780280851058517
test-7858,0.04281709974455204
test-78580,0.027666270419217806
test-78581,0.009773525986756583
test-78582,0.22855136236151172
test-78583,0.2841424532080159
test-78584,0.022474317152133064
test-78585,0.1982281874183126
test-78586,0.01173901088197153
test-78587,0.13623689032195246
test-78588,0.26651143477008604
test-78589,0.02548465434369115
test-7859,0.015021329390418734
test-78590,0.31468645104125736
test-78591,0.011615213185694648
test-78592,0.12328767016373289
test-78593,0.12539961724907847
test-78594,0.016552192097144383
test-78595,0.07896917855603469
test-78596,0.197286025661373
test-78597,0.01593412843353773
test-78598,0.01604635237424859
test-78599,0.11643949758402537
test-786,0.1655897411658012
test-7860,0.3088846073371973
test-78600,0.011043429187046679
test-78601,0.08959510801274428
test-78602,0.1431485459777719
test-78603,0.010614887057196789
test-78604,0.03593129388358587
test-78605,0.030117285651921427
test-78606,0.019080673992329364
test-78607,0.021886072992668978
test-78608,0.032648773825868005
test-78609,0.0183804266443448
test-7861,0.12819412947753134
test-78610,0.03046727176581402
test-78611,0.010272263208560012
test-78612,0.03439744346967623
test-78613,0.13844485831116107
test-78614,0.07083097564102805
test-78615,0.0255875608977072
test-78616,0.0883401005044508
test-78617,0.010732582579566326
test-78618,0.02012752368913656
test-78619,0.0687732139720173
test-7862,0.11608027156467833
test-78620,0.013856056846601319
test-78621,0.08549318337279413
test-78622,0.25078639255093405
test-78623,0.082808008039451
test-78624,0.03468397836216628
test-78625,0.09228970373901893
test-78626,0.015804451362063612
test-78627,0.18117552651926813
test-78628,0.03996940119545635
test-78629,0.016501288615208762
test-7863,0.01814230173519415
test-78630,0.017813344567284457
test-78631,0.1370753173562802
test-78632,0.07049571706881444
test-78633,0.16695447271917302
test-78634,0.34027221272085606
test-78635,0.031308964309340624
test-78636,0.3171319548884366
test-78637,0.021042058785937758
test-78638,0.019978024791446558
test-78639,0.014874061764769048
test-7864,0.0687732139720173
test-78640,0.021909638116992567
test-78641,0.020880154100732642
test-78642,0.07174304238411558
test-78643,0.07657997787479859
test-78644,0.0371812218069309
test-78645,0.04111323111849287
test-78646,0.13731171035429612
test-78647,0.01619508086894937
test-78648,0.06769227346933265
test-78649,0.11377626439332558
test-7865,0.08945772811304897
test-78650,0.046606520389082196
test-78651,0.06769227346933265
test-78652,0.01684196233177124
test-78653,0.00733237105959182
test-78654,0.020037905628035226
test-78655,0.06453012171555211
test-78656,0.1792646925956755
test-78657,0.1716516175780091
test-78658,0.018238209547875733
test-78659,0.040550508116460396
test-7866,0.021841705554291675
test-78660,0.04201587544696237
test-78661,0.009351547975542168
test-78662,0.02611549925545164
test-78663,0.01265830230706173
test-78664,0.009072201541570643
test-78665,0.10682575725936147
test-78666,0.33912786990404775
test-78667,0.020710712696903857
test-78668,0.04471110328390949
test-78669,0.0846182167635542
test-7867,0.009754449559233751
test-78670,0.009525852300538649
test-78671,0.026618962511771316
test-78672,0.011142388187633794
test-78673,0.09141955515834538
test-78674,0.07285361009533768
test-78675,0.024655648878492083
test-78676,0.03957797408190487
test-78677,0.283869001083475
test-78678,0.04363145236447255
test-78679,0.03181271809489377
test-7868,0.024690438571479983
test-78680,0.08347094433484471
test-78681,0.05995288992531046
test-78682,0.047233045916303604
test-78683,0.05723149358470939
test-78684,0.1577301036188077
test-78685,0.012369992336585764
test-78686,0.3277298587660089
test-78687,0.036280960268652664
test-78688,0.29852139660045257
test-78689,0.026656386425945647
test-7869,0.06866260127631668
test-78690,0.04621421800996411
test-78691,0.027062291842697137
test-78692,0.2651805669397652
test-78693,0.07016495239708957
test-78694,0.033431470478629544
test-78695,0.009091544894440105
test-78696,0.19866754438274062
test-78697,0.315689943789053
test-78698,0.11069200339333747
test-78699,0.027348115582946805
test-787,0.10016106950207247
test-7870,0.03293307970431232
test-78700,0.04782040338378748
test-78701,0.04137442822911257
test-78702,0.024249482339674656
test-78703,0.04703928636009679
test-78704,0.3194513145396944
test-78705,0.06327584727889889
test-78706,0.04979375052851576
test-78707,0.02765236327502219
test-78708,0.25320954807885265
test-78709,0.018233802180678816
test-7871,0.04760126156055848
test-78710,0.05440279847335489
test-78711,0.30311173782463047
test-78712,0.19947960319887648
test-78713,0.12815638368753415
test-78714,0.012931338611158345
test-78715,0.04627812346687719
test-78716,0.07210934929622764
test-78717,0.19715383299252162
test-78718,0.0944500804819671
test-78719,0.10430392916359615
test-7872,0.2528891135621698
test-78720,0.01428158389974997
test-78721,0.05312047349776141
test-78722,0.01611710204002246
test-78723,0.13787007929487777
test-78724,0.01616672177087668
test-78725,0.15321232873445423
test-78726,0.05852479675240529
test-78727,0.2262407932905301
test-78728,0.12432932072410077
test-78729,0.02187212042582988
test-7873,0.023400522308768584
test-78730,0.09876226961430466
test-78731,0.25892531892511306
test-78732,0.023694739868318944
test-78733,0.2077155571056
test-78734,0.0200042582319764
test-78735,0.006606502533672383
test-78736,0.12250144609399924
test-78737,0.0526892374520386
test-78738,0.036364529465622505
test-78739,0.031046298679188494
test-7874,0.010388303427381567
test-78740,0.011024244676196867
test-78741,0.048194488452354384
test-78742,0.010926204096547132
test-78743,0.014371662010114477
test-78744,0.20630308801814953
test-78745,0.1825446419966671
test-78746,0.03403254564709647
test-78747,0.02583941996983913
test-78748,0.13248997546311084
test-78749,0.03677216684712132
test-7875,0.3267316099443742
test-78750,0.03233530511727253
test-78751,0.260174865823257
test-78752,0.027151629724638728
test-78753,0.010823358649941982
test-78754,0.10944810759547446
test-78755,0.009434807219579554
test-78756,0.012103422481261304
test-78757,0.07973965277242508
test-78758,0.01894449126119378
test-78759,0.011690110042653494
test-7876,0.02669182025883706
test-78760,0.07947411752721788
test-78761,0.010421965103057136
test-78762,0.019139098672406422
test-78763,0.23881173583475815
test-78764,0.009808240639847718
test-78765,0.013440433527961633
test-78766,0.07779925044998214
test-78767,0.03603062294911097
test-78768,0.10412817783193051
test-78769,0.3147502131079928
test-7877,0.07425938368327696
test-78770,0.12778814327162377
test-78771,0.012597981771011929
test-78772,0.07305911273342602
test-78773,0.08699419215013776
test-78774,0.21846623416583172
test-78775,0.2318650899221468
test-78776,0.07325642229066899
test-78777,0.13289190599373887
test-78778,0.04371739997126556
test-78779,0.019308999018887437
test-7878,0.19922419701255145
test-78780,0.23599821773495885
test-78781,0.06036191859095699
test-78782,0.18401513273486564
test-78783,0.3136040974364507
test-78784,0.11640510268310741
test-78785,0.1263943226051804
test-78786,0.022994467501182315
test-78787,0.01574545313168463
test-78788,0.03076040067763895
test-78789,0.03745812998762662
test-7879,0.1968121067277726
test-78790,0.06183662989119264
test-78791,0.0254651825888722
test-78792,0.20409110561561805
test-78793,0.22883752861367923
test-78794,0.018688091245625715
test-78795,0.09787796055403811
test-78796,0.17403776978752192
test-78797,0.16447759164141604
test-78798,0.1826471687607721
test-78799,0.13212560252198235
test-788,0.015105878280775803
test-7880,0.01719505779885299
test-78800,0.2662256878290586
test-78801,0.21678991858611896
test-78802,0.05958155242124759
test-78803,0.005682998922855227
test-78804,0.02289093830759933
test-78805,0.02912335805474075
test-78806,0.011082051018715226
test-78807,0.013259225004508093
test-78808,0.08739485527271336
test-78809,0.1754148180070074
test-7881,0.07655839698915845
test-78810,0.01627168323482123
test-78811,0.2523224678901903
test-78812,0.04243435831599389
test-78813,0.17645226684991447
test-78814,0.046308485961986175
test-78815,0.06451756719157463
test-78816,0.02619124419807948
test-78817,0.10341196504777854
test-78818,0.028009192885150382
test-78819,0.039259837687300805
test-7882,0.0605612047595455
test-78820,0.024888724421493126
test-78821,0.2554843688291963
test-78822,0.033554673098024033
test-78823,0.013226719076211124
test-78824,0.09176635039190559
test-78825,0.10772605032599672
test-78826,0.02725397642479113
test-78827,0.02267167464959069
test-78828,0.021323297275729333
test-78829,0.05280430639321108
test-7883,0.011405570489086931
test-78830,0.013447039268013498
test-78831,0.035701319801129956
test-78832,0.12615222367481757
test-78833,0.32372745703757216
test-78834,0.15045657257625214
test-78835,0.059934682565746786
test-78836,0.03486415065020565
test-78837,0.015948259386760203
test-78838,0.04427931321207778
test-78839,0.04065014312488753
test-7884,0.05174283728386323
test-78840,0.24186797018150444
test-78841,0.029205493060941754
test-78842,0.19789125821947606
test-78843,0.042367894297721795
test-78844,0.01446108204162158
test-78845,0.10642681427494319
test-78846,0.1917790076517364
test-78847,0.01658705429783391
test-78848,0.16171436481234908
test-78849,0.037802933463891165
test-7885,0.006583850544351507
test-78850,0.03550970341545898
test-78851,0.2345044361283012
test-78852,0.005903633817895459
test-78853,0.29406060758940256
test-78854,0.1431442000178186
test-78855,0.3490241275964279
test-78856,0.014875491114228758
test-78857,0.028267820670731334
test-78858,0.11727613345055214
test-78859,0.009428850889518964
test-7886,0.016763660417528737
test-78860,0.010175427966532605
test-78861,0.016503260206867428
test-78862,0.12208301034555723
test-78863,0.0867757772116962
test-78864,0.029393996892710033
test-78865,0.15955141648372806
test-78866,0.3005226854967868
test-78867,0.013076000021541235
test-78868,0.1563449864606414
test-78869,0.024691467413641834
test-7887,0.09528149414166127
test-78870,0.05354993114750586
test-78871,0.011318595272939106
test-78872,0.03886510580376667
test-78873,0.007372191705008022
test-78874,0.013428843715478823
test-78875,0.011505166026616932
test-78876,0.12916884969409
test-78877,0.09150382731889874
test-78878,0.014675783144617061
test-78879,0.0701330352540763
test-7888,0.15285138792355085
test-78880,0.12243265641665092
test-78881,0.08295682773003521
test-78882,0.12663596937894922
test-78883,0.02277809148248065
test-78884,0.2097282955517113
test-78885,0.007692610495106061
test-78886,0.06554875804021933
test-78887,0.2879940536188425
test-78888,0.029783991064784757
test-78889,0.008111986075824374
test-7889,0.020879965622741813
test-78890,0.15071261327754834
test-78891,0.01781498911861653
test-78892,0.12500200682268073
test-78893,0.4258414869047781
test-78894,0.12819412947753134
test-78895,0.0271315249576372
test-78896,0.19097670340172834
test-78897,0.2759091645051538
test-78898,0.13775918575813118
test-78899,0.020924843179568938
test-789,0.2586038504128228
test-7890,0.1541455515330767
test-78900,0.09050064881075498
test-78901,0.021237986149500197
test-78902,0.015225760208213998
test-78903,0.023665258212318546
test-78904,0.08091840458510943
test-78905,0.012014065328263601
test-78906,0.21596594821520984
test-78907,0.06911982866215399
test-78908,0.005309358008860311
test-78909,0.17048282761599665
test-7891,0.011623349144823157
test-78910,0.21871680664251192
test-78911,0.010663423301942157
test-78912,0.09055806839277047
test-78913,0.20116181225587185
test-78914,0.08802321993357116
test-78915,0.019628866705333318
test-78916,0.09435854111353265
test-78917,0.02112454563093344
test-78918,0.04380509930937634
test-78919,0.22423638292490344
test-7892,0.208703920086889
test-78920,0.017668097819681098
test-78921,0.132856259068751
test-78922,0.018572065570584256
test-78923,0.10686320322145923
test-78924,0.011946806541128976
test-78925,0.024692574852047306
test-78926,0.05849542928708646
test-78927,0.039477482084524645
test-78928,0.015015304550652484
test-78929,0.06845179840037012
test-7893,0.16724978543848468
test-78930,0.040208039023306316
test-78931,0.014701250821961907
test-78932,0.03319590868198144
test-78933,0.2373123826978943
test-78934,0.06108085344638038
test-78935,0.016117880626687897
test-78936,0.016629908866602816
test-78937,0.01773058080784034
test-78938,0.3176827995817507
test-78939,0.08470702049769696
test-7894,0.03273310188058774
test-78940,0.015289140846426252
test-78941,0.12938900555993751
test-78942,0.14141652199281468
test-78943,0.10770907372196517
test-78944,0.037579993396471736
test-78945,0.017459793750511432
test-78946,0.05642107338985479
test-78947,0.2137364905398381
test-78948,0.14515047446664506
test-78949,0.01204826321112428
test-7895,0.016492935600351845
test-78950,0.013009717230599589
test-78951,0.1954057287844395
test-78952,0.031670993768966094
test-78953,0.03490136864953951
test-78954,0.017668961658858538
test-78955,0.016594263294017805
test-78956,0.35662603363549544
test-78957,0.0399198930586004
test-78958,0.039579147011189184
test-78959,0.015137089107019856
test-7896,0.19277271372644875
test-78960,0.10533518975569321
test-78961,0.07260629673696596
test-78962,0.0830924021950451
test-78963,0.008663618818756467
test-78964,0.09478184387094525
test-78965,0.02311604088190417
test-78966,0.02412585373004124
test-78967,0.17645226684991447
test-78968,0.2392313131861076
test-78969,0.020843854109014966
test-7897,0.14118498812737285
test-78970,0.0669392073111586
test-78971,0.015212391726766764
test-78972,0.011060525029317236
test-78973,0.05703157219716287
test-78974,0.042747975497971324
test-78975,0.1430553339872795
test-78976,0.01977810592037329
test-78977,0.2720018763492139
test-78978,0.01112405784413733
test-78979,0.1314725400007969
test-7898,0.03578716461513004
test-78980,0.20887579288228486
test-78981,0.042747047144711656
test-78982,0.15811874329440498
test-78983,0.17485179976851162
test-78984,0.07796934744318088
test-78985,0.1037740241860686
test-78986,0.03998468719712542
test-78987,0.01703771285166292
test-78988,0.02090831155088906
test-78989,0.15285138792355085
test-7899,0.06034586075950034
test-78990,0.05401444953315238
test-78991,0.018981752462002562
test-78992,0.044986020778231495
test-78993,0.1677027339501595
test-78994,0.017741246842243322
test-78995,0.04855505487735532
test-78996,0.016061901041709924
test-78997,0.01989419310007183
test-78998,0.008027779050863427
test-78999,0.0788954685496859
test-79,0.026358339488690357
test-790,0.02957068005621055
test-7900,0.17866919218368274
test-79000,0.04475351461529831
test-79001,0.05032778070085482
test-79002,0.05835329656788914
test-79003,0.018374583506863953
test-79004,0.10335798119185806
test-79005,0.22762527293127646
test-79006,0.008444206680439144
test-79007,0.08167235876862441
test-79008,0.006794086843626341
test-79009,0.058721088489083306
test-7901,0.03744879404500075
test-79010,0.03526498355579008
test-79011,0.017495418317413084
test-79012,0.15497890761315478
test-79013,0.1858348116307845
test-79014,0.0765176442062777
test-79015,0.08455210142664883
test-79016,0.06183759538609929
test-79017,0.20573470955316026
test-79018,0.009166342399796098
test-79019,0.0279928023704105
test-7902,0.08110413393213176
test-79020,0.019985494823621146
test-79021,0.021899235939171244
test-79022,0.25573025124640064
test-79023,0.08626888026528272
test-79024,0.12750223882047013
test-79025,0.05400256287771402
test-79026,0.008157817014932088
test-79027,0.07996334283829358
test-79028,0.0230774050246095
test-79029,0.03455904394653942
test-7903,0.04796600642898135
test-79030,0.21083272428490443
test-79031,0.07917744208963191
test-79032,0.009672855239735215
test-79033,0.152059910646942
test-79034,0.24047178338263644
test-79035,0.017046804124309714
test-79036,0.11462746771338529
test-79037,0.06613128233036399
test-79038,0.055292158507739136
test-79039,0.008291644037511078
test-7904,0.13473111397650483
test-79040,0.03526576402614995
test-79041,0.20383612521715558
test-79042,0.05260421583755143
test-79043,0.015746932469581393
test-79044,0.11066772351082572
test-79045,0.07700609676752725
test-79046,0.2520944155446072
test-79047,0.09857569810161075
test-79048,0.016448409805801947
test-79049,0.13901630003515025
test-7905,0.017490115297595168
test-79050,0.011148044980748733
test-79051,0.017081939199643296
test-79052,0.3010362708190766
test-79053,0.03609783483951046
test-79054,0.01691302223511299
test-79055,0.03902516233390028
test-79056,0.31758653746764154
test-79057,0.009823320968859416
test-79058,0.025526359677430624
test-79059,0.03491028894042577
test-7906,0.034462792400414846
test-79060,0.02433257603322984
test-79061,0.02011234889981123
test-79062,0.2793157893014575
test-79063,0.2382346467279987
test-79064,0.19397566135768576
test-79065,0.01853395809773906
test-79066,0.06650220290709809
test-79067,0.32552041606747134
test-79068,0.14312433170642105
test-79069,0.05799570375872905
test-7907,0.16695447271917302
test-79070,0.05827124480647959
test-79071,0.012399645216065213
test-79072,0.17855741079825663
test-79073,0.31567004582013497
test-79074,0.04518479624064955
test-79075,0.007301191564824316
test-79076,0.1957518587800787
test-79077,0.09459830103677169
test-79078,0.02899024249995997
test-79079,0.04930815209539315
test-7908,0.011030138218203044
test-79080,0.05933816051045456
test-79081,0.01636082017148339
test-79082,0.016119848878424513
test-79083,0.01222656523135426
test-79084,0.035622190852144055
test-79085,0.13810863214140015
test-79086,0.1548746089458068
test-79087,0.04529940765062916
test-79088,0.1657927045861525
test-79089,0.05192859129240093
test-7909,0.0658267569215104
test-79090,0.11499578303811298
test-79091,0.170368136675427
test-79092,0.39474538507277135
test-79093,0.058054620218921424
test-79094,0.016129602202534087
test-79095,0.015021823940205426
test-79096,0.02932491606903514
test-79097,0.17645226684991447
test-79098,0.2625057497620923
test-79099,0.07996334283829358
test-791,0.2480307469799838
test-7910,0.07947411752721788
test-79100,0.18359377123255619
test-79101,0.03234962186238532
test-79102,0.20079843060736532
test-79103,0.19101264789918437
test-79104,0.13077006073215902
test-79105,0.0744759739511813
test-79106,0.03213894931709108
test-79107,0.19947960319887648
test-79108,0.027533295954307573
test-79109,0.13461705721970857
test-7911,0.014423842832422913
test-79110,0.16979804803352083
test-79111,0.020129871219444286
test-79112,0.07765548192385864
test-79113,0.08003083037374147
test-79114,0.06912054437935898
test-79115,0.058481988779560116
test-79116,0.06317551945785756
test-79117,0.1532456473275676
test-79118,0.021059894192223372
test-79119,0.02490807328426238
test-7912,0.009180338854551547
test-79120,0.014850972213441291
test-79121,0.00786921325102336
test-79122,0.06885391700710895
test-79123,0.05741493789771163
test-79124,0.011293515643241957
test-79125,0.2525746400936263
test-79126,0.0954865091904721
test-79127,0.15656127033808728
test-79128,0.015748778866139176
test-79129,0.10407011757478456
test-7913,0.01670606465245301
test-79130,0.07802819961977205
test-79131,0.08193582389296562
test-79132,0.027728051317673953
test-79133,0.016059126122994677
test-79134,0.19526765615247788
test-79135,0.015445913698661372
test-79136,0.019244960242323073
test-79137,0.0128001637237455
test-79138,0.024618448183596105
test-79139,0.25024616764899926
test-7914,0.02457821121890307
test-79140,0.05339307069340168
test-79141,0.04186905475927049
test-79142,0.11945283735296228
test-79143,0.01800327722970812
test-79144,0.04953378822906401
test-79145,0.19833412046482476
test-79146,0.2418013236102615
test-79147,0.0746149157140798
test-79148,0.06794476528463178
test-79149,0.017458674180118667
test-7915,0.01766021291175577
test-79150,0.03858717016442967
test-79151,0.051702047904492475
test-79152,0.02403168801781399
test-79153,0.0091119697118891
test-79154,0.2009109954310607
test-79155,0.19997303568604544
test-79156,0.3210092779847104
test-79157,0.08641612635952536
test-79158,0.07568416960764243
test-79159,0.15340034645583822
test-7916,0.016614340537505098
test-79160,0.011171684817864626
test-79161,0.08752969204925967
test-79162,0.04342122650468391
test-79163,0.08362705585628494
test-79164,0.01198060366240678
test-79165,0.018455224123358014
test-79166,0.02660680313361086
test-79167,0.06148093363491958
test-79168,0.015915168311435413
test-79169,0.013104288373023928
test-7917,0.04810987131100678
test-79170,0.14584971832814003
test-79171,0.13133730017575915
test-79172,0.11935625167526694
test-79173,0.16883543669165962
test-79174,0.01885077127132818
test-79175,0.030403806266781092
test-79176,0.1159397127040303
test-79177,0.15460201193855752
test-79178,0.007645994795138917
test-79179,0.008418704987130753
test-7918,0.012156895904573698
test-79180,0.019565080909752907
test-79181,0.12819412947753134
test-79182,0.24782168864499474
test-79183,0.05339307069340168
test-79184,0.11533528308828626
test-79185,0.09637356789778218
test-79186,0.021526454028280108
test-79187,0.015516916219973555
test-79188,0.0363753583865147
test-79189,0.03732395223251579
test-7919,0.020106617856393668
test-79190,0.02381318129240074
test-79191,0.05603128441589039
test-79192,0.046789902181263845
test-79193,0.11746202752701809
test-79194,0.16004124187158675
test-79195,0.19213954341129855
test-79196,0.01041293443206773
test-79197,0.22766459905882858
test-79198,0.015249097466877474
test-79199,0.0669392073111586
test-792,0.01741840267824287
test-7920,0.015749443193078798
test-79200,0.0669392073111586
test-79201,0.012177014779808521
test-79202,0.03443362782745491
test-79203,0.21283533664936088
test-79204,0.04902470806836382
test-79205,0.02084197799183152
test-79206,0.0669392073111586
test-79207,0.007354020886726843
test-79208,0.2564877114759593
test-79209,0.3809964963995151
test-7921,0.027892854195996505
test-79210,0.18798267289708603
test-79211,0.2541199975337907
test-79212,0.13775918575813118
test-79213,0.05444450125870035
test-79214,0.013070016184831905
test-79215,0.022317518401531424
test-79216,0.021950820040076553
test-79217,0.04387258771110268
test-79218,0.05648728802760478
test-79219,0.09041578912386943
test-7922,0.057472298053848764
test-79220,0.015376078175250097
test-79221,0.09787796055403811
test-79222,0.01741840267824287
test-79223,0.08416804451957488
test-79224,0.009883207207340289
test-79225,0.023208572481506512
test-79226,0.0465245976744462
test-79227,0.07287513663214307
test-79228,0.16284665842441773
test-79229,0.020546845495361527
test-7923,0.05279127123580003
test-79230,0.02106794701029037
test-79231,0.18587283494248993
test-79232,0.15210944005586347
test-79233,0.013185480505559113
test-79234,0.014658505708940516
test-79235,0.024496732581145892
test-79236,0.01959444625530337
test-79237,0.009354497503840185
test-79238,0.07382005570899727
test-79239,0.22026981839492266
test-7924,0.01846318532658863
test-79240,0.017721631463731853
test-79241,0.06807277471988875
test-79242,0.2285419042660771
test-79243,0.017166134549048927
test-79244,0.3267316099443742
test-79245,0.03213265192809748
test-79246,0.1748457108065325
test-79247,0.32076879650771395
test-79248,0.02966991612143273
test-79249,0.026355638415697283
test-7925,0.017053305827003644
test-79250,0.06613128233036399
test-79251,0.2835606871507876
test-79252,0.2508752488805343
test-79253,0.2712549896606339
test-79254,0.11324962760365953
test-79255,0.10081451694218614
test-79256,0.01803366515000029
test-79257,0.012007795069339825
test-79258,0.014189172121252631
test-79259,0.03957797408190487
test-7926,0.11709343371842393
test-79260,0.012110155393232241
test-79261,0.021324507880958472
test-79262,0.026670929397602603
test-79263,0.01994694992344191
test-79264,0.09621406783924571
test-79265,0.1474224526715368
test-79266,0.020843323035540953
test-79267,0.2841916820042579
test-79268,0.0108769365425476
test-79269,0.011909021611745516
test-7927,0.05019575921527575
test-79270,0.0685769913690541
test-79271,0.23196792660337803
test-79272,0.03319937918278354
test-79273,0.11217361953053438
test-79274,0.13994918874807843
test-79275,0.02219394176757518
test-79276,0.029240666638770296
test-79277,0.1940465533888067
test-79278,0.052539082250271534
test-79279,0.14402884648349495
test-7928,0.02903038756695516
test-79280,0.1181985150203585
test-79281,0.03991427570930743
test-79282,0.07896917855603469
test-79283,0.023013307575355108
test-79284,0.07404250149847855
test-79285,0.014455064136452336
test-79286,0.04363145236447255
test-79287,0.04839691240386438
test-79288,0.010439513030723439
test-79289,0.048194488452354384
test-7929,0.00941203875418329
test-79290,0.05944301013799561
test-79291,0.07043912371402447
test-79292,0.09733289711129335
test-79293,0.09516600730108962
test-79294,0.04087220544538983
test-79295,0.10999578636048468
test-79296,0.02482689799194556
test-79297,0.18852602805631824
test-79298,0.049293037230467796
test-79299,0.15299136386449316
test-793,0.16691384839439632
test-7930,0.017166134549048927
test-79300,0.04256173332886752
test-79301,0.011704279726022846
test-79302,0.1900258626328395
test-79303,0.033492943606793196
test-79304,0.0690709045101934
test-79305,0.07707864379626864
test-79306,0.08676426786931425
test-79307,0.05400256287771402
test-79308,0.03957797408190487
test-79309,0.20390906503718073
test-7931,0.06769227346933265
test-79310,0.14646452154637055
test-79311,0.13406918511165458
test-79312,0.07109821392236551
test-79313,0.06769089613322582
test-79314,0.04371739997126556
test-79315,0.013631076096040038
test-79316,0.021865019871904225
test-79317,0.015362159719439604
test-79318,0.014904302703345886
test-79319,0.024840373135949417
test-7932,0.033315701557555075
test-79320,0.030755259014961907
test-79321,0.3003478164076462
test-79322,0.018701550569554293
test-79323,0.033196397934566885
test-79324,0.010214752213631247
test-79325,0.04252105837468247
test-79326,0.14577335901536448
test-79327,0.031135896910841083
test-79328,0.07048525216261939
test-79329,0.1931144295948416
test-7933,0.046016713261167665
test-79330,0.04607361202645404
test-79331,0.389606039667169
test-79332,0.02550195005373595
test-79333,0.02791508209750602
test-79334,0.2758409217987464
test-79335,0.06703273002835886
test-79336,0.025449916247272112
test-79337,0.020730501466260202
test-79338,0.1032800007580539
test-79339,0.1588682019109067
test-7934,0.02799423407431412
test-79340,0.023836133857552594
test-79341,0.2539495659803847
test-79342,0.02558673119803932
test-79343,0.04197881459147397
test-79344,0.01449444167758129
test-79345,0.09095363519959088
test-79346,0.009885284749577852
test-79347,0.04252105837468247
test-79348,0.11013706663959776
test-79349,0.048214345233279755
test-7935,0.13252645319797468
test-79350,0.02099531731576139
test-79351,0.08840785462907036
test-79352,0.05509879108854117
test-79353,0.1166601254992282
test-79354,0.13127425947165358
test-79355,0.011531442673659556
test-79356,0.01715204583114794
test-79357,0.025554039064241536
test-79358,0.01890764950503949
test-79359,0.2262887729828075
test-7936,0.09987131729732862
test-79360,0.08347953006806894
test-79361,0.12680344801746676
test-79362,0.21102953781995976
test-79363,0.015176512293407923
test-79364,0.031746932970854506
test-79365,0.04436925249107653
test-79366,0.10879919516810822
test-79367,0.060055086506516135
test-79368,0.03491355071715928
test-79369,0.16396629311967853
test-7937,0.017902543684643002
test-79370,0.014087100618408179
test-79371,0.03428316841415857
test-79372,0.009127350343207417
test-79373,0.18886946424390705
test-79374,0.15288930568981648
test-79375,0.044179972783737705
test-79376,0.03714988897915884
test-79377,0.011515784692565645
test-79378,0.1963244436006998
test-79379,0.09507627697535487
test-7938,0.02974659745104685
test-79380,0.12290897354497256
test-79381,0.0741313523368138
test-79382,0.0707119985986715
test-79383,0.031406020224676486
test-79384,0.010429343367026889
test-79385,0.03893384574588277
test-79386,0.14052184314784547
test-79387,0.12756464018589395
test-79388,0.15544323034177826
test-79389,0.016111181607156643
test-7939,0.1727492342491341
test-79390,0.07990376869543585
test-79391,0.1967789822884875
test-79392,0.0404229383579536
test-79393,0.1397180755187679
test-79394,0.0846182167635542
test-79395,0.06857796975309034
test-79396,0.09673533330374554
test-79397,0.010572756804754729
test-79398,0.08455397493059938
test-79399,0.21063454461306164
test-794,0.13775918575813118
test-7940,0.007254550978476213
test-79400,0.032316004014231695
test-79401,0.012762101014922892
test-79402,0.012657456038043191
test-79403,0.24589406138619643
test-79404,0.24218498202613628
test-79405,0.061577899304617906
test-79406,0.12230693519174651
test-79407,0.15095786915784284
test-79408,0.008443481737337723
test-79409,0.013064514703645372
test-7941,0.1783189356828429
test-79410,0.07276777369342764
test-79411,0.02419686401936694
test-79412,0.031749290456687874
test-79413,0.2468491433337645
test-79414,0.09111623629219466
test-79415,0.1305706711022645
test-79416,0.036506610722718734
test-79417,0.06278749868579275
test-79418,0.15749589323429916
test-79419,0.24765689889652684
test-7942,0.02334366381256959
test-79420,0.23462481764654206
test-79421,0.14991860383413277
test-79422,0.05015468531813707
test-79423,0.05444450125870035
test-79424,0.20627548873232665
test-79425,0.16270173670459928
test-79426,0.09787796055403811
test-79427,0.12819412947753134
test-79428,0.010391367794628648
test-79429,0.06021807306371714
test-7943,0.10373811943857802
test-79430,0.13654664811158346
test-79431,0.15630629058269352
test-79432,0.014512241083277531
test-79433,0.0669392073111586
test-79434,0.13097788987197126
test-79435,0.12965033139991752
test-79436,0.0864854527455991
test-79437,0.1721014983827393
test-79438,0.23420504352412586
test-79439,0.007822880575768468
test-7944,0.278201667381778
test-79440,0.08494523223358193
test-79441,0.29105361920948464
test-79442,0.01911211036200628
test-79443,0.1394993103674544
test-79444,0.03446857814879482
test-79445,0.08341527868225536
test-79446,0.1757214321594037
test-79447,0.010985076339312377
test-79448,0.012722967112132763
test-79449,0.15197061578739357
test-7945,0.12244309950964019
test-79450,0.06769227346933265
test-79451,0.011264977781052763
test-79452,0.010139053343472957
test-79453,0.02934538303287794
test-79454,0.32945940546487334
test-79455,0.09331409350435814
test-79456,0.18977869848772966
test-79457,0.06287287774836531
test-79458,0.04484820883364802
test-79459,0.007273896506043557
test-7946,0.0744759739511813
test-79460,0.06979754326709726
test-79461,0.20721618781059595
test-79462,0.05233188196209044
test-79463,0.140993659481998
test-79464,0.013803322894367847
test-79465,0.031828694605865376
test-79466,0.11435142377717097
test-79467,0.009648191531548587
test-79468,0.012383339978101463
test-79469,0.01613631306018311
test-7947,0.02871024413827692
test-79470,0.09985649801372733
test-79471,0.040532793689842556
test-79472,0.08003083037374147
test-79473,0.007622925015376423
test-79474,0.025755367452041374
test-79475,0.008714256619847875
test-79476,0.31621057372049344
test-79477,0.16839715058879348
test-79478,0.015584624712466612
test-79479,0.01613515104996639
test-7948,0.032020850230965126
test-79480,0.28641676316704495
test-79481,0.015866804333469375
test-79482,0.016897084809181166
test-79483,0.009529886591518155
test-79484,0.03538275415475372
test-79485,0.0669392073111586
test-79486,0.18928153437325473
test-79487,0.07949391989989023
test-79488,0.04986199036409564
test-79489,0.1542478126417664
test-7949,0.012677074928899034
test-79490,0.013544100072008396
test-79491,0.17561513045256907
test-79492,0.010737589140220244
test-79493,0.21838718741115576
test-79494,0.021055654910850687
test-79495,0.15393045807540848
test-79496,0.009793663263356794
test-79497,0.10603608887333438
test-79498,0.24937241371159052
test-79499,0.01106830284505621
test-795,0.024695557776295684
test-7950,0.0846182167635542
test-79500,0.03844853417410503
test-79501,0.02444265432086215
test-79502,0.13380987096607141
test-79503,0.05520029670587617
test-79504,0.14281387885522065
test-79505,0.06395268822746945
test-79506,0.020945620378136322
test-79507,0.033111667580915494
test-79508,0.03903726231867678
test-79509,0.10305104002364732
test-7951,0.018016299328672176
test-79510,0.013876298874662227
test-79511,0.31031435814079444
test-79512,0.027830464466915353
test-79513,0.014181238539650802
test-79514,0.2112049850469137
test-79515,0.06728515036390498
test-79516,0.039086452581574595
test-79517,0.07097412885645901
test-79518,0.04349873181864052
test-79519,0.037353883392800116
test-7952,0.027035000209589127
test-79520,0.18922701347968318
test-79521,0.016980488168216706
test-79522,0.01070734448810987
test-79523,0.05649751635212097
test-79524,0.09456466912495104
test-79525,0.009411262980137556
test-79526,0.052809923169955815
test-79527,0.07564187602682827
test-79528,0.036083883732530214
test-79529,0.0415853480187531
test-7953,0.012980344914281702
test-79530,0.01706521943177415
test-79531,0.05487776745599645
test-79532,0.016014286786017906
test-79533,0.016741129377362964
test-79534,0.05285580619587219
test-79535,0.07984600052248031
test-79536,0.35080005063226755
test-79537,0.29680112688656757
test-79538,0.02503482924746587
test-79539,0.04090661819309818
test-7954,0.03714549700903156
test-79540,0.15701694945933725
test-79541,0.03772213721959072
test-79542,0.13204575526835813
test-79543,0.13276434362311063
test-79544,0.16110000972976482
test-79545,0.18440319379731143
test-79546,0.017327739451595558
test-79547,0.11803087843920418
test-79548,0.00895293752351934
test-79549,0.13913654356518196
test-7955,0.0669392073111586
test-79550,0.2363620476779669
test-79551,0.013826802027745624
test-79552,0.03517554983071838
test-79553,0.01992059990090833
test-79554,0.017160454515026128
test-79555,0.022784554664302084
test-79556,0.010285606223546934
test-79557,0.0697594879032512
test-79558,0.03744767801129869
test-79559,0.09461053780887678
test-7956,0.00986692341770471
test-79560,0.07154554671561687
test-79561,0.017755949446146328
test-79562,0.024031087888125798
test-79563,0.049045905006772056
test-79564,0.15725037924621604
test-79565,0.3963406546422296
test-79566,0.02643357200132343
test-79567,0.03657951122966291
test-79568,0.07117531836441868
test-79569,0.06127099721589961
test-7957,0.006223786633920408
test-79570,0.020236035736877007
test-79571,0.07704955795920167
test-79572,0.0732858674232542
test-79573,0.10135147787955867
test-79574,0.0786515666261474
test-79575,0.0707119985986715
test-79576,0.13775918575813118
test-79577,0.0765176442062777
test-79578,0.18341801916387468
test-79579,0.07918803621868958
test-7958,0.29714810177171763
test-79580,0.061577899304617906
test-79581,0.01790638542745109
test-79582,0.19056924656276647
test-79583,0.22499768004992723
test-79584,0.026044433679276488
test-79585,0.12905367585661945
test-79586,0.06457979392838646
test-79587,0.03619882938870575
test-79588,0.04688163618239434
test-79589,0.22539364510989898
test-7959,0.009435866129084152
test-79590,0.06081749898931231
test-79591,0.012330567044954966
test-79592,0.017844732985847486
test-79593,0.22176605010932143
test-79594,0.061577899304617906
test-79595,0.0322560369895652
test-79596,0.0587082892040892
test-79597,0.1848011646407867
test-79598,0.158642901310548
test-79599,0.03017447297345762
test-796,0.0203813655857699
test-7960,0.2694140955408194
test-79600,0.14671823322244895
test-79601,0.018096349090625973
test-79602,0.043426535588116044
test-79603,0.23561255056862815
test-79604,0.14287915541022714
test-79605,0.12750083480216265
test-79606,0.09529830625978586
test-79607,0.009666421781969454
test-79608,0.10709704889482227
test-79609,0.011501011101874733
test-7961,0.01743578918272823
test-79610,0.023198330393620792
test-79611,0.014457819882446264
test-79612,0.024730716302645034
test-79613,0.07467500680536529
test-79614,0.02237265244002515
test-79615,0.0669392073111586
test-79616,0.017621481550673005
test-79617,0.03809834757759925
test-79618,0.019724137037989566
test-79619,0.02949137262559617
test-7962,0.022283807179152005
test-79620,0.04526910096224766
test-79621,0.036713961963042295
test-79622,0.009451000778855322
test-79623,0.006417951723268196
test-79624,0.08469207989574525
test-79625,0.09073522771615022
test-79626,0.1412198510546572
test-79627,0.12360213227598563
test-79628,0.014935207336295714
test-79629,0.16366592865029828
test-7963,0.07154554671561687
test-79630,0.055940163047801805
test-79631,0.1230439492892227
test-79632,0.023348959010401113
test-79633,0.01906537517406463
test-79634,0.14708574661380225
test-79635,0.05339307069340168
test-79636,0.019266145932857248
test-79637,0.2757074132295775
test-79638,0.1598199048360183
test-79639,0.2521074885532023
test-7964,0.017753723430646375
test-79640,0.008515888310073544
test-79641,0.37073187216751
test-79642,0.019769992326914735
test-79643,0.17195672149256108
test-79644,0.024045553567493636
test-79645,0.10891174903670928
test-79646,0.011285386479440466
test-79647,0.09985649801372733
test-79648,0.04786196738862531
test-79649,0.10849311745818162
test-7965,0.15706404571007712
test-79650,0.12663596937894922
test-79651,0.00789155621740211
test-79652,0.09172424705275013
test-79653,0.04750716366796516
test-79654,0.015724383347182208
test-79655,0.07681650743306123
test-79656,0.15547841555704076
test-79657,0.10529464466950605
test-79658,0.008904551433850903
test-79659,0.0940848415245929
test-7966,0.13341891293094651
test-79660,0.02523537015884491
test-79661,0.02559464087271926
test-79662,0.07300415700059695
test-79663,0.011484799763000535
test-79664,0.06945007940398787
test-79665,0.019628439595067045
test-79666,0.10158165395177057
test-79667,0.017402078311977768
test-79668,0.0297192592318587
test-79669,0.07505500726667728
test-7967,0.2617480780356112
test-79670,0.04252105837468247
test-79671,0.009684760609749718
test-79672,0.04853815658034792
test-79673,0.042617607198421684
test-79674,0.08003083037374147
test-79675,0.053225954771340664
test-79676,0.04974957350430557
test-79677,0.010495418056502864
test-79678,0.017111143224451085
test-79679,0.017933574219348804
test-7968,0.24633852069193
test-79680,0.03751859108334942
test-79681,0.07528747546645476
test-79682,0.01137366351464073
test-79683,0.09697256493189678
test-79684,0.19550096208674037
test-79685,0.37181915329157067
test-79686,0.16258210992199318
test-79687,0.016638101955063028
test-79688,0.04688750644718757
test-79689,0.15844095489424034
test-7969,0.01787324844662315
test-79690,0.008081980300966152
test-79691,0.03486795480358866
test-79692,0.11512351736983528
test-79693,0.33515933646497326
test-79694,0.022709437500122217
test-79695,0.017602556210471045
test-79696,0.032067862441976416
test-79697,0.1979864618230426
test-79698,0.016521279337867564
test-79699,0.034880644471937075
test-797,0.01842375568989256
test-7970,0.035622190852144055
test-79700,0.1901676793651702
test-79701,0.21006957417038338
test-79702,0.017570641069852216
test-79703,0.1690715376429565
test-79704,0.19526765615247788
test-79705,0.0232911499626386
test-79706,0.02320644029351971
test-79707,0.015516404745960576
test-79708,0.057738957094061565
test-79709,0.02024681269764035
test-7971,0.01698746387230833
test-79710,0.11412015650690727
test-79711,0.010317029840644604
test-79712,0.17261752591391524
test-79713,0.010351801648291708
test-79714,0.21060124342705602
test-79715,0.06423906611604027
test-79716,0.1280339787175386
test-79717,0.079085343038518
test-79718,0.3448840081600428
test-79719,0.04299295080578648
test-7972,0.027983933472355754
test-79720,0.15975284767489464
test-79721,0.3069391572181906
test-79722,0.21896439729509545
test-79723,0.14761248156635626
test-79724,0.04471019124834734
test-79725,0.01876118109601373
test-79726,0.06002808759277198
test-79727,0.015204841750815212
test-79728,0.026249090924039643
test-79729,0.028224934386010384
test-7973,0.04750716366796516
test-79730,0.10440189955261239
test-79731,0.020378006679147423
test-79732,0.021541103005801632
test-79733,0.018217098898216235
test-79734,0.010823920664669872
test-79735,0.07162605327978247
test-79736,0.02043967811638529
test-79737,0.017664086786807358
test-79738,0.04252105837468247
test-79739,0.01817390486419068
test-7974,0.013325722619306596
test-79740,0.09435854111353265
test-79741,0.22663129738954152
test-79742,0.0309523698067966
test-79743,0.33358154073896457
test-79744,0.005354019603403656
test-79745,0.18740052813463554
test-79746,0.01860720934745529
test-79747,0.05221432283910139
test-79748,0.0690424044891674
test-79749,0.02283106503112394
test-7975,0.12955547639580678
test-79750,0.027297709800526163
test-79751,0.03491892582736111
test-79752,0.08872525714158887
test-79753,0.17937656856972167
test-79754,0.24119077563956398
test-79755,0.01010716248872489
test-79756,0.1760703750179987
test-79757,0.034282329826794695
test-79758,0.016401106676067184
test-79759,0.021364127690579715
test-7976,0.01454473834414496
test-79760,0.24508930444281243
test-79761,0.30673220631571635
test-79762,0.22348961527260056
test-79763,0.08081794783265306
test-79764,0.020967913376334038
test-79765,0.09935030145420644
test-79766,0.09225385200320955
test-79767,0.011594774357526151
test-79768,0.17903802988922818
test-79769,0.3136040974364507
test-7977,0.02957350601923839
test-79770,0.027922638680427596
test-79771,0.22875340399225058
test-79772,0.046720928329175404
test-79773,0.017251472510584287
test-79774,0.10135147787955867
test-79775,0.23177876608189327
test-79776,0.24539249937590493
test-79777,0.015144679623736076
test-79778,0.019805046584579485
test-79779,0.2743747032253535
test-7978,0.03763448139013755
test-79780,0.008277158654716564
test-79781,0.01898783674932933
test-79782,0.24612984279529118
test-79783,0.01670606465245301
test-79784,0.02076556259029645
test-79785,0.03831032805621551
test-79786,0.08863204719378909
test-79787,0.08592055615793638
test-79788,0.1398817640174991
test-79789,0.05558204504698156
test-7979,0.027218567864444213
test-79790,0.04221309490577875
test-79791,0.10202275932713735
test-79792,0.06845179840037012
test-79793,0.05339307069340168
test-79794,0.022487548992525405
test-79795,0.16210928521274193
test-79796,0.2490409146965813
test-79797,0.02205355296347402
test-79798,0.06546877592067027
test-79799,0.0167510808697005
test-798,0.01215867615768416
test-7980,0.029215059414876406
test-79800,0.01524009467830955
test-79801,0.09649935127860482
test-79802,0.023150344395964542
test-79803,0.17060772627978169
test-79804,0.029222197618203546
test-79805,0.023633334901471872
test-79806,0.05752440131362051
test-79807,0.14550330876178275
test-79808,0.019412680950839898
test-79809,0.02076485931901304
test-7981,0.025821282931515286
test-79810,0.11903000922868553
test-79811,0.01842136949298803
test-79812,0.07761273676625188
test-79813,0.0433934535715684
test-79814,0.024344793194798157
test-79815,0.1988499635723603
test-79816,0.014941351803500199
test-79817,0.039400591980260455
test-79818,0.08110413393213176
test-79819,0.02113165229454377
test-7982,0.018247979504025524
test-79820,0.08754908233262947
test-79821,0.14926273318410402
test-79822,0.25648658704184035
test-79823,0.030920884989297105
test-79824,0.05013060286326647
test-79825,0.01019435428557345
test-79826,0.020423175732032766
test-79827,0.0181974007978592
test-79828,0.05889418372730064
test-79829,0.016186416369884243
test-7983,0.032183617916216906
test-79830,0.010722247350078718
test-79831,0.01843005834543362
test-79832,0.1948915518710291
test-79833,0.031751049529724976
test-79834,0.12660538776477676
test-79835,0.015675745920688596
test-79836,0.0686881854128905
test-79837,0.007767981956321559
test-79838,0.10790562188044854
test-79839,0.0532313882296663
test-7984,0.017572287121319956
test-79840,0.1867944876384842
test-79841,0.024288665101701128
test-79842,0.028588379245027315
test-79843,0.04100222835692572
test-79844,0.40674954881879777
test-79845,0.04718025682833692
test-79846,0.05118513878574077
test-79847,0.10265994551232283
test-79848,0.008651415063227351
test-79849,0.1888764400952062
test-7985,0.033457069725780136
test-79850,0.07014673511928562
test-79851,0.019931769765242253
test-79852,0.018862623111152037
test-79853,0.2761756826106976
test-79854,0.04421791269002695
test-79855,0.021872611466466126
test-79856,0.20994930816009635
test-79857,0.010093394281799102
test-79858,0.2525033672181185
test-79859,0.04252105837468247
test-7986,0.05660440385382957
test-79860,0.02415879430457338
test-79861,0.17103958913181022
test-79862,0.08719755038109307
test-79863,0.03211277025086865
test-79864,0.234401865566305
test-79865,0.05618846159027504
test-79866,0.03388858243739365
test-79867,0.01506764339402043
test-79868,0.0237952432620692
test-79869,0.03314586373842364
test-7987,0.22605673326484169
test-79870,0.0962994335527908
test-79871,0.09696126501875729
test-79872,0.019990967554189706
test-79873,0.01694278015012389
test-79874,0.049744957843033503
test-79875,0.12354544534131942
test-79876,0.2344998707049868
test-79877,0.015131310369311353
test-79878,0.07300415700059695
test-79879,0.023261699311322097
test-7988,0.024550761658188328
test-79880,0.11446492839515403
test-79881,0.006479355230859585
test-79882,0.028319048129738025
test-79883,0.11706353445759941
test-79884,0.051434819524295426
test-79885,0.026934423839389522
test-79886,0.024273414771924354
test-79887,0.02471153175408407
test-79888,0.04772169322592489
test-79889,0.26905772254220034
test-7989,0.13449838996799568
test-79890,0.03437247445516244
test-79891,0.12099176132734665
test-79892,0.015416803039642187
test-79893,0.013693103394799752
test-79894,0.03514689257047662
test-79895,0.024791523082528577
test-79896,0.08853495826465144
test-79897,0.032228709777226174
test-79898,0.0779956281045193
test-79899,0.03527451802193063
test-799,0.28346972641272283
test-7990,0.22919183690581874
test-79900,0.02506580732091213
test-79901,0.07896917855603469
test-79902,0.029206991536382725
test-79903,0.03517554983071838
test-79904,0.01395593935710417
test-79905,0.027196825730237004
test-79906,0.12204093817975302
test-79907,0.021731991214755927
test-79908,0.006567379691246087
test-79909,0.019655848839995202
test-7991,0.027197360962737994
test-79910,0.1543693773528168
test-79911,0.1368321145500669
test-79912,0.015929762625664614
test-79913,0.04829797333721438
test-79914,0.08394787428233884
test-79915,0.023221309418127396
test-79916,0.203735640436555
test-79917,0.010579060176412665
test-79918,0.2180356951364061
test-79919,0.04471019124834734
test-7992,0.03987913386974664
test-79920,0.13577418752038448
test-79921,0.19441986312619267
test-79922,0.1140658743425532
test-79923,0.05339307069340168
test-79924,0.031221721791187828
test-79925,0.038860323813121864
test-79926,0.021453862024487232
test-79927,0.007491492769245772
test-79928,0.24555321281612957
test-79929,0.14795399767020614
test-7993,0.13993612968472297
test-79930,0.2554843688291963
test-79931,0.16210928521274193
test-79932,0.0846182167635542
test-79933,0.13206207915641843
test-79934,0.010486657675093786
test-79935,0.01787324844662315
test-79936,0.1313395705021038
test-79937,0.11122567218242464
test-79938,0.13844485831116107
test-79939,0.015590993326789837
test-7994,0.02739906031649345
test-79940,0.015944571340660216
test-79941,0.007455226857160927
test-79942,0.022709669503999576
test-79943,0.02368594654320974
test-79944,0.2477127871894947
test-79945,0.022738697690193318
test-79946,0.09997364386073986
test-79947,0.04146979878795937
test-79948,0.010976332147110976
test-79949,0.011369937421203695
test-7995,0.047129874284598985
test-79950,0.013196512091666371
test-79951,0.06984676915696586
test-79952,0.08196973207204497
test-79953,0.09435854111353265
test-79954,0.018630909889729198
test-79955,0.04086461657959887
test-79956,0.0067005415075227625
test-79957,0.034361576586925346
test-79958,0.04757624856376739
test-79959,0.018073425355886852
test-7996,0.123817286149575
test-79960,0.13091380359304408
test-79961,0.210649272390982
test-79962,0.0257754231161229
test-79963,0.019393613772112066
test-79964,0.3271816554129952
test-79965,0.1870742604413153
test-79966,0.03871115836094431
test-79967,0.0761463288834153
test-79968,0.007865591902573568
test-79969,0.009397093497874971
test-7997,0.1700100419844368
test-79970,0.05276901889806699
test-79971,0.04005163971558565
test-79972,0.011725899988059306
test-79973,0.2645527541699435
test-79974,0.02499229638117221
test-79975,0.008650875656378598
test-79976,0.01947438848481715
test-79977,0.31460037613534203
test-79978,0.1681220043376762
test-79979,0.01263221411230989
test-7998,0.12240670444135207
test-79980,0.20192717866426538
test-79981,0.02455214712729118
test-79982,0.04044651575866487
test-79983,0.041377519866709
test-79984,0.17147418340304738
test-79985,0.03359347823370298
test-79986,0.026629161779830143
test-79987,0.05924537750537341
test-79988,0.09787796055403811
test-79989,0.26712067978880194
test-7999,0.00992065780002979
test-79990,0.04475351461529831
test-79991,0.05247792108180895
test-79992,0.035496250780847526
test-79993,0.1094935888929606
test-79994,0.028503902239588718
test-79995,0.06906929715614753
test-79996,0.09637827210086013
test-79997,0.05279942804218046
test-79998,0.009052863228997869
test-79999,0.02367763130496294
test-8,0.04436925249107653
test-80,0.1157693386686391
test-800,0.01514284984063382
test-8000,0.016483752816318382
test-80000,0.07958009128105223
test-80001,0.10062551206765444
test-80002,0.14372210656871307
test-80003,0.016633823644862312
test-80004,0.01151766944992805
test-80005,0.030015544644816164
test-80006,0.0799126171965381
test-80007,0.28723689168336536
test-80008,0.1518186660957838
test-80009,0.016150995546186635
test-8001,0.018468271550225207
test-80010,0.11218606025806277
test-80011,0.14803251656940444
test-80012,0.04809520981850334
test-80013,0.009989042179174698
test-80014,0.12943435322301775
test-80015,0.10907614325240833
test-80016,0.009045727237818496
test-80017,0.020830842223147284
test-80018,0.09985649801372733
test-80019,0.014130474721428928
test-8002,0.013347280621289601
test-80020,0.020425266502820384
test-80021,0.013249886176748148
test-80022,0.0302185290192374
test-80023,0.21226170325293153
test-80024,0.057777762543244064
test-80025,0.3937301534634637
test-80026,0.014423842832422913
test-80027,0.02963520115477721
test-80028,0.05545420746623415
test-80029,0.020189513870916772
test-8003,0.08196973207204497
test-80030,0.16199145157654854
test-80031,0.4147682266099436
test-80032,0.019254355089725374
test-80033,0.017155454101849436
test-80034,0.09538853959833127
test-80035,0.029074600680547947
test-80036,0.07886389856148882
test-80037,0.02526828612242967
test-80038,0.024893515530015814
test-80039,0.11702137385841695
test-8004,0.03970043854441222
test-80040,0.2681837878148749
test-80041,0.04371739997126556
test-80042,0.08680671570506247
test-80043,0.021817688923343244
test-80044,0.013399040470890546
test-80045,0.06107244868006746
test-80046,0.049933294853078916
test-80047,0.032888416452125896
test-80048,0.029778034879541795
test-80049,0.028292411074917968
test-8005,0.09936897264036039
test-80050,0.050139512645948896
test-80051,0.014605938137295082
test-80052,0.007986105921485792
test-80053,0.021285444855270497
test-80054,0.2107010042282439
test-80055,0.11392338287351188
test-80056,0.051811395155971905
test-80057,0.006918841914710152
test-80058,0.02046323567396794
test-80059,0.0234434707732608
test-8006,0.15321232873445423
test-80060,0.011792102812088508
test-80061,0.09860381645007209
test-80062,0.020184049019556536
test-80063,0.05202860218784114
test-80064,0.020110831760281552
test-80065,0.06933945528441951
test-80066,0.008717159744030098
test-80067,0.07350190407258164
test-80068,0.1433244558871563
test-80069,0.02453321478097623
test-8007,0.014948046492858427
test-80070,0.19099760734590523
test-80071,0.08290872674684348
test-80072,0.07154554671561687
test-80073,0.24101334380786768
test-80074,0.008011262777983362
test-80075,0.24965515487217393
test-80076,0.03317405636767896
test-80077,0.17376416251114465
test-80078,0.06408276141209449
test-80079,0.03257492825974957
test-8008,0.05299778209208815
test-80080,0.34540688757083293
test-80081,0.23119709733691732
test-80082,0.07888001327392077
test-80083,0.0625059280744728
test-80084,0.013846861034102544
test-80085,0.02073593883519124
test-80086,0.31193273665977156
test-80087,0.007582534365502953
test-80088,0.11279078937487191
test-80089,0.0669392073111586
test-8009,0.04201964978950383
test-80090,0.04252105837468247
test-80091,0.09804915333050301
test-80092,0.06051790887646786
test-80093,0.11074503679461077
test-80094,0.2248740062533117
test-80095,0.07154554671561687
test-80096,0.061577899304617906
test-80097,0.09435854111353265
test-80098,0.010771344767589012
test-80099,0.01648638666213537
test-801,0.17909856925714268
test-8010,0.017156521947250643
test-80100,0.019928384331973224
test-80101,0.008989168436627252
test-80102,0.0801953694129738
test-80103,0.0601129969656585
test-80104,0.0488042747417666
test-80105,0.14366983075478063
test-80106,0.014847575778798482
test-80107,0.02366088114196736
test-80108,0.16780212609422623
test-80109,0.013011389261714664
test-8011,0.017975618277726396
test-80110,0.013510563678403656
test-80111,0.02188735944081501
test-80112,0.020331652730733653
test-80113,0.07799433853261355
test-80114,0.1635663644854587
test-80115,0.07896917855603469
test-80116,0.019040018241580227
test-80117,0.02750960850705585
test-80118,0.0095522846651447
test-80119,0.0627097486748246
test-8012,0.009871579441413593
test-80120,0.10971283026104142
test-80121,0.11456359769091133
test-80122,0.0669392073111586
test-80123,0.006709522830867862
test-80124,0.15744167563919254
test-80125,0.32287098608244363
test-80126,0.011378558668401002
test-80127,0.01598346177726185
test-80128,0.02167817711918622
test-80129,0.016689137530504414
test-8013,0.028700760655065403
test-80130,0.10849311745818162
test-80131,0.06724801559985469
test-80132,0.021086587393576172
test-80133,0.01685024565231661
test-80134,0.021974817708933232
test-80135,0.1632258783772097
test-80136,0.07647902672381908
test-80137,0.009040563942345842
test-80138,0.29238760925750185
test-80139,0.011349091319978558
test-8014,0.010293197285930077
test-80140,0.17645226684991447
test-80141,0.09787796055403811
test-80142,0.11393319515786246
test-80143,0.010904938978050591
test-80144,0.39564909082173705
test-80145,0.08536746686318163
test-80146,0.007604782489210285
test-80147,0.2116680508215172
test-80148,0.14707293098620436
test-80149,0.015328586182719157
test-8015,0.025734109166106363
test-80150,0.00952703755644194
test-80151,0.07006278278225135
test-80152,0.13918622067972392
test-80153,0.13613556557811773
test-80154,0.21871680664251192
test-80155,0.009530064564150809
test-80156,0.12864796159012645
test-80157,0.05400256287771402
test-80158,0.028413074905400543
test-80159,0.021206345018344022
test-8016,0.09435854111353265
test-80160,0.022587189909285564
test-80161,0.010056363433970284
test-80162,0.022868446235120264
test-80163,0.30902669917001296
test-80164,0.0370178999960362
test-80165,0.008562357470974514
test-80166,0.09030445970259449
test-80167,0.03991427570930743
test-80168,0.21797593163451404
test-80169,0.27494385233334445
test-8017,0.012059379896954355
test-80170,0.05463586067024815
test-80171,0.15554089745678248
test-80172,0.24089095676797923
test-80173,0.06736238272265943
test-80174,0.052817141843872706
test-80175,0.014767382027840231
test-80176,0.050343609661004755
test-80177,0.06397560413319561
test-80178,0.0671400541784038
test-80179,0.020993886425249846
test-8018,0.3356370189230932
test-80180,0.086064545245851
test-80181,0.07270163841092878
test-80182,0.03472910743983159
test-80183,0.021740891784233957
test-80184,0.1619736275058537
test-80185,0.06409441469790472
test-80186,0.133442999247998
test-80187,0.05487776745599645
test-80188,0.011848276690847875
test-80189,0.1997835150131123
test-8019,0.2776390994236567
test-80190,0.034244993512821995
test-80191,0.04974580208153103
test-80192,0.23991059742469847
test-80193,0.03550975979031171
test-80194,0.1154960312539337
test-80195,0.013298335133473144
test-80196,0.048970293481265165
test-80197,0.02371215722727261
test-80198,0.039086452581574595
test-80199,0.020479888337988472
test-802,0.009987074494270012
test-8020,0.12072024646703768
test-80200,0.17645226684991447
test-80201,0.05849542928708646
test-80202,0.09787796055403811
test-80203,0.02195484577251702
test-80204,0.021451945830857144
test-80205,0.09459023001880597
test-80206,0.02048206187048783
test-80207,0.01942546682389033
test-80208,0.0118682131425451
test-80209,0.1327442976167584
test-8021,0.014548169493274315
test-80210,0.06034131527341203
test-80211,0.012949489927155338
test-80212,0.20571468295172304
test-80213,0.24278861685360972
test-80214,0.05894937891462649
test-80215,0.0087796237868387
test-80216,0.02429832230907737
test-80217,0.03379889459443037
test-80218,0.23068524985719407
test-80219,0.007930944607848517
test-8022,0.1543693773528168
test-80220,0.25347480830705915
test-80221,0.01357168966726645
test-80222,0.008659646897526147
test-80223,0.18418539639569032
test-80224,0.18875116270692072
test-80225,0.0976301232117593
test-80226,0.12072536550968337
test-80227,0.01042203172141464
test-80228,0.06880965168442676
test-80229,0.034142575938427504
test-8023,0.007368081544388647
test-80230,0.10587479574794066
test-80231,0.02510496719577298
test-80232,0.12090191297611871
test-80233,0.03261435370628155
test-80234,0.13672505917018607
test-80235,0.011159520999918949
test-80236,0.008220825746621247
test-80237,0.036536524220852226
test-80238,0.012273158600710272
test-80239,0.02402184745535206
test-8024,0.046470315702755456
test-80240,0.015562762043461607
test-80241,0.03633641952419142
test-80242,0.11899825027656581
test-80243,0.04847204252738082
test-80244,0.15704169050774253
test-80245,0.07955672582119087
test-80246,0.042182920379565954
test-80247,0.18244334754661024
test-80248,0.07076227568602607
test-80249,0.05597179008997841
test-8025,0.16797668392109497
test-80250,0.053126963145090314
test-80251,0.01573986424691246
test-80252,0.10503832580910014
test-80253,0.14372210656871307
test-80254,0.031509287509782935
test-80255,0.023536548698654253
test-80256,0.020981090647328147
test-80257,0.09918054754625143
test-80258,0.02605536819638579
test-80259,0.010175427966532605
test-8026,0.2755917299602527
test-80260,0.16274129844529334
test-80261,0.013475432574775598
test-80262,0.1944346418129891
test-80263,0.02347209645937441
test-80264,0.008651415063227351
test-80265,0.01004532499779423
test-80266,0.04252105837468247
test-80267,0.12679956526676534
test-80268,0.006438794729939336
test-80269,0.18870967525706178
test-8027,0.0688100072509531
test-80270,0.34223675852065555
test-80271,0.02434451298114146
test-80272,0.034850467092311675
test-80273,0.01510569559102509
test-80274,0.017037941373040353
test-80275,0.2635197351916955
test-80276,0.23319741032283992
test-80277,0.04249959995927727
test-80278,0.008587074238533225
test-80279,0.08642454308076318
test-8028,0.2757074132295775
test-80280,0.15251851170323788
test-80281,0.00783575019343182
test-80282,0.03731852270278972
test-80283,0.06287190667657219
test-80284,0.10944497187283134
test-80285,0.011568482269998454
test-80286,0.01894835269545874
test-80287,0.08469207989574525
test-80288,0.13026194955206563
test-80289,0.035013109366513945
test-8029,0.23785414048817588
test-80290,0.14584971832814003
test-80291,0.0669392073111586
test-80292,0.01605228332288155
test-80293,0.010434529797637128
test-80294,0.14632724156556462
test-80295,0.04738449586059641
test-80296,0.13775918575813118
test-80297,0.021727821071333354
test-80298,0.03991427570930743
test-80299,0.1588628922619528
test-803,0.07516286230527178
test-8030,0.03317357571672344
test-80300,0.016950000895526965
test-80301,0.32775942874219727
test-80302,0.3490241275964279
test-80303,0.06537305337831775
test-80304,0.01924557170142916
test-80305,0.07809629626558773
test-80306,0.007004635732970281
test-80307,0.009379571220005656
test-80308,0.0352288649254088
test-80309,0.02079551679715388
test-8031,0.039667604070815245
test-80310,0.3484011393865302
test-80311,0.015751361790967436
test-80312,0.09456466912495104
test-80313,0.07543785294019524
test-80314,0.032596124712301194
test-80315,0.007808677932518856
test-80316,0.06384734178640548
test-80317,0.01405953881819911
test-80318,0.01835215133341702
test-80319,0.21516842170874365
test-8032,0.016653987968859807
test-80320,0.09343551332785324
test-80321,0.06066942223471053
test-80322,0.09199660664068664
test-80323,0.2036217267011375
test-80324,0.022010179175144973
test-80325,0.039485500432329165
test-80326,0.13081905894591914
test-80327,0.01939442742876055
test-80328,0.03562798081380685
test-80329,0.20031521950893014
test-8033,0.060796194499778
test-80330,0.2691907311160628
test-80331,0.017097493019357812
test-80332,0.2523091967442016
test-80333,0.15610571683405597
test-80334,0.324894144030303
test-80335,0.007720566584222114
test-80336,0.016015552399763756
test-80337,0.020140683964523284
test-80338,0.017784828409473978
test-80339,0.012338482913394878
test-8034,0.18141550524930586
test-80340,0.01778906182153442
test-80341,0.22660569417904786
test-80342,0.31604627290276344
test-80343,0.11830899887246223
test-80344,0.032950164956111104
test-80345,0.0342548063489372
test-80346,0.1967235276391597
test-80347,0.029937224813951863
test-80348,0.010814373547251776
test-80349,0.03879196151641744
test-8035,0.030489730990671253
test-80350,0.007764180895029008
test-80351,0.2828471881356509
test-80352,0.02559056060998976
test-80353,0.039579147011189184
test-80354,0.03332848790665245
test-80355,0.014663331218710903
test-80356,0.012962765446716897
test-80357,0.010745448128978348
test-80358,0.03162040787383447
test-80359,0.029410206110718352
test-8036,0.021362922696101617
test-80360,0.01874880219800186
test-80361,0.020184049019556536
test-80362,0.07663017315819354
test-80363,0.026602113405415285
test-80364,0.03325057863595383
test-80365,0.09526063506268198
test-80366,0.05912896188124127
test-80367,0.20418473994107822
test-80368,0.07344271144404275
test-80369,0.08066588140849504
test-8037,0.07698698181004165
test-80370,0.012096642951464351
test-80371,0.056384502225843305
test-80372,0.22596245527230832
test-80373,0.032039855717219984
test-80374,0.022193962283723247
test-80375,0.05339307069340168
test-80376,0.02710152405171839
test-80377,0.06019779940966685
test-80378,0.1387564677932596
test-80379,0.0661297346617273
test-8038,0.014005997568292058
test-80380,0.027857428243618438
test-80381,0.02799481837203824
test-80382,0.013824049723323956
test-80383,0.12888465487367995
test-80384,0.03514508443180233
test-80385,0.04151570374395327
test-80386,0.008929199491659389
test-80387,0.012511543827048114
test-80388,0.007809655723843933
test-80389,0.1972677119891174
test-8039,0.10848737605144335
test-80390,0.026469161411009138
test-80391,0.01789010394812391
test-80392,0.0702582353339462
test-80393,0.22030460430813886
test-80394,0.021500616204762936
test-80395,0.02600736596046313
test-80396,0.16403759043740915
test-80397,0.09095363519959088
test-80398,0.01998645182600787
test-80399,0.023413927673309357
test-804,0.02510312109843727
test-8040,0.025642774813825098
test-80400,0.035151079651394135
test-80401,0.015153359063572108
test-80402,0.06460980718114774
test-80403,0.12381119835029399
test-80404,0.09787796055403811
test-80405,0.24869630636498638
test-80406,0.05808615299660072
test-80407,0.01997900118388564
test-80408,0.008977841528024699
test-80409,0.024250380330631188
test-8041,0.16756127074365848
test-80410,0.1169731902254496
test-80411,0.16711846625989635
test-80412,0.18863766129598705
test-80413,0.009883207207340289
test-80414,0.36837476343214365
test-80415,0.07451535323569446
test-80416,0.08626888026528272
test-80417,0.015415438532742248
test-80418,0.01911979992077974
test-80419,0.16695447271917302
test-8042,0.01437121888060708
test-80420,0.13871466227540263
test-80421,0.2030001674629288
test-80422,0.006728230373631402
test-80423,0.21719568106439105
test-80424,0.01973702068645371
test-80425,0.028955104437234324
test-80426,0.021719429516261997
test-80427,0.16254146335605946
test-80428,0.014030465313330992
test-80429,0.05271925562228082
test-8043,0.15811164550288004
test-80430,0.17365805484963395
test-80431,0.15736357852255028
test-80432,0.03268804491307438
test-80433,0.022192494392222657
test-80434,0.02747561792033172
test-80435,0.04711683658498154
test-80436,0.09391955624110253
test-80437,0.19368610089177737
test-80438,0.061577899304617906
test-80439,0.03541368691595351
test-8044,0.02078701239832998
test-80440,0.20368655124824386
test-80441,0.1398817640174991
test-80442,0.0721963713779976
test-80443,0.13108904054286935
test-80444,0.261487339255832
test-80445,0.05339307069340168
test-80446,0.014781445437531853
test-80447,0.2559489244133204
test-80448,0.030498409518559387
test-80449,0.06636919822503616
test-8045,0.09338730707731242
test-80450,0.07742767884236121
test-80451,0.291949160093525
test-80452,0.032613565392444685
test-80453,0.009114556396956288
test-80454,0.045814890500076255
test-80455,0.0846182167635542
test-80456,0.04315587774234556
test-80457,0.3049735953193011
test-80458,0.1207589030241519
test-80459,0.07240425457499185
test-8046,0.053793371086749156
test-80460,0.0463633051231422
test-80461,0.034755046798244746
test-80462,0.017015068479907202
test-80463,0.08003083037374147
test-80464,0.026424429060477466
test-80465,0.04868518352482237
test-80466,0.0836160361599026
test-80467,0.20467194372466255
test-80468,0.02566927448502827
test-80469,0.028164614949286498
test-8047,0.027349877557134212
test-80470,0.06268869941797271
test-80471,0.026568215704518595
test-80472,0.008172061652615805
test-80473,0.03619042639034781
test-80474,0.01332104219837387
test-80475,0.01900169337990113
test-80476,0.03991427570930743
test-80477,0.23541072872514998
test-80478,0.028231343595340297
test-80479,0.011911170297357875
test-8048,0.03702799659800368
test-80480,0.06589889119154496
test-80481,0.02199070784843751
test-80482,0.020839706529115178
test-80483,0.00816069860790143
test-80484,0.021929708924973118
test-80485,0.1140873148537606
test-80486,0.024134454892395348
test-80487,0.2044799643817732
test-80488,0.1521027042895389
test-80489,0.05032778070085482
test-8049,0.0105278463891984
test-80490,0.015411394695231262
test-80491,0.017696063282669965
test-80492,0.028231342639549767
test-80493,0.025497563501958947
test-80494,0.07145464757808032
test-80495,0.15893130494944288
test-80496,0.016857653779186174
test-80497,0.02620284558204135
test-80498,0.3304749527764625
test-80499,0.3339983301397006
test-805,0.0625959385155026
test-8050,0.30056037549670717
test-80500,0.17292834158960751
test-80501,0.009217760928275882
test-80502,0.04342217792467707
test-80503,0.013571402222892855
test-80504,0.04249650199134158
test-80505,0.03924390245750547
test-80506,0.28925798928748836
test-80507,0.3470681199132621
test-80508,0.20523498700921594
test-80509,0.29002966781857914
test-8051,0.03991427570930743
test-80510,0.05339307069340168
test-80511,0.019650820653846483
test-80512,0.07158453292362281
test-80513,0.09072365976205028
test-80514,0.020719888265364042
test-80515,0.015895449890895353
test-80516,0.005269590404141839
test-80517,0.0707119985986715
test-80518,0.16261119681602831
test-80519,0.03853916042456785
test-8052,0.014675783144617061
test-80520,0.025601385265018723
test-80521,0.19964353969563467
test-80522,0.17847083410626144
test-80523,0.06988156867062127
test-80524,0.04251432830290589
test-80525,0.017069614701796527
test-80526,0.0056504592434344315
test-80527,0.06345684504698716
test-80528,0.2847237328933809
test-80529,0.01994694992344191
test-8053,0.03500277440719609
test-80530,0.024183939642200874
test-80531,0.05487776745599645
test-80532,0.1848548627301197
test-80533,0.020002273678787288
test-80534,0.20073505920608747
test-80535,0.0641125489403451
test-80536,0.024659678294988805
test-80537,0.037620194535035366
test-80538,0.14769610132674538
test-80539,0.16923088689837673
test-8054,0.017367791543641257
test-80540,0.24140651190977508
test-80541,0.024919441094911312
test-80542,0.048816125974254006
test-80543,0.021445192016588514
test-80544,0.039856647481589805
test-80545,0.12120041757068443
test-80546,0.01411522062934288
test-80547,0.01073884370593091
test-80548,0.014458650501999546
test-80549,0.0846182167635542
test-8055,0.05984357087137047
test-80550,0.13815274129406682
test-80551,0.05175289236779562
test-80552,0.07523165132911314
test-80553,0.061492479004624574
test-80554,0.21083272428490443
test-80555,0.053652537338576466
test-80556,0.0676807208103127
test-80557,0.1720712516255491
test-80558,0.2427279337307236
test-80559,0.01613631306018311
test-8056,0.24626502443537032
test-80560,0.04240918263283357
test-80561,0.017904564664636267
test-80562,0.013861226433949882
test-80563,0.01703065327919251
test-80564,0.016411935068393342
test-80565,0.01026305264657274
test-80566,0.03429879266576825
test-80567,0.12819412947753134
test-80568,0.012256559785211393
test-80569,0.03311181586220484
test-8057,0.025198273065979056
test-80570,0.0629213595450315
test-80571,0.039749288910516045
test-80572,0.02478769324756542
test-80573,0.031751049529724976
test-80574,0.3386178999890736
test-80575,0.10522286696267659
test-80576,0.0208043641025125
test-80577,0.0687732139720173
test-80578,0.14128174055427448
test-80579,0.044142476687473536
test-8058,0.03544080451276304
test-80580,0.13133430184211822
test-80581,0.023476672515411915
test-80582,0.012025020367684573
test-80583,0.02508484901738491
test-80584,0.1469111371705864
test-80585,0.010569662885711081
test-80586,0.06989588257000236
test-80587,0.01700697063035707
test-80588,0.23682630472716887
test-80589,0.017611747239253305
test-8059,0.02505210601473483
test-80590,0.12056362792764973
test-80591,0.020446234033832653
test-80592,0.032480437826216325
test-80593,0.1086598168298008
test-80594,0.20768300850249446
test-80595,0.16041808924806092
test-80596,0.01953095494445848
test-80597,0.010611835448323507
test-80598,0.06980830189606753
test-80599,0.014028639599382522
test-806,0.01480481621893174
test-8060,0.11821782214394605
test-80600,0.09787796055403811
test-80601,0.3094668433768371
test-80602,0.14928289879624207
test-80603,0.13427187521081005
test-80604,0.07318748156493517
test-80605,0.012944137107432958
test-80606,0.018879194505220256
test-80607,0.044486939692414934
test-80608,0.022063812876065517
test-80609,0.25539829928015323
test-8061,0.0917381174848898
test-80610,0.00879925604994603
test-80611,0.02060907819941271
test-80612,0.34384985052238193
test-80613,0.008211893967982513
test-80614,0.05400256287771402
test-80615,0.022246402383485978
test-80616,0.020632186817490985
test-80617,0.20181554200763277
test-80618,0.07037908138723081
test-80619,0.010456951757063192
test-8062,0.13091680652675453
test-80620,0.10634028641372721
test-80621,0.008443481737337723
test-80622,0.054755571708351165
test-80623,0.0138154392823004
test-80624,0.033718571002905075
test-80625,0.036218975244855046
test-80626,0.01995544784910132
test-80627,0.01206721503377931
test-80628,0.05880884757305433
test-80629,0.02835809230142231
test-8063,0.17892241119157432
test-80630,0.010919586058516879
test-80631,0.01330400729463104
test-80632,0.008637489353218768
test-80633,0.03957797408190487
test-80634,0.09787796055403811
test-80635,0.04458614054825902
test-80636,0.1257008386843079
test-80637,0.07871157472654189
test-80638,0.015397295023086717
test-80639,0.007780705515203822
test-8064,0.13174327415661558
test-80640,0.02159242390720638
test-80641,0.01663182289740692
test-80642,0.18249656771499045
test-80643,0.012114978728981677
test-80644,0.02915348562897102
test-80645,0.04534827432853624
test-80646,0.07154554671561687
test-80647,0.034508167252098626
test-80648,0.3127354000476771
test-80649,0.02382708242986169
test-8065,0.02314278412467098
test-80650,0.04453124460768829
test-80651,0.16093563229249153
test-80652,0.2826778480005358
test-80653,0.0669392073111586
test-80654,0.23022629871645223
test-80655,0.024075521787413637
test-80656,0.1453884414604033
test-80657,0.017682211374598713
test-80658,0.08717873104972913
test-80659,0.27601337163977074
test-8066,0.019384853376934158
test-80660,0.11071363653677335
test-80661,0.11490760127952633
test-80662,0.2498041569759421
test-80663,0.15872865213155005
test-80664,0.1313395705021038
test-80665,0.22307807201386678
test-80666,0.02767006563301324
test-80667,0.025772781696477093
test-80668,0.050082447180824705
test-80669,0.1895893326263332
test-8067,0.017560668127157564
test-80670,0.008043828621276186
test-80671,0.14212293167009277
test-80672,0.21962815161915938
test-80673,0.09051834682348794
test-80674,0.016020232182825667
test-80675,0.023367929482275503
test-80676,0.013187909346935362
test-80677,0.025709692548866105
test-80678,0.30941851879800675
test-80679,0.018691645200841954
test-8068,0.07071086723601666
test-80680,0.00965682038861182
test-80681,0.01575489177718875
test-80682,0.13760390009629744
test-80683,0.03443679167946759
test-80684,0.019430464113383845
test-80685,0.16328521707714858
test-80686,0.08572687600657186
test-80687,0.05194053664450814
test-80688,0.01709166525669474
test-80689,0.028084751175735185
test-8069,0.010683043167285482
test-80690,0.015359493123675773
test-80691,0.03827376754144335
test-80692,0.030331579323520465
test-80693,0.025424426319757967
test-80694,0.10812230317096443
test-80695,0.02254412598035845
test-80696,0.01731449321995619
test-80697,0.09528380793254176
test-80698,0.0168453403674251
test-80699,0.20374398424149864
test-807,0.008558877275640333
test-8070,0.025992353871990375
test-80700,0.06803412447426488
test-80701,0.0237095222393733
test-80702,0.03898726135289903
test-80703,0.022469825392995725
test-80704,0.027186376636313687
test-80705,0.11108164747241239
test-80706,0.3854764324485544
test-80707,0.14943595663156198
test-80708,0.030365534062107055
test-80709,0.017637791343696894
test-8071,0.2757074132295775
test-80710,0.0603257381709379
test-80711,0.031023654877979295
test-80712,0.16850692375332282
test-80713,0.07866906892333407
test-80714,0.010116290297803277
test-80715,0.015790506649874282
test-80716,0.21372370144244385
test-80717,0.19916501441634715
test-80718,0.10876365156676375
test-80719,0.03972040582739711
test-8072,0.176423696782222
test-80720,0.30772168657973004
test-80721,0.0189114761991466
test-80722,0.013489228848311233
test-80723,0.3059575711967918
test-80724,0.04837099591352369
test-80725,0.07621630011438355
test-80726,0.035009108847028035
test-80727,0.10187556400847897
test-80728,0.020955396451201397
test-80729,0.03213882163957146
test-8073,0.01729044500470542
test-80730,0.12762918202479967
test-80731,0.010497841311141053
test-80732,0.029617758948305938
test-80733,0.03659045115682941
test-80734,0.2736050439469568
test-80735,0.019416669816537918
test-80736,0.027471521470755177
test-80737,0.021565328747065023
test-80738,0.024401288022651572
test-80739,0.0868884526264283
test-8074,0.33754593629652924
test-80740,0.0321158261533553
test-80741,0.1905954354729928
test-80742,0.028703508075175424
test-80743,0.01935623375764694
test-80744,0.02455084362275865
test-80745,0.26426427187185897
test-80746,0.15408489358337846
test-80747,0.09017010439549336
test-80748,0.02344388806856924
test-80749,0.24056619489427739
test-8075,0.04198333517650973
test-80750,0.17645226684991447
test-80751,0.014087100618408179
test-80752,0.03991427570930743
test-80753,0.015439180895762825
test-80754,0.01049905710213852
test-80755,0.04912678454112378
test-80756,0.014204423114542708
test-80757,0.02236023064829745
test-80758,0.045362698625970456
test-80759,0.012439726862888335
test-8076,0.11252806424262769
test-80760,0.09113830586843685
test-80761,0.019933032170278975
test-80762,0.1562304720857999
test-80763,0.05970422601663029
test-80764,0.11728331896029819
test-80765,0.0669392073111586
test-80766,0.07124476373718741
test-80767,0.2582247984200163
test-80768,0.20335613262294985
test-80769,0.08546352250459399
test-8077,0.01604959805530199
test-80770,0.0425176935945131
test-80771,0.019972716601966405
test-80772,0.014371662010114477
test-80773,0.008859324535411618
test-80774,0.032164209424892565
test-80775,0.21827085515716338
test-80776,0.08003083037374147
test-80777,0.1931574744476951
test-80778,0.09673533330374554
test-80779,0.17645226684991447
test-8078,0.01855212097442826
test-80780,0.1689288097257411
test-80781,0.24293078143827948
test-80782,0.056614540584515476
test-80783,0.1889824585800287
test-80784,0.14996001979972087
test-80785,0.26822877775660253
test-80786,0.07736971131561239
test-80787,0.014494360668643517
test-80788,0.046544752920956556
test-80789,0.05863271844272284
test-8079,0.10631306535736079
test-80790,0.04017753930787239
test-80791,0.06252698069726154
test-80792,0.0431745971103823
test-80793,0.12460507488050093
test-80794,0.04458355411753605
test-80795,0.12663596937894922
test-80796,0.005244699911570283
test-80797,0.05015468531813707
test-80798,0.03275788690706074
test-80799,0.23203154109969254
test-808,0.005246451151073925
test-8080,0.01666291615537171
test-80800,0.03189859490754706
test-80801,0.016338110831934143
test-80802,0.07779925044998214
test-80803,0.015234450304569633
test-80804,0.04664394965789343
test-80805,0.11524460242033516
test-80806,0.2675499444905492
test-80807,0.024779968942350336
test-80808,0.011651554683961857
test-80809,0.04588420591601685
test-8081,0.010918335201384076
test-80810,0.03991427570930743
test-80811,0.03810495562487775
test-80812,0.010848849213182913
test-80813,0.010042080270842076
test-80814,0.20029468656426408
test-80815,0.09119339770255026
test-80816,0.14795764018357277
test-80817,0.07427941029801152
test-80818,0.1413110013563958
test-80819,0.03292969624263229
test-8082,0.0846182167635542
test-80820,0.05339307069340168
test-80821,0.0334575204174724
test-80822,0.022105670399893536
test-80823,0.05053106596559426
test-80824,0.020823068121404154
test-80825,0.03611663395578433
test-80826,0.08397779816518679
test-80827,0.061577899304617906
test-80828,0.30716361984986307
test-80829,0.3092111201168252
test-8083,0.03562798081380685
test-80830,0.028562276380827197
test-80831,0.15727514844277743
test-80832,0.18759031175607868
test-80833,0.02706483331683652
test-80834,0.04350617864564556
test-80835,0.08469207989574525
test-80836,0.2050439563238944
test-80837,0.012824667796517428
test-80838,0.06469889452971186
test-80839,0.09787796055403811
test-8084,0.019520216171475577
test-80840,0.020067836517387562
test-80841,0.013311405425595228
test-80842,0.02403168801781399
test-80843,0.12819412947753134
test-80844,0.15083867422927139
test-80845,0.03240758764689325
test-80846,0.0821200641500717
test-80847,0.12669521753714805
test-80848,0.1793365748447818
test-80849,0.05480845940360587
test-8085,0.03296280160242404
test-80850,0.012263674714995492
test-80851,0.31621057372049344
test-80852,0.09020885326501375
test-80853,0.011330133031827855
test-80854,0.08395183120844195
test-80855,0.022334718890691642
test-80856,0.10733009770928022
test-80857,0.007195905458677062
test-80858,0.028029553368464136
test-80859,0.06721393631980155
test-8086,0.0762487858225778
test-80860,0.01841682740989599
test-80861,0.012714096991548766
test-80862,0.00426336087826824
test-80863,0.01832731539451931
test-80864,0.1726942439292409
test-80865,0.006607384255360576
test-80866,0.03403254564709647
test-80867,0.013537745295566325
test-80868,0.17904503398766775
test-80869,0.014002621431395598
test-8087,0.014266143168882243
test-80870,0.023742458586117853
test-80871,0.036423949971104715
test-80872,0.03038257910570017
test-80873,0.0687732139720173
test-80874,0.028231343595340297
test-80875,0.029393996892710033
test-80876,0.19947960319887648
test-80877,0.03688892664497909
test-80878,0.052440734266651114
test-80879,0.006855073827006693
test-8088,0.009869947184255776
test-80880,0.07765548192385864
test-80881,0.030342870605121974
test-80882,0.0751332706005262
test-80883,0.3257253218515523
test-80884,0.11620376548595909
test-80885,0.035611575561182926
test-80886,0.02040146817744401
test-80887,0.017202283969349818
test-80888,0.1944346418129891
test-80889,0.004951176691672385
test-8089,0.1771434384408131
test-80890,0.1816672879667187
test-80891,0.22670222960469927
test-80892,0.04953858611954152
test-80893,0.1398388875173638
test-80894,0.3488353564973475
test-80895,0.164816081151123
test-80896,0.10374819059806743
test-80897,0.02235476076526124
test-80898,0.2293220499993034
test-80899,0.01349553668782538
test-809,0.1490929704725994
test-8090,0.09276238954112569
test-80900,0.021849180946403052
test-80901,0.015602907059892345
test-80902,0.04184772717289933
test-80903,0.008440183339031062
test-80904,0.050323221017780584
test-80905,0.01940062354255249
test-80906,0.006502807891412625
test-80907,0.10135147787955867
test-80908,0.01703681187615648
test-80909,0.00900513510810355
test-8091,0.006790408749987298
test-80910,0.14362268851835597
test-80911,0.046661956705240856
test-80912,0.13728219661578422
test-80913,0.016703117619662717
test-80914,0.3856365318233829
test-80915,0.021936630997613137
test-80916,0.12663596937894922
test-80917,0.04770876296334925
test-80918,0.16224650070953212
test-80919,0.012114139986013767
test-8092,0.1266837876881283
test-80920,0.16695447271917302
test-80921,0.1818840408880384
test-80922,0.031327303605217474
test-80923,0.14573398726677683
test-80924,0.1298383788271052
test-80925,0.16695447271917302
test-80926,0.05015468531813707
test-80927,0.0415622801415036
test-80928,0.022265605354363775
test-80929,0.018844665594292837
test-8093,0.010431021716455989
test-80930,0.1861670590663809
test-80931,0.03222640297944521
test-80932,0.033444679931476415
test-80933,0.1711499514316575
test-80934,0.03544080451276304
test-80935,0.07896917855603469
test-80936,0.09787796055403811
test-80937,0.0254651825888722
test-80938,0.03805946154776818
test-80939,0.006151111407350198
test-8094,0.035313976398063635
test-80940,0.06219898246042759
test-80941,0.03561992977071993
test-80942,0.06037042169499573
test-80943,0.26441953763938447
test-80944,0.2651773599789029
test-80945,0.10404125537587319
test-80946,0.1895649076555752
test-80947,0.05008261373119381
test-80948,0.011841520233121856
test-80949,0.15536048380534115
test-8095,0.11308345428953401
test-80950,0.16132429168529552
test-80951,0.04252105837468247
test-80952,0.014115294666361874
test-80953,0.022082372830432927
test-80954,0.06803412447426488
test-80955,0.07240425457499185
test-80956,0.10761108001449775
test-80957,0.01787324844662315
test-80958,0.021943156355399795
test-80959,0.03808926221621729
test-8096,0.20076579714671464
test-80960,0.020021707361570492
test-80961,0.01992118965762368
test-80962,0.06227219797931272
test-80963,0.008029326362355045
test-80964,0.02372274012527767
test-80965,0.156496855496956
test-80966,0.09053831316485697
test-80967,0.12379590216845633
test-80968,0.0846182167635542
test-80969,0.034462792400414846
test-8097,0.01993732240602397
test-80970,0.29744135590235987
test-80971,0.011640290645138805
test-80972,0.18058165074101257
test-80973,0.0284158898480117
test-80974,0.03298119934555294
test-80975,0.0902191200962555
test-80976,0.31984245613509316
test-80977,0.0669392073111586
test-80978,0.06644417737653274
test-80979,0.017356079071355092
test-8098,0.06687591078501293
test-80980,0.21673462762026227
test-80981,0.0464971219300596
test-80982,0.06627285876877344
test-80983,0.014195115531044267
test-80984,0.1127279061666934
test-80985,0.006177449889337807
test-80986,0.19663532458721153
test-80987,0.006248207599667117
test-80988,0.09621261398248394
test-80989,0.05479452513803509
test-8099,0.09735592008169874
test-80990,0.20737734328226967
test-80991,0.09536237011344616
test-80992,0.1869431043845025
test-80993,0.012937628966327084
test-80994,0.02621157370020314
test-80995,0.04278059917778132
test-80996,0.0441347091557929
test-80997,0.10640193811008858
test-80998,0.13341891293094651
test-80999,0.00766476025134011
test-81,0.15295942477196064
test-810,0.021706928426323182
test-8100,0.012419742137207373
test-81000,0.11781770096732781
test-81001,0.32685768855452657
test-81002,0.21478158246306986
test-81003,0.128609964088879
test-81004,0.017240916922092828
test-81005,0.008575648430898372
test-81006,0.09873586251820075
test-81007,0.019838184234021124
test-81008,0.09435854111353265
test-81009,0.020120516209396387
test-8101,0.01594880250535449
test-81010,0.013575869151601742
test-81011,0.009256600130851904
test-81012,0.01828504976027247
test-81013,0.025035223663923238
test-81014,0.15297636954172758
test-81015,0.011249732423425713
test-81016,0.0242368306054827
test-81017,0.11140480162269964
test-81018,0.05241403536465575
test-81019,0.12796851635119139
test-8102,0.08003083037374147
test-81020,0.08210597295258167
test-81021,0.17892753720921037
test-81022,0.04599471470034438
test-81023,0.19632024349265403
test-81024,0.24716696402025914
test-81025,0.0357801115548072
test-81026,0.007239926176633756
test-81027,0.3212844982418065
test-81028,0.09383852470134166
test-81029,0.2023293049631889
test-8103,0.05652636713934997
test-81030,0.09787796055403811
test-81031,0.19399873507909554
test-81032,0.07065322531063209
test-81033,0.01956856123257435
test-81034,0.032285215908022157
test-81035,0.03786007027405641
test-81036,0.18069930256415456
test-81037,0.1720060452028879
test-81038,0.20019544835442013
test-81039,0.2954234403200605
test-8104,0.043785909641991014
test-81040,0.00885714230540158
test-81041,0.021245224109166384
test-81042,0.2586787760207775
test-81043,0.03137037740800182
test-81044,0.08476020343315781
test-81045,0.08892649068544983
test-81046,0.0489548020334946
test-81047,0.009104156549154366
test-81048,0.25473341018680473
test-81049,0.15358704675003365
test-8105,0.093953076695844
test-81050,0.0669392073111586
test-81051,0.022422701683847406
test-81052,0.0837867799766064
test-81053,0.012032359870092622
test-81054,0.23996607468299763
test-81055,0.013661636577303285
test-81056,0.033286984954769235
test-81057,0.12907028439163112
test-81058,0.02449644764351692
test-81059,0.0076923280727946
test-8106,0.030335608896396832
test-81060,0.06810032168957576
test-81061,0.27864098287064987
test-81062,0.22731277603894715
test-81063,0.007143411693451965
test-81064,0.029116724759153532
test-81065,0.009465668345355645
test-81066,0.1156034901975738
test-81067,0.1428756697974193
test-81068,0.15291743395249696
test-81069,0.015229256364803543
test-8107,0.1537694947074295
test-81070,0.02533130963872595
test-81071,0.05783949510104669
test-81072,0.041053934785909935
test-81073,0.011882371985113445
test-81074,0.13890020844623285
test-81075,0.09787796055403811
test-81076,0.040532793689842556
test-81077,0.00831841778191277
test-81078,0.03931546865314836
test-81079,0.010319800072812451
test-8108,0.017316434611472475
test-81080,0.005933319882366374
test-81081,0.024153733510954865
test-81082,0.22094044927987175
test-81083,0.05193636095288832
test-81084,0.00699823092832788
test-81085,0.07144225579760063
test-81086,0.033833338677270154
test-81087,0.044134182722401695
test-81088,0.037208412911544295
test-81089,0.011312049889305594
test-8109,0.1543693773528168
test-81090,0.12073970332576858
test-81091,0.13090395444642006
test-81092,0.01220417273923821
test-81093,0.2039093525773386
test-81094,0.011277313236390465
test-81095,0.007721433181550525
test-81096,0.01315355827300281
test-81097,0.004861967813553433
test-81098,0.01688476713911242
test-81099,0.023944153870737773
test-811,0.020439960650916765
test-8110,0.14847246418970034
test-81100,0.03130215678654033
test-81101,0.01697210983036393
test-81102,0.046308485961986175
test-81103,0.2603713378801965
test-81104,0.22028809806142252
test-81105,0.024546866258489064
test-81106,0.18186995802847356
test-81107,0.09787796055403811
test-81108,0.02005939803896476
test-81109,0.1857738924711256
test-8111,0.1750525267358381
test-81110,0.02524353790357511
test-81111,0.02244086443050189
test-81112,0.2576963550251108
test-81113,0.0104253487643917
test-81114,0.03806587972634117
test-81115,0.07706599239417597
test-81116,0.09453581991775889
test-81117,0.0830083805600248
test-81118,0.012084274732838221
test-81119,0.020723097946672597
test-8112,0.025213612401267613
test-81120,0.19786029351726978
test-81121,0.02403168801781399
test-81122,0.1375719572610847
test-81123,0.023747354795746987
test-81124,0.19672827092482562
test-81125,0.031371133691300714
test-81126,0.012759328447143158
test-81127,0.014769379028312218
test-81128,0.25561895904408594
test-81129,0.006210093107966914
test-8113,0.03611663395578433
test-81130,0.03972406353674053
test-81131,0.11512351736983528
test-81132,0.136479096762394
test-81133,0.01131802106392118
test-81134,0.011452462859885637
test-81135,0.06642691859499684
test-81136,0.02948774707991452
test-81137,0.18537455364897118
test-81138,0.03217148106861156
test-81139,0.09711773830318347
test-8114,0.10251507034744838
test-81140,0.14275432424589898
test-81141,0.01127013196648807
test-81142,0.008612773096987358
test-81143,0.16030744257420934
test-81144,0.02395744443450838
test-81145,0.03704638385677215
test-81146,0.03846532284254879
test-81147,0.13308543252637733
test-81148,0.10913629603024114
test-81149,0.02121404982163632
test-8115,0.011502565728404045
test-81150,0.02902559650368691
test-81151,0.029905946713622712
test-81152,0.14959119082111938
test-81153,0.3432958720095738
test-81154,0.015390175220321194
test-81155,0.025952445321439154
test-81156,0.05004582465705359
test-81157,0.03331916622347215
test-81158,0.008254652051318092
test-81159,0.32474929951501214
test-8116,0.025000185242176436
test-81160,0.0687078737953938
test-81161,0.052680546941977616
test-81162,0.02681122145070983
test-81163,0.009384908126861853
test-81164,0.03143830358894977
test-81165,0.015845099377899373
test-81166,0.09775355944063342
test-81167,0.05339307069340168
test-81168,0.026274500679190137
test-81169,0.08700098461906644
test-8117,0.022036723973315225
test-81170,0.029578332709725062
test-81171,0.07896917855603469
test-81172,0.10926764922083154
test-81173,0.0343956854860637
test-81174,0.18424305144584913
test-81175,0.26366012282928386
test-81176,0.08549318337279413
test-81177,0.011058006045416752
test-81178,0.013548233310112179
test-81179,0.014012751616640076
test-8118,0.08382638525746249
test-81180,0.09435854111353265
test-81181,0.03201361885278931
test-81182,0.04978904306872194
test-81183,0.07144809744087487
test-81184,0.019266997125981605
test-81185,0.009487031133514944
test-81186,0.04308095429846384
test-81187,0.03602288496521154
test-81188,0.3436967925243646
test-81189,0.07293799599924916
test-8119,0.01428379245137014
test-81190,0.2615395023143805
test-81191,0.14237685923005614
test-81192,0.0876289296170288
test-81193,0.0694239166499791
test-81194,0.16642731091000174
test-81195,0.02577254383380826
test-81196,0.07321188468101536
test-81197,0.01646373231857512
test-81198,0.05339307069340168
test-81199,0.08028767484326288
test-812,0.00980248981855581
test-8120,0.0698936645970116
test-81200,0.022650191226500565
test-81201,0.18130625138713358
test-81202,0.20578960986367437
test-81203,0.09787796055403811
test-81204,0.06108085344638038
test-81205,0.029018194969495686
test-81206,0.2532694816459421
test-81207,0.04014335139755121
test-81208,0.015653125999735805
test-81209,0.05213618948726701
test-8121,0.25199799333704676
test-81210,0.14138636719782186
test-81211,0.06741289308376072
test-81212,0.37964382709700545
test-81213,0.028122836172483852
test-81214,0.026322735516490506
test-81215,0.389606039667169
test-81216,0.020624584314294793
test-81217,0.05339307069340168
test-81218,0.016844983729733604
test-81219,0.012820822438310921
test-8122,0.16695447271917302
test-81220,0.11378069649606996
test-81221,0.06175220471704537
test-81222,0.11558563351628832
test-81223,0.3308727129100742
test-81224,0.15239705677928453
test-81225,0.02910115369980718
test-81226,0.01532031515029374
test-81227,0.018484197173828706
test-81228,0.17252231702783927
test-81229,0.03490673523753923
test-8123,0.02414675223382174
test-81230,0.05448773537606346
test-81231,0.09339099004019985
test-81232,0.009548533940106746
test-81233,0.15656525074458422
test-81234,0.018912989974032218
test-81235,0.023029103897902522
test-81236,0.1627920998152339
test-81237,0.011860806176039766
test-81238,0.33634031603323966
test-81239,0.1847430019045104
test-8124,0.13844485831116107
test-81240,0.0197762139490576
test-81241,0.011065019533611628
test-81242,0.07859197714629405
test-81243,0.014547501841782011
test-81244,0.058297058741374704
test-81245,0.01931982309302819
test-81246,0.021756381047227116
test-81247,0.06814669241232543
test-81248,0.008199006881329947
test-81249,0.23069447594610243
test-8125,0.17828117929066992
test-81250,0.09357755778528049
test-81251,0.37524741150716545
test-81252,0.010731146058250632
test-81253,0.04339002761386955
test-81254,0.1626526958423757
test-81255,0.1451063671694793
test-81256,0.015115031763943113
test-81257,0.13710033919032888
test-81258,0.029272833790909975
test-81259,0.009656729685933585
test-8126,0.12906851317857232
test-81260,0.010761300375828687
test-81261,0.06303550544444328
test-81262,0.02729977462896876
test-81263,0.3099647625669498
test-81264,0.043426535588116044
test-81265,0.08801448824601056
test-81266,0.027607843170281456
test-81267,0.02131388211681314
test-81268,0.009238007815321858
test-81269,0.043223256015045924
test-8127,0.058593739874695835
test-81270,0.009397093497874971
test-81271,0.010985597273289035
test-81272,0.13046277799369352
test-81273,0.2256844337129291
test-81274,0.24832444311426888
test-81275,0.01805716656498124
test-81276,0.00913276034489914
test-81277,0.020554699487718132
test-81278,0.015315605470580213
test-81279,0.038209478802648904
test-8128,0.0905645554690865
test-81280,0.010608379036926066
test-81281,0.22459328368695397
test-81282,0.008979517088662748
test-81283,0.0189114761991466
test-81284,0.021075380183622153
test-81285,0.30213481743647613
test-81286,0.009202010048606105
test-81287,0.2054273118167694
test-81288,0.1072980688467333
test-81289,0.14525075876742213
test-8129,0.08676426786931425
test-81290,0.04412517446905896
test-81291,0.09894217917792562
test-81292,0.026274500679190137
test-81293,0.023007980864477886
test-81294,0.20771501421588837
test-81295,0.14341590628354015
test-81296,0.03320833231368972
test-81297,0.2226580344421826
test-81298,0.0150354985560949
test-81299,0.2828631979199381
test-813,0.04252105837468247
test-8130,0.03403916927007119
test-81300,0.017475808198268303
test-81301,0.02455095594942546
test-81302,0.02889438709477188
test-81303,0.22154913343422555
test-81304,0.042253281181153235
test-81305,0.010592205019536038
test-81306,0.03140160738817176
test-81307,0.28552144545935615
test-81308,0.05098173946660219
test-81309,0.34357483170184744
test-8131,0.27650838552522544
test-81310,0.03185668945975935
test-81311,0.08219192647824698
test-81312,0.14238971839333892
test-81313,0.22998476004784082
test-81314,0.03617236296680465
test-81315,0.01866144139804002
test-81316,0.036521223391772016
test-81317,0.023385176433734722
test-81318,0.11766676525607997
test-81319,0.018985418793007348
test-8132,0.18623589428489837
test-81320,0.048461475713048124
test-81321,0.00984489608310566
test-81322,0.15462961328736766
test-81323,0.017957553968387663
test-81324,0.017721631463731853
test-81325,0.01637697474636509
test-81326,0.1313395705021038
test-81327,0.030126536172784737
test-81328,0.018758337434646406
test-81329,0.018165803823562546
test-8133,0.016819177294312565
test-81330,0.40060631569286403
test-81331,0.03912875804578712
test-81332,0.036600394583060476
test-81333,0.05071209809231186
test-81334,0.07098044192380377
test-81335,0.026406844477936446
test-81336,0.02791318342703887
test-81337,0.12668721910290023
test-81338,0.02007219555340625
test-81339,0.04414144036815126
test-8134,0.03720389057084261
test-81340,0.03707474889004824
test-81341,0.14138831961150775
test-81342,0.08257665011711005
test-81343,0.12460507488050093
test-81344,0.020124328090898463
test-81345,0.2118592366578464
test-81346,0.03296437962746403
test-81347,0.13731171035429612
test-81348,0.01385891998549238
test-81349,0.338951880880182
test-8135,0.008679716647584289
test-81350,0.03177318876925488
test-81351,0.1524024673010922
test-81352,0.013233080171545277
test-81353,0.4063727899228229
test-81354,0.026297925993665098
test-81355,0.17645226684991447
test-81356,0.03809597806372431
test-81357,0.044797006236320505
test-81358,0.013583158276989558
test-81359,0.011640290645138805
test-8136,0.012246164900448272
test-81360,0.08238834223644644
test-81361,0.06521488565930329
test-81362,0.023688263175068145
test-81363,0.24056619489427739
test-81364,0.11092272874247906
test-81365,0.10613389013692362
test-81366,0.06989588257000236
test-81367,0.0846182167635542
test-81368,0.03544080451276304
test-81369,0.009843839012970947
test-8137,0.0669392073111586
test-81370,0.28225216771047823
test-81371,0.033016159921925956
test-81372,0.38243056069013487
test-81373,0.04310008561613844
test-81374,0.3614277675568911
test-81375,0.006606502533672383
test-81376,0.015813217683792947
test-81377,0.032170553980055264
test-81378,0.018103300037055656
test-81379,0.1971034400603607
test-8138,0.01392424715724482
test-81380,0.24963772121064218
test-81381,0.21802016280879344
test-81382,0.011030138218203044
test-81383,0.04065963027321914
test-81384,0.17491703257810437
test-81385,0.08973685257803019
test-81386,0.08793663913231468
test-81387,0.07896917855603469
test-81388,0.031573277611457166
test-81389,0.13613556557811773
test-8139,0.2322018930019835
test-81390,0.060330754297190835
test-81391,0.31000637437641065
test-81392,0.07285269439672237
test-81393,0.0380857584160636
test-81394,0.22305182207104204
test-81395,0.014374298442250966
test-81396,0.19715383299252162
test-81397,0.1301191512829931
test-81398,0.29528644468587467
test-81399,0.008145172771227942
test-814,0.009705203620655195
test-8140,0.03467346997600524
test-81400,0.05504780149691745
test-81401,0.08641359945096186
test-81402,0.15380203257213476
test-81403,0.03513391145641964
test-81404,0.24273221124039168
test-81405,0.0898774960524088
test-81406,0.031751049529724976
test-81407,0.0890143174030048
test-81408,0.3301697560908203
test-81409,0.007888216480191635
test-8141,0.2821515413191359
test-81410,0.11577512187376636
test-81411,0.30902669917001296
test-81412,0.013884414459058239
test-81413,0.031251523965331096
test-81414,0.027052994782925895
test-81415,0.006653150127563184
test-81416,0.197286025661373
test-81417,0.05036434181547101
test-81418,0.08240997914578428
test-81419,0.06650617692340728
test-8142,0.07300415700059695
test-81420,0.25788273733967376
test-81421,0.14169365638824388
test-81422,0.09237272439599177
test-81423,0.09787796055403811
test-81424,0.013131515480360699
test-81425,0.029098082506542097
test-81426,0.10174923592987674
test-81427,0.04974580208153103
test-81428,0.04110179837705517
test-81429,0.03688109218516018
test-8143,0.1755735544490054
test-81430,0.12692482962488566
test-81431,0.034462792400414846
test-81432,0.01901059907953672
test-81433,0.09360147797472365
test-81434,0.09860381645007209
test-81435,0.009458232793080985
test-81436,0.0127553785908678
test-81437,0.0900913284632651
test-81438,0.017807902641609526
test-81439,0.06588502259391052
test-8144,0.03239760796417611
test-81440,0.11997234507850559
test-81441,0.008774278151386742
test-81442,0.0502639946239439
test-81443,0.11771687903443961
test-81444,0.24840519562226154
test-81445,0.009143517798907519
test-81446,0.07557323691649447
test-81447,0.007981443795138947
test-81448,0.010343100915003083
test-81449,0.014315093208336164
test-8145,0.02618390744042015
test-81450,0.38430157697721756
test-81451,0.08219192647824698
test-81452,0.03286716334690705
test-81453,0.029762454436861277
test-81454,0.028376980115025992
test-81455,0.01713961293086494
test-81456,0.03562798081380685
test-81457,0.01639316351706229
test-81458,0.17266431182289818
test-81459,0.10609690965750772
test-8146,0.009600267497284506
test-81460,0.04080574010600028
test-81461,0.03544031768892773
test-81462,0.025907659132512913
test-81463,0.027926342022387095
test-81464,0.19648692519039576
test-81465,0.018655019731733856
test-81466,0.03537308303607002
test-81467,0.011171684817864626
test-81468,0.08096110748823805
test-81469,0.17493469443673115
test-8147,0.23069447594610243
test-81470,0.019359433475550615
test-81471,0.10812230317096443
test-81472,0.027594352090957203
test-81473,0.03575085027387957
test-81474,0.11930798742934495
test-81475,0.3685035640536423
test-81476,0.1615710617692398
test-81477,0.11406573607985475
test-81478,0.1869213515024209
test-81479,0.22746125279309412
test-8148,0.1810368607107018
test-81480,0.04687241728370488
test-81481,0.007546998174911658
test-81482,0.02142993684985706
test-81483,0.007668814476505211
test-81484,0.01697441910378611
test-81485,0.15634148151342414
test-81486,0.07685738770875135
test-81487,0.1169731902254496
test-81488,0.03570331733269581
test-81489,0.016866575283034407
test-8149,0.03747707710120576
test-81490,0.011539342044766882
test-81491,0.02620284558204135
test-81492,0.008649074284065986
test-81493,0.02779072855131059
test-81494,0.06837716154279296
test-81495,0.01302038709139239
test-81496,0.022550018191539428
test-81497,0.14102353261840875
test-81498,0.12706102495752658
test-81499,0.049259053624259655
test-815,0.056082306730682395
test-8150,0.22862492777119403
test-81500,0.010109344359751912
test-81501,0.07884638214518479
test-81502,0.03562798081380685
test-81503,0.1085487939448295
test-81504,0.21578707777777884
test-81505,0.2230513467372791
test-81506,0.024096545365370942
test-81507,0.015869019858000193
test-81508,0.013434243764757606
test-81509,0.3151385608720344
test-8151,0.014306942593613379
test-81510,0.1639713115882953
test-81511,0.058473188685785035
test-81512,0.213680380935131
test-81513,0.018669782927159408
test-81514,0.2012779322646951
test-81515,0.05977521469142789
test-81516,0.032387268279929264
test-81517,0.1092965393774235
test-81518,0.015237434961830273
test-81519,0.14553694076409418
test-8152,0.013827294522898369
test-81520,0.016414232001927185
test-81521,0.007856647303939042
test-81522,0.013304132959299072
test-81523,0.030517236185282452
test-81524,0.08799037448534339
test-81525,0.1397535084496826
test-81526,0.023817614736667454
test-81527,0.03141047772832559
test-81528,0.024174385434104065
test-81529,0.01595785140581346
test-8153,0.07163980991513669
test-81530,0.10602152586666634
test-81531,0.04475351461529831
test-81532,0.012991900853961126
test-81533,0.00647379345511304
test-81534,0.023272707988548982
test-81535,0.06853839560609523
test-81536,0.17056737353958626
test-81537,0.07520570067114873
test-81538,0.007234923500819476
test-81539,0.03983721482998006
test-8154,0.1944346418129891
test-81540,0.11184729895669888
test-81541,0.08821707234866384
test-81542,0.10185715050776654
test-81543,0.2498709948199503
test-81544,0.05339481746953071
test-81545,0.016046865672102117
test-81546,0.1934413052955065
test-81547,0.010623888292629047
test-81548,0.1508126009690024
test-81549,0.026358696987681857
test-8155,0.05181144269851258
test-81550,0.02596028142099456
test-81551,0.00981016171382174
test-81552,0.0212744818172638
test-81553,0.032147435043153
test-81554,0.06800168277644
test-81555,0.1473503935218109
test-81556,0.14744710231048352
test-81557,0.011486453304257783
test-81558,0.014874600560886542
test-81559,0.14214452271383013
test-8156,0.05379082556839991
test-81560,0.13544783423858517
test-81561,0.01186173393660021
test-81562,0.016736643396856585
test-81563,0.025128733605893957
test-81564,0.06386967662648586
test-81565,0.25561895904408594
test-81566,0.046009648738188004
test-81567,0.04381455970273442
test-81568,0.01785577451021296
test-81569,0.011505124320160076
test-8157,0.03766195127474712
test-81570,0.11325330947575728
test-81571,0.12944892012576575
test-81572,0.01598346177726185
test-81573,0.013815901677679855
test-81574,0.13218089231406102
test-81575,0.11335800668061216
test-81576,0.01997900118388564
test-81577,0.11468183529436574
test-81578,0.016034580799548653
test-81579,0.3261375326694044
test-8158,0.06256640140901615
test-81580,0.03695706608081809
test-81581,0.16696100891292529
test-81582,0.03599874513267333
test-81583,0.012230502646909424
test-81584,0.019365574523002756
test-81585,0.014887812707628562
test-81586,0.01483147417453171
test-81587,0.013356178304342218
test-81588,0.07759758397086935
test-81589,0.01765135500180923
test-8159,0.16372117306841458
test-81590,0.10135147787955867
test-81591,0.04120414685581896
test-81592,0.014483881745502108
test-81593,0.028837583773242147
test-81594,0.028104140055406034
test-81595,0.10157847259430676
test-81596,0.33605751195913636
test-81597,0.03388858243739365
test-81598,0.06988811538137597
test-81599,0.08469207989574525
test-816,0.017858515247212603
test-8160,0.020365509263434445
test-81600,0.16459780545274047
test-81601,0.009376155780907607
test-81602,0.005892753858524446
test-81603,0.14674126305909438
test-81604,0.045454449396732176
test-81605,0.2222755375866943
test-81606,0.028853235290030803
test-81607,0.17020683977473616
test-81608,0.0194915129230871
test-81609,0.033829600853845405
test-8161,0.01991825635350801
test-81610,0.07512180394517347
test-81611,0.041269464050018245
test-81612,0.14281387885522065
test-81613,0.016247452052391864
test-81614,0.060830464168921544
test-81615,0.1666025006369793
test-81616,0.1251636510011609
test-81617,0.011996300655044008
test-81618,0.017129413784221448
test-81619,0.01812431793221647
test-8162,0.14928289879624207
test-81620,0.056408582884313926
test-81621,0.012199930271329528
test-81622,0.02381975041998306
test-81623,0.05860123610795429
test-81624,0.012197280142627538
test-81625,0.018530758728264634
test-81626,0.020079804043284497
test-81627,0.008808214338300917
test-81628,0.020094110329857452
test-81629,0.058435117516661784
test-8163,0.08510223136354376
test-81630,0.011452462859885637
test-81631,0.01994694992344191
test-81632,0.0846182167635542
test-81633,0.11938269579771292
test-81634,0.3235616570680335
test-81635,0.028317913922556413
test-81636,0.12783225388004305
test-81637,0.010580457001942633
test-81638,0.052622418166304176
test-81639,0.09652724637871632
test-8164,0.1313395705021038
test-81640,0.012096034352389488
test-81641,0.049181855473476345
test-81642,0.01240438963282956
test-81643,0.01095297789524586
test-81644,0.2793114325661887
test-81645,0.1368321145500669
test-81646,0.019004134993502588
test-81647,0.010470971584594582
test-81648,0.09786380328653811
test-81649,0.02931650296567463
test-8165,0.05118125121411349
test-81650,0.01065039375598736
test-81651,0.021500616204762936
test-81652,0.06361917536317961
test-81653,0.04197881459147397
test-81654,0.0231014474431284
test-81655,0.18397035647959203
test-81656,0.012465232384840269
test-81657,0.05400256287771402
test-81658,0.048091629780800456
test-81659,0.04559070201690954
test-8166,0.01257945201795559
test-81660,0.16985075417147963
test-81661,0.14395815389144423
test-81662,0.17319188593933565
test-81663,0.019134199861535882
test-81664,0.07154554671561687
test-81665,0.3349129837454473
test-81666,0.09730538385896743
test-81667,0.057784776742759524
test-81668,0.01787324844662315
test-81669,0.03074126691570157
test-8167,0.13775918575813118
test-81670,0.07761748474770268
test-81671,0.043517781810508534
test-81672,0.03039508899552821
test-81673,0.029290836025828278
test-81674,0.11150811809977566
test-81675,0.20386482201411718
test-81676,0.06220770171492173
test-81677,0.03599672963030003
test-81678,0.36493336448555214
test-81679,0.028755793442352115
test-8168,0.02874157781611735
test-81680,0.028231343595340297
test-81681,0.044200675822435566
test-81682,0.19715383299252162
test-81683,0.31550847351172256
test-81684,0.2543626303125082
test-81685,0.011926682980426389
test-81686,0.016401498629005497
test-81687,0.013428843715478823
test-81688,0.08332633239935479
test-81689,0.2894116826044946
test-8169,0.020417348644965496
test-81690,0.07183661087020381
test-81691,0.13096503626580197
test-81692,0.16289259586788404
test-81693,0.079085343038518
test-81694,0.06013711942175889
test-81695,0.11312530345366781
test-81696,0.1787048921331903
test-81697,0.26954507424562274
test-81698,0.020632186817490985
test-81699,0.03246626611545123
test-817,0.019559559963359757
test-8170,0.03332848790665245
test-81700,0.27543949027693004
test-81701,0.1997903522570907
test-81702,0.035335751295261966
test-81703,0.11562946231524736
test-81704,0.03191346258017149
test-81705,0.010515434686154412
test-81706,0.18186684629664435
test-81707,0.32403485535166354
test-81708,0.02403168801781399
test-81709,0.030504056590530192
test-8171,0.008298973325058818
test-81710,0.04158592007283871
test-81711,0.03253783055702789
test-81712,0.014430300270753612
test-81713,0.031141146765299707
test-81714,0.08091840458510943
test-81715,0.05339307069340168
test-81716,0.049639470613097196
test-81717,0.009090635013826212
test-81718,0.012651282544482364
test-81719,0.01684826637183303
test-8172,0.015559439563138757
test-81720,0.023574814146147066
test-81721,0.1944346418129891
test-81722,0.13734216432348237
test-81723,0.024101177038389508
test-81724,0.01981357906402915
test-81725,0.2640513481957621
test-81726,0.10131017876088283
test-81727,0.026662111522756767
test-81728,0.06803412447426488
test-81729,0.01916702918727281
test-8173,0.09070349113982837
test-81730,0.12416644321373581
test-81731,0.08015272607842609
test-81732,0.01721246237006265
test-81733,0.009045193045663966
test-81734,0.05167397212613984
test-81735,0.09503639838740749
test-81736,0.059911628350726345
test-81737,0.22556948742162433
test-81738,0.0126391179082156
test-81739,0.00857175557356718
test-8174,0.03316994615028521
test-81740,0.024269530829610964
test-81741,0.03323734702440961
test-81742,0.028759039822192082
test-81743,0.01677245032486278
test-81744,0.015748016966089743
test-81745,0.3114211318140387
test-81746,0.12247514908519203
test-81747,0.010425970072263273
test-81748,0.006253142634438323
test-81749,0.005959606287640951
test-8175,0.043672760085150385
test-81750,0.2782269598171009
test-81751,0.010015782285137902
test-81752,0.13373580806501986
test-81753,0.08488515244361179
test-81754,0.09435854111353265
test-81755,0.09056928675502282
test-81756,0.016478505504058952
test-81757,0.2917498108853074
test-81758,0.008580986558913876
test-81759,0.016015294236743405
test-8176,0.02471153175408407
test-81760,0.02688492644763076
test-81761,0.027609046057916236
test-81762,0.1792646925956755
test-81763,0.02038555539583176
test-81764,0.07621935816869646
test-81765,0.027950442658430212
test-81766,0.020134276965516753
test-81767,0.007857122042204163
test-81768,0.12529905228316307
test-81769,0.1334764922839802
test-8177,0.03357048942400115
test-81770,0.05032118180929618
test-81771,0.18906631916270802
test-81772,0.0177773909010883
test-81773,0.023385176433734722
test-81774,0.11518394267463306
test-81775,0.1521091108943804
test-81776,0.25541852355787653
test-81777,0.1744387507081044
test-81778,0.14183816084404824
test-81779,0.02119221922289353
test-8178,0.005444841541888501
test-81780,0.05074459127244398
test-81781,0.027117382496966838
test-81782,0.061577899304617906
test-81783,0.14633110169156519
test-81784,0.06099464978755942
test-81785,0.015241366922333447
test-81786,0.014127126033660618
test-81787,0.010590543694648753
test-81788,0.2542043044406898
test-81789,0.13844485831116107
test-8179,0.03955201810772321
test-81790,0.014400707969832949
test-81791,0.25648658704184035
test-81792,0.0721943008106748
test-81793,0.07896917855603469
test-81794,0.016383744402607665
test-81795,0.14014827633353613
test-81796,0.0846182167635542
test-81797,0.015084298001341518
test-81798,0.05245139666982889
test-81799,0.04252105837468247
test-818,0.04832170049516136
test-8180,0.0359562137589107
test-81800,0.03957797408190487
test-81801,0.0669392073111586
test-81802,0.041220814313703856
test-81803,0.14878005424422697
test-81804,0.04302945389627798
test-81805,0.08729540382419011
test-81806,0.012659355276622276
test-81807,0.02045832483420297
test-81808,0.21987817696138295
test-81809,0.12236732508437904
test-8181,0.05784256768187148
test-81810,0.12374518654455254
test-81811,0.10844258949447033
test-81812,0.19760923962797416
test-81813,0.29744135590235987
test-81814,0.07104804231384033
test-81815,0.061577899304617906
test-81816,0.08047355784019285
test-81817,0.08890115724917734
test-81818,0.044503306392771086
test-81819,0.025929635108118507
test-8182,0.03712517792836717
test-81820,0.09587227868981155
test-81821,0.022775933430571136
test-81822,0.10135147787955867
test-81823,0.014268590977660521
test-81824,0.00794822287687919
test-81825,0.25543506311846015
test-81826,0.04475351461529831
test-81827,0.012378903020946363
test-81828,0.1892928310663377
test-81829,0.08995746232004535
test-8183,0.2971888923609202
test-81830,0.11803087843920418
test-81831,0.02738337198892165
test-81832,0.008823709522975598
test-81833,0.06393442986834763
test-81834,0.057297658157487545
test-81835,0.015915168311435413
test-81836,0.025466733132340012
test-81837,0.017219303274313435
test-81838,0.055514945329229314
test-81839,0.03161301845257537
test-8184,0.01571764759552091
test-81840,0.014265377730553136
test-81841,0.018035620386146912
test-81842,0.20216712761078534
test-81843,0.18732003726169064
test-81844,0.3214233861190598
test-81845,0.023829968696530562
test-81846,0.15650579776152823
test-81847,0.273466035291377
test-81848,0.019163894241230883
test-81849,0.10935698484211287
test-8185,0.1343305110171606
test-81850,0.014321989434331162
test-81851,0.20486160856563676
test-81852,0.007145045903787142
test-81853,0.027731084979553577
test-81854,0.035376430437858285
test-81855,0.03232262741165881
test-81856,0.0669392073111586
test-81857,0.18473341870724308
test-81858,0.09777101485218172
test-81859,0.16138205574721304
test-8186,0.012122242005397726
test-81860,0.014890584865159179
test-81861,0.07013717606758778
test-81862,0.03973997423646377
test-81863,0.011498325707466043
test-81864,0.10059174736926492
test-81865,0.03561913776152172
test-81866,0.05400256287771402
test-81867,0.039608074151849325
test-81868,0.1100812978405749
test-81869,0.011218222710629326
test-8187,0.01696715025080299
test-81870,0.09507798688556073
test-81871,0.011677393372975695
test-81872,0.017205162209510634
test-81873,0.061577899304617906
test-81874,0.19418678768210748
test-81875,0.08003083037374147
test-81876,0.1836592252083967
test-81877,0.12020472297374128
test-81878,0.07324343561030845
test-81879,0.04489387840493586
test-8188,0.013060992384166423
test-81880,0.02769223141972348
test-81881,0.012131484743459004
test-81882,0.011171684817864626
test-81883,0.011359659525609973
test-81884,0.02836891096592216
test-81885,0.14744710231048352
test-81886,0.01370984208087318
test-81887,0.015680771756837013
test-81888,0.18634445916705047
test-81889,0.03754656081428153
test-8189,0.0322560369895652
test-81890,0.12675778150994899
test-81891,0.03341374159547907
test-81892,0.14026688195446418
test-81893,0.0331500268210265
test-81894,0.02802203902033229
test-81895,0.007245279982645502
test-81896,0.06613128233036399
test-81897,0.0141990066872304
test-81898,0.00729541773747575
test-81899,0.16709636043693152
test-819,0.2068654843295957
test-8190,0.12663596937894922
test-81900,0.15292599155077793
test-81901,0.23570002475671098
test-81902,0.2746701776386144
test-81903,0.18413438679251187
test-81904,0.17888601268864854
test-81905,0.11034603033981384
test-81906,0.04534787270780721
test-81907,0.19920175058196082
test-81908,0.36583837125505936
test-81909,0.20204825999930395
test-8191,0.19498355631277814
test-81910,0.030764348091817
test-81911,0.24541977754077385
test-81912,0.040656490445932926
test-81913,0.05439176616167522
test-81914,0.1307883129669333
test-81915,0.014556186620116618
test-81916,0.05847450956195271
test-81917,0.014069371595616364
test-81918,0.010973154729847827
test-81919,0.02579941099036397
test-8192,0.3051149402550923
test-81920,0.02732671020558285
test-81921,0.05276287591677312
test-81922,0.10275079502811016
test-81923,0.20854992632898178
test-81924,0.3203868204994877
test-81925,0.13342762172721248
test-81926,0.186564289863049
test-81927,0.04689868974070478
test-81928,0.17575745799321818
test-81929,0.014836695693764414
test-8193,0.01416879855777404
test-81930,0.1639828758840187
test-81931,0.030891250665860702
test-81932,0.1360080468282653
test-81933,0.3551966811186103
test-81934,0.012760361581538144
test-81935,0.059911628350726345
test-81936,0.017609651419739292
test-81937,0.020046716966065397
test-81938,0.1870443712812774
test-81939,0.03876471054634277
test-8194,0.260686008382042
test-81940,0.1285727876993293
test-81941,0.1486211957756497
test-81942,0.22337779473732117
test-81943,0.28061547331841813
test-81944,0.11347204746365057
test-81945,0.007463879085555414
test-81946,0.1853010033390254
test-81947,0.10594529741029539
test-81948,0.06431527936239216
test-81949,0.023700777597593373
test-8195,0.037425560218579436
test-81950,0.0858981706492918
test-81951,0.05819720744173229
test-81952,0.126620219373951
test-81953,0.028288215439958114
test-81954,0.024243188223920988
test-81955,0.09483254391982154
test-81956,0.06455901638539342
test-81957,0.02528077969681345
test-81958,0.009143517798907519
test-81959,0.19484391376107799
test-8196,0.024322686038981942
test-81960,0.16948764875643343
test-81961,0.04441643088625413
test-81962,0.16584768044331827
test-81963,0.025023057818859478
test-81964,0.22182294724207335
test-81965,0.01872049761145063
test-81966,0.06090302174074128
test-81967,0.019756002781926206
test-81968,0.011187251021973528
test-81969,0.04455356445495195
test-8197,0.013415794583838748
test-81970,0.03517554983071838
test-81971,0.09860268834264223
test-81972,0.0338400276542044
test-81973,0.16377702333215163
test-81974,0.18007299046539008
test-81975,0.01470910564717826
test-81976,0.07783336357329877
test-81977,0.192644764000054
test-81978,0.06489106708535301
test-81979,0.02609479671369088
test-8198,0.014639547795696923
test-81980,0.05003697088968722
test-81981,0.07512180394517347
test-81982,0.011825346174133411
test-81983,0.018443415708822304
test-81984,0.0830434423286461
test-81985,0.008443481737337723
test-81986,0.03268949068492424
test-81987,0.21420257545284377
test-81988,0.048656057698099275
test-81989,0.1190432026789458
test-8199,0.04294275690271805
test-81990,0.11709343371842393
test-81991,0.024620087327928794
test-81992,0.015811397428169775
test-81993,0.043449130678307316
test-81994,0.02750773663484296
test-81995,0.1311879690909246
test-81996,0.021003774255229795
test-81997,0.010419699793831127
test-81998,0.008566176837399445
test-81999,0.02603801234091004
test-82,0.1015402382715956
test-820,0.03722144398838643
test-8200,0.01619256376003781
test-82000,0.0327247208742088
test-82001,0.09894217917792562
test-82002,0.035290676410094625
test-82003,0.061742227651253784
test-82004,0.03647054351655977
test-82005,0.07649980211878417
test-82006,0.4123612153931427
test-82007,0.0071568476259062175
test-82008,0.08003083037374147
test-82009,0.018892185738771713
test-8201,0.3015049642049047
test-82010,0.035622190852144055
test-82011,0.02499834085662187
test-82012,0.038289474168875605
test-82013,0.030855978617974976
test-82014,0.08110413393213176
test-82015,0.24137620645166197
test-82016,0.017193652983568335
test-82017,0.3023738438867197
test-82018,0.012113202812937167
test-82019,0.03798798476761579
test-8202,0.011052531641681048
test-82020,0.04787921394034065
test-82021,0.010131253924551806
test-82022,0.03858683140383854
test-82023,0.021168903045602372
test-82024,0.07799433853261355
test-82025,0.04776950699183547
test-82026,0.012572665905477549
test-82027,0.015501390377472356
test-82028,0.008330558564873736
test-82029,0.014146925181559002
test-8203,0.0687732139720173
test-82030,0.013048982126384546
test-82031,0.06845179840037012
test-82032,0.2805509560003974
test-82033,0.01475407944765629
test-82034,0.18445303232079077
test-82035,0.17491493663212107
test-82036,0.02039130161862936
test-82037,0.006021728360744488
test-82038,0.3330945443906378
test-82039,0.012910994298450022
test-8204,0.01774047587139804
test-82040,0.008291644037511078
test-82041,0.05608161125235809
test-82042,0.09787796055403811
test-82043,0.062443178830414066
test-82044,0.3174183728504195
test-82045,0.06193412866497164
test-82046,0.20102475013268511
test-82047,0.3136427501664258
test-82048,0.12501540085687388
test-82049,0.0178002772736149
test-8205,0.04864376274953059
test-82050,0.060356192116148476
test-82051,0.13277409060698103
test-82052,0.1586802256377835
test-82053,0.03894152226767443
test-82054,0.01180511660440139
test-82055,0.021935965635050354
test-82056,0.06607239765630325
test-82057,0.01732549191528348
test-82058,0.030039189336555597
test-82059,0.10447295579728266
test-8206,0.26709518026453505
test-82060,0.02449644764351692
test-82061,0.01924557170142916
test-82062,0.31812478843945247
test-82063,0.13601889241560106
test-82064,0.2513000230578296
test-82065,0.017948687354473938
test-82066,0.01133747094065614
test-82067,0.011515784692565645
test-82068,0.020187608663912004
test-82069,0.015850056519400527
test-8207,0.011669324229661564
test-82070,0.09860381645007209
test-82071,0.17120357366173225
test-82072,0.020495091741378105
test-82073,0.11844644270317083
test-82074,0.017802042369100417
test-82075,0.021361048534530507
test-82076,0.06769227346933265
test-82077,0.35937821204970716
test-82078,0.1025624790077709
test-82079,0.029910529859111107
test-8208,0.0669392073111586
test-82080,0.00667006883644868
test-82081,0.13542676284468277
test-82082,0.03250167880153709
test-82083,0.011980707302905062
test-82084,0.16026490772421736
test-82085,0.018614432884953534
test-82086,0.016923056069277655
test-82087,0.22872697601526593
test-82088,0.3638168379996078
test-82089,0.01485662741217239
test-8209,0.02949128593251733
test-82090,0.03083135470321196
test-82091,0.038404687611332415
test-82092,0.009940844757202428
test-82093,0.02237207512070724
test-82094,0.025212649226830253
test-82095,0.05476319242898042
test-82096,0.2817382871098303
test-82097,0.1972677119891174
test-82098,0.04500530968262373
test-82099,0.0193591525646486
test-821,0.12747553468726738
test-8210,0.17872608771933532
test-82100,0.013235689482172436
test-82101,0.0669392073111586
test-82102,0.006439003502069567
test-82103,0.009878841829129556
test-82104,0.02759995246664544
test-82105,0.14693477352563486
test-82106,0.11433487183358677
test-82107,0.02543413379811761
test-82108,0.11393319515786246
test-82109,0.015971437582018584
test-8211,0.10036871279194372
test-82110,0.14937514828016724
test-82111,0.012721395548515826
test-82112,0.0244481782269566
test-82113,0.009424293880804511
test-82114,0.05849910788445062
test-82115,0.02222058089060696
test-82116,0.21115098376573913
test-82117,0.022290075555500544
test-82118,0.28658852668192814
test-82119,0.25438247457343305
test-8212,0.0165220124209758
test-82120,0.11006260402202303
test-82121,0.09054763512518887
test-82122,0.015283358229064426
test-82123,0.0669392073111586
test-82124,0.06668873853956594
test-82125,0.01131802106392118
test-82126,0.4029543717294199
test-82127,0.013459088626677483
test-82128,0.02039384626909464
test-82129,0.018487811456801444
test-8213,0.01470155729677045
test-82130,0.13133206678064438
test-82131,0.011504285745730975
test-82132,0.04508863707525875
test-82133,0.008651415063227351
test-82134,0.022325314887500974
test-82135,0.22629477668528936
test-82136,0.02565807262732861
test-82137,0.3847542832534406
test-82138,0.30311173782463047
test-82139,0.011036065895306901
test-8214,0.035438843302220246
test-82140,0.26518334541088323
test-82141,0.2515242584030636
test-82142,0.048663018522137974
test-82143,0.04671571166209476
test-82144,0.036008755521725486
test-82145,0.08091840458510943
test-82146,0.04054557313120337
test-82147,0.23991059742469847
test-82148,0.11947050044836703
test-82149,0.1686072687055426
test-8215,0.025352928968323057
test-82150,0.03957797408190487
test-82151,0.0220304098534472
test-82152,0.018681551897731647
test-82153,0.09435854111353265
test-82154,0.007460762463594913
test-82155,0.283442446571411
test-82156,0.3614789899788685
test-82157,0.07716995342333492
test-82158,0.014373814663533477
test-82159,0.022482874175394577
test-8216,0.027591588197091354
test-82160,0.11233157579470714
test-82161,0.21744395856122567
test-82162,0.018111818601718333
test-82163,0.17083434824093235
test-82164,0.11791816989836033
test-82165,0.08742886135925329
test-82166,0.019501955938218365
test-82167,0.05153215256560629
test-82168,0.034462792400414846
test-82169,0.029923810431891313
test-8217,0.008007379458549405
test-82170,0.021490247878561353
test-82171,0.13096503626580197
test-82172,0.008135744599068523
test-82173,0.02309775272333116
test-82174,0.13473111397650483
test-82175,0.08626888026528272
test-82176,0.027331676450878053
test-82177,0.030505772066581036
test-82178,0.006143607177050883
test-82179,0.010984656170577528
test-8218,0.21111570364640225
test-82180,0.23317224110410653
test-82181,0.06087576183504082
test-82182,0.08609883296384822
test-82183,0.058106230676070236
test-82184,0.008808459429007813
test-82185,0.2263722183267081
test-82186,0.019266145932857248
test-82187,0.03131430043686956
test-82188,0.04603384475611415
test-82189,0.11489573757152355
test-8219,0.2014911767264218
test-82190,0.06202092585816082
test-82191,0.036074846606666745
test-82192,0.0919531346478099
test-82193,0.012962765446716897
test-82194,0.06846014268499738
test-82195,0.01806413876490279
test-82196,0.2805359432032446
test-82197,0.16695447271917302
test-82198,0.21665026876521215
test-82199,0.13967757316971316
test-822,0.026294117975949376
test-8220,0.057216091861446744
test-82200,0.015183545071137452
test-82201,0.2970232705986067
test-82202,0.012527556334554501
test-82203,0.018071062660868623
test-82204,0.19376713017467317
test-82205,0.08260182777979576
test-82206,0.1856853733224653
test-82207,0.03356681783047788
test-82208,0.11598597664396977
test-82209,0.15845195989455207
test-8221,0.010865154306093174
test-82210,0.02245185114728209
test-82211,0.06800837037452717
test-82212,0.007674233482923408
test-82213,0.06769227346933265
test-82214,0.03626356609949823
test-82215,0.06860571491586533
test-82216,0.06980130057253703
test-82217,0.0827152848310707
test-82218,0.011563929816639156
test-82219,0.32636068099577664
test-8222,0.040866346519030275
test-82220,0.17923031506265816
test-82221,0.015362159719439604
test-82222,0.021111922174369736
test-82223,0.061577899304617906
test-82224,0.03217148106861156
test-82225,0.027777949140172835
test-82226,0.02956024772439601
test-82227,0.057008418572200494
test-82228,0.011414315680634503
test-82229,0.09386892881052411
test-8223,0.01068570084260661
test-82230,0.023779048014595683
test-82231,0.0279928023704105
test-82232,0.020175727613637284
test-82233,0.009525852300538649
test-82234,0.03966943104447783
test-82235,0.27510002408670015
test-82236,0.026573036685805806
test-82237,0.034462792400414846
test-82238,0.03613881898411681
test-82239,0.022191947064981045
test-8224,0.2592674290972044
test-82240,0.31031435814079444
test-82241,0.018396005982922063
test-82242,0.011201630439494577
test-82243,0.4252554837280234
test-82244,0.1591676217672605
test-82245,0.10135147787955867
test-82246,0.04943890943023493
test-82247,0.07300415700059695
test-82248,0.01764947414082059
test-82249,0.005155717023853558
test-8225,0.2544418916899586
test-82250,0.18658564431778646
test-82251,0.1623440810455767
test-82252,0.16366523915199424
test-82253,0.013255369801558501
test-82254,0.03441490256592814
test-82255,0.10202275932713735
test-82256,0.12311127660014484
test-82257,0.013122554545674413
test-82258,0.05887485620676714
test-82259,0.10698853956089183
test-8226,0.022352193367732174
test-82260,0.041452165033905086
test-82261,0.13919012465966588
test-82262,0.1336789262211443
test-82263,0.21024223632504846
test-82264,0.05693364571401874
test-82265,0.32620182360443745
test-82266,0.00880067725196279
test-82267,0.07747974755016883
test-82268,0.04979928421429578
test-82269,0.16020722359550427
test-8227,0.03875805401201347
test-82270,0.14110710165457704
test-82271,0.15442672348743294
test-82272,0.028262018435533696
test-82273,0.09408339783277192
test-82274,0.0579095294827981
test-82275,0.18685829980035407
test-82276,0.02480520058210633
test-82277,0.17821905401661162
test-82278,0.02250498232986426
test-82279,0.011635607838672953
test-8228,0.0256319120661331
test-82280,0.014561595977396728
test-82281,0.022749220405598354
test-82282,0.05339307069340168
test-82283,0.012020347745251719
test-82284,0.05755687410544733
test-82285,0.1241759452300274
test-82286,0.09144586679590526
test-82287,0.12529905228316307
test-82288,0.017922720591880412
test-82289,0.18715835344929663
test-8229,0.05227860835957825
test-82290,0.024061222322699697
test-82291,0.16430769949349477
test-82292,0.12756464018589395
test-82293,0.12039060498663341
test-82294,0.01677245032486278
test-82295,0.02024681269764035
test-82296,0.2090792406622787
test-82297,0.18505512226709622
test-82298,0.10329842128769653
test-82299,0.02071941127687697
test-823,0.19541401633936537
test-8230,0.05339307069340168
test-82300,0.15258058169630956
test-82301,0.027079578394143964
test-82302,0.012238337433463952
test-82303,0.05150746303773595
test-82304,0.3002498360320077
test-82305,0.07221989839218845
test-82306,0.061577899304617906
test-82307,0.10259031116925328
test-82308,0.011390285314890888
test-82309,0.08003083037374147
test-8231,0.009761249154114473
test-82310,0.20763922238442784
test-82311,0.097677040325294
test-82312,0.018741970049113547
test-82313,0.11921670789658213
test-82314,0.06687591078501293
test-82315,0.01924557170142916
test-82316,0.04125288057982299
test-82317,0.013778269217692127
test-82318,0.06315683065185237
test-82319,0.014753217902816999
test-8232,0.03104877377025616
test-82320,0.1031772255591124
test-82321,0.009538998399251233
test-82322,0.1571351426076655
test-82323,0.05339307069340168
test-82324,0.06067469973935643
test-82325,0.012736549967128172
test-82326,0.09085680533664896
test-82327,0.024456200817673985
test-82328,0.02284100223483111
test-82329,0.023518635125929256
test-8233,0.07240425457499185
test-82330,0.1622744089105628
test-82331,0.11513635603533279
test-82332,0.03223251175818039
test-82333,0.018320233482494553
test-82334,0.0669392073111586
test-82335,0.04456218164836568
test-82336,0.12036822529223487
test-82337,0.035292328744051416
test-82338,0.023424923112644394
test-82339,0.023210169251452833
test-8234,0.011928538681871914
test-82340,0.053954610928875664
test-82341,0.030262234862654953
test-82342,0.16806471279478066
test-82343,0.09100114218376548
test-82344,0.01176537901589093
test-82345,0.012830737210150262
test-82346,0.12998736168730932
test-82347,0.041199461645715876
test-82348,0.06251051128586682
test-82349,0.0846182167635542
test-8235,0.2737457568638588
test-82350,0.15093860561806804
test-82351,0.0621097568835629
test-82352,0.011450932904935318
test-82353,0.07916285269448434
test-82354,0.1543693773528168
test-82355,0.3425487838860366
test-82356,0.12446940341520306
test-82357,0.013540516503901453
test-82358,0.02744182640054219
test-82359,0.06889395221072393
test-8236,0.019843780389807393
test-82360,0.09462384013890214
test-82361,0.16948764875643343
test-82362,0.008573758194328727
test-82363,0.048516445190387975
test-82364,0.11045112215072075
test-82365,0.027166938837338415
test-82366,0.04353822847272921
test-82367,0.015416357695618452
test-82368,0.23605416895376446
test-82369,0.0355755794517848
test-8237,0.12529905228316307
test-82370,0.16034553819567926
test-82371,0.029671056823560065
test-82372,0.1998935165844813
test-82373,0.1987714773349052
test-82374,0.04601341190648496
test-82375,0.016659180393780292
test-82376,0.10273220131044124
test-82377,0.10581501918520149
test-82378,0.3591967539993856
test-82379,0.04475351461529831
test-8238,0.025644149567706085
test-82380,0.012353024400616343
test-82381,0.26644905869522584
test-82382,0.010021907450234758
test-82383,0.010503748883262125
test-82384,0.012572665905477549
test-82385,0.18573269756897354
test-82386,0.17866971403334111
test-82387,0.12353281197358884
test-82388,0.0408060242194305
test-82389,0.03224436735220949
test-8239,0.08901529325697843
test-82390,0.021528443536319754
test-82391,0.02663298210448609
test-82392,0.056399782717407705
test-82393,0.04085335678597049
test-82394,0.016446364775490576
test-82395,0.17645226684991447
test-82396,0.07896917855603469
test-82397,0.14972241428537483
test-82398,0.029938427210117434
test-82399,0.062392565802265154
test-824,0.008771454721627873
test-8240,0.04435893854470414
test-82400,0.015971437582018584
test-82401,0.02260473001163015
test-82402,0.2733431395804394
test-82403,0.060759030572970954
test-82404,0.2808934590046503
test-82405,0.23679733929063146
test-82406,0.20836886202589733
test-82407,0.028895381852527262
test-82408,0.03555711838137029
test-82409,0.34605355961027445
test-8241,0.10220760134546773
test-82410,0.02241574975168532
test-82411,0.2504028559894054
test-82412,0.0375120757789188
test-82413,0.0099712488797803
test-82414,0.03254761867501678
test-82415,0.09278365050712774
test-82416,0.09435854111353265
test-82417,0.36778444433953006
test-82418,0.021448062840866523
test-82419,0.011601830276566638
test-8242,0.17304689575379814
test-82420,0.32372745703757216
test-82421,0.27257197150590223
test-82422,0.08356327403905707
test-82423,0.18663155029871586
test-82424,0.014427045112276507
test-82425,0.12672771698193308
test-82426,0.037317447933522006
test-82427,0.06541189814612197
test-82428,0.018396005982922063
test-82429,0.140993659481998
test-8243,0.012145839094884087
test-82430,0.015507930066742061
test-82431,0.04489447367123976
test-82432,0.014113395390496676
test-82433,0.021616954293832546
test-82434,0.13533006684197196
test-82435,0.12756464018589395
test-82436,0.07512180394517347
test-82437,0.02535520247931269
test-82438,0.17645226684991447
test-82439,0.02007353043846593
test-8244,0.2294742273965793
test-82440,0.11789892571785307
test-82441,0.015843852849687423
test-82442,0.3621147227623796
test-82443,0.014663435881943868
test-82444,0.1404314274132533
test-82445,0.03803836418602672
test-82446,0.06299683517959084
test-82447,0.09649882684004954
test-82448,0.023521278842178122
test-82449,0.04591385549595162
test-8245,0.03360846043706993
test-82450,0.0846182167635542
test-82451,0.12443245381528309
test-82452,0.16695447271917302
test-82453,0.1127279061666934
test-82454,0.30391517775797633
test-82455,0.061688738670907566
test-82456,0.22040349094323397
test-82457,0.021159755864814726
test-82458,0.15576131342612667
test-82459,0.14870440743660215
test-8246,0.16862936169275256
test-82460,0.023720103917896466
test-82461,0.022944535181318705
test-82462,0.06769201331456139
test-82463,0.019646388441857367
test-82464,0.0214660345879666
test-82465,0.02202982995534565
test-82466,0.014911496450226727
test-82467,0.07503948862907289
test-82468,0.02331264077985246
test-82469,0.0301234499397704
test-8247,0.2572992418816743
test-82470,0.10849311745818162
test-82471,0.024496852059050524
test-82472,0.18233041260119667
test-82473,0.05799171919254131
test-82474,0.0798959204195659
test-82475,0.2032845607945445
test-82476,0.16695447271917302
test-82477,0.017243973017069956
test-82478,0.20418473994107822
test-82479,0.1692349466205056
test-8248,0.013406830921082786
test-82480,0.10704087415131432
test-82481,0.01619289844009832
test-82482,0.2049681152135336
test-82483,0.021449778638335304
test-82484,0.13791271204127317
test-82485,0.021938900082433606
test-82486,0.21987817696138295
test-82487,0.028091475470488524
test-82488,0.11031710677742641
test-82489,0.030516347035774705
test-8249,0.11172444880058716
test-82490,0.012669190226943175
test-82491,0.015097839838188824
test-82492,0.04021888074050335
test-82493,0.13107344407863097
test-82494,0.1819736578732767
test-82495,0.021166159711477776
test-82496,0.038320231681002265
test-82497,0.10373811943857802
test-82498,0.22301422968636153
test-82499,0.13775918575813118
test-825,0.07825714499228684
test-8250,0.007822139072362806
test-82500,0.007864687884397694
test-82501,0.15241633641152563
test-82502,0.0871060505599708
test-82503,0.04963257105655747
test-82504,0.09442793442436977
test-82505,0.11779854300984018
test-82506,0.01942249482097395
test-82507,0.04252105837468247
test-82508,0.023985191134506412
test-82509,0.02474146598666657
test-8251,0.011452462859885637
test-82510,0.011068253337298715
test-82511,0.01787324844662315
test-82512,0.11113942501197385
test-82513,0.028869379290956055
test-82514,0.02390383802920564
test-82515,0.019261444755161554
test-82516,0.009233353284604838
test-82517,0.11930798742934495
test-82518,0.29691662250026735
test-82519,0.014036588756366465
test-8252,0.009323980944571559
test-82520,0.2920032221413379
test-82521,0.011146769942209825
test-82522,0.1492619504247154
test-82523,0.1502369727993055
test-82524,0.019050638240612525
test-82525,0.029569506555687356
test-82526,0.2070512867617037
test-82527,0.061577899304617906
test-82528,0.07332695277049121
test-82529,0.11388809259807285
test-8253,0.15569082869700965
test-82530,0.14206819149994068
test-82531,0.09967505524039096
test-82532,0.028419645994617108
test-82533,0.08415007444923911
test-82534,0.11125767936397299
test-82535,0.03274067489526144
test-82536,0.008077743068698653
test-82537,0.16071738249566725
test-82538,0.060830464168921544
test-82539,0.08196973207204497
test-8254,0.2724695383866497
test-82540,0.10016106950207247
test-82541,0.013559607737308715
test-82542,0.0843371814615485
test-82543,0.3105342412134335
test-82544,0.04417128385825714
test-82545,0.021616846650094904
test-82546,0.16032025730319907
test-82547,0.12091413429005117
test-82548,0.2275804971064567
test-82549,0.1527403382531565
test-8255,0.1753612828796974
test-82550,0.08600608356277757
test-82551,0.04165562974215267
test-82552,0.05487776745599645
test-82553,0.3070572524332106
test-82554,0.012284601889405004
test-82555,0.13754120700304173
test-82556,0.01905678263885777
test-82557,0.16972795887700173
test-82558,0.009925659252154384
test-82559,0.015500853442552956
test-8256,0.10714001580282696
test-82560,0.0219183737161669
test-82561,0.02073851968122588
test-82562,0.03523120003252598
test-82563,0.17839559737897584
test-82564,0.03711634600553463
test-82565,0.10617961993680199
test-82566,0.3328253372369291
test-82567,0.0370178999960362
test-82568,0.13924898768105945
test-82569,0.062268300377973214
test-8257,0.06523770238667405
test-82570,0.14426131252902596
test-82571,0.2262887729828075
test-82572,0.015458686393895107
test-82573,0.17768118470828678
test-82574,0.012300105668671034
test-82575,0.04252105837468247
test-82576,0.03039637200216515
test-82577,0.1686731835707435
test-82578,0.04906984181357477
test-82579,0.1543693773528168
test-8258,0.1331256700860729
test-82580,0.041644692851619175
test-82581,0.006390669373416601
test-82582,0.0846182167635542
test-82583,0.1564794307527061
test-82584,0.06390585972311909
test-82585,0.024250152060854926
test-82586,0.1543510708952596
test-82587,0.04366633384239535
test-82588,0.26487458386896234
test-82589,0.10981742852589517
test-8259,0.031996441028006556
test-82590,0.005469144541353677
test-82591,0.01758648109259473
test-82592,0.0669392073111586
test-82593,0.00784596448357521
test-82594,0.017759020963952623
test-82595,0.10868448046813454
test-82596,0.020724967248077417
test-82597,0.1499285790511238
test-82598,0.32604595649767815
test-82599,0.18418539639569032
test-826,0.016750732799677905
test-8260,0.03958267436139198
test-82600,0.019623410646606342
test-82601,0.03260287171954356
test-82602,0.12819412947753134
test-82603,0.040047541897283656
test-82604,0.043221164991438764
test-82605,0.021020809329371597
test-82606,0.11112826098490292
test-82607,0.09787796055403811
test-82608,0.024988121075059624
test-82609,0.09493578396461545
test-8261,0.015819588639812563
test-82610,0.3147502131079928
test-82611,0.0882783695914282
test-82612,0.021039522451031797
test-82613,0.12247641379569466
test-82614,0.17172497824275743
test-82615,0.02600160646296054
test-82616,0.40674954881879777
test-82617,0.024578294993903266
test-82618,0.05178752441666016
test-82619,0.01197438046525849
test-8262,0.18845016982822527
test-82620,0.31246331718000564
test-82621,0.06794476528463178
test-82622,0.01229160343772414
test-82623,0.01259460589119674
test-82624,0.09477743102062279
test-82625,0.1394463013726253
test-82626,0.1288450262425747
test-82627,0.014696214595806242
test-82628,0.007584557525177105
test-82629,0.008544030881112285
test-8263,0.1944346418129891
test-82630,0.022708247640840954
test-82631,0.022873776644573716
test-82632,0.18460120500031008
test-82633,0.1944346418129891
test-82634,0.08155704831137016
test-82635,0.08128107410611976
test-82636,0.2670776904306564
test-82637,0.01299072470152163
test-82638,0.0051749262129148176
test-82639,0.034657753358124856
test-8264,0.02622267110363856
test-82640,0.015282702095718774
test-82641,0.09938219595305998
test-82642,0.05339307069340168
test-82643,0.06807277471988875
test-82644,0.04378288896076978
test-82645,0.018919600890682016
test-82646,0.022929062991009115
test-82647,0.04728650141824787
test-82648,0.04646791098816878
test-82649,0.028969363021207117
test-8265,0.14458408784188376
test-82650,0.12712354008580304
test-82651,0.19917126801920534
test-82652,0.08962782951307559
test-82653,0.06483594707048394
test-82654,0.014513616241820331
test-82655,0.15154546667342825
test-82656,0.010962274824855468
test-82657,0.02790947807532108
test-82658,0.31939396202793396
test-82659,0.015080057617800215
test-8266,0.20124772632111157
test-82660,0.11716040746657137
test-82661,0.0733851634575578
test-82662,0.12604825726879357
test-82663,0.14761870477613945
test-82664,0.09787796055403811
test-82665,0.017672991953071128
test-82666,0.005250547334594314
test-82667,0.06900054079156487
test-82668,0.11305719692854797
test-82669,0.19481809847680465
test-8267,0.03223825958602466
test-82670,0.012775174468527838
test-82671,0.04029684807521409
test-82672,0.06397731013297894
test-82673,0.019695282305932673
test-82674,0.14329955984084009
test-82675,0.04665115607754578
test-82676,0.06653224420878992
test-82677,0.11280272746904613
test-82678,0.05592211174124999
test-82679,0.05339307069340168
test-8268,0.181728253150757
test-82680,0.25203374288013114
test-82681,0.061577899304617906
test-82682,0.23029654361380217
test-82683,0.030748845196843167
test-82684,0.015575170634472748
test-82685,0.023558783060293843
test-82686,0.029477965645859514
test-82687,0.09700112620806851
test-82688,0.01151189303366623
test-82689,0.03368098932664758
test-8269,0.024169302691257118
test-82690,0.014655687501464844
test-82691,0.033439640922504205
test-82692,0.03308586803755578
test-82693,0.05395955134716552
test-82694,0.02286025722172433
test-82695,0.014233703828779283
test-82696,0.020170904903359314
test-82697,0.06699638272314018
test-82698,0.04489437636642544
test-82699,0.0687732139720173
test-827,0.06017671574141743
test-8270,0.07964100422325372
test-82700,0.014003437494623575
test-82701,0.15079785515005126
test-82702,0.1435499240185665
test-82703,0.033584882621283556
test-82704,0.09894217917792562
test-82705,0.12687762613477163
test-82706,0.014196380966547227
test-82707,0.046843493349861036
test-82708,0.10872182174676809
test-82709,0.1996655900801694
test-8271,0.09334266327592884
test-82710,0.07154554671561687
test-82711,0.020134276965516753
test-82712,0.10846917474964606
test-82713,0.020726388894785064
test-82714,0.20201183604850353
test-82715,0.03302082592390321
test-82716,0.009039492518077863
test-82717,0.11862857976200777
test-82718,0.17747866522673214
test-82719,0.03949219955194349
test-8272,0.39724408481147466
test-82720,0.14209332451283022
test-82721,0.06306863853519112
test-82722,0.16695447271917302
test-82723,0.15519213196223322
test-82724,0.016353028865230004
test-82725,0.024317600582286027
test-82726,0.15240061560073376
test-82727,0.24614936333694437
test-82728,0.04149042774971283
test-82729,0.03472325393923102
test-8273,0.07300415700059695
test-82730,0.0251100959635693
test-82731,0.0262839338279305
test-82732,0.1391420493692756
test-82733,0.13632316857259644
test-82734,0.014548520287899139
test-82735,0.21855517712084074
test-82736,0.01708684272587996
test-82737,0.1623692921882188
test-82738,0.03291753474293656
test-82739,0.1140873148537606
test-8274,0.15738921433578948
test-82740,0.14820900657048414
test-82741,0.08962782951307559
test-82742,0.006370383227728452
test-82743,0.2086106373454733
test-82744,0.08537089973471318
test-82745,0.054527705425753914
test-82746,0.17387073880022164
test-82747,0.012572665905477549
test-82748,0.03853412466495324
test-82749,0.02522602363723134
test-8275,0.04252105837468247
test-82750,0.022384692842090555
test-82751,0.18422054016574124
test-82752,0.09309408713351211
test-82753,0.061687381664212844
test-82754,0.18428897756415982
test-82755,0.04963257105655747
test-82756,0.11760326918730092
test-82757,0.2215808240564418
test-82758,0.01065039375598736
test-82759,0.03187907327050823
test-8276,0.14618019278813207
test-82760,0.08785006560430299
test-82761,0.009492601885685875
test-82762,0.07113382040582988
test-82763,0.28691863804485573
test-82764,0.0333856602111002
test-82765,0.06386564824927599
test-82766,0.034860580051912865
test-82767,0.07287513663214307
test-82768,0.0707119985986715
test-82769,0.010855726549505682
test-8277,0.03862842456874279
test-82770,0.04436925249107653
test-82771,0.17871751290504193
test-82772,0.043341560014389685
test-82773,0.11094171495979958
test-82774,0.048111058015929055
test-82775,0.03378698103681873
test-82776,0.3203868204994877
test-82777,0.013529970308736415
test-82778,0.05675366154704982
test-82779,0.1455342055210438
test-8278,0.1740683382172321
test-82780,0.10979893288620678
test-82781,0.04168615789021439
test-82782,0.02546487116531571
test-82783,0.01670273110362493
test-82784,0.2584510292004445
test-82785,0.22953155538984332
test-82786,0.18892569596926
test-82787,0.10455617535577817
test-82788,0.008737940595581101
test-82789,0.253569840603123
test-8279,0.07138893420910056
test-82790,0.016056061891928687
test-82791,0.06217137197963817
test-82792,0.008817860963057804
test-82793,0.05208457129373567
test-82794,0.01980107782766713
test-82795,0.006460960230501604
test-82796,0.029121904573813483
test-82797,0.0306874942978367
test-82798,0.1910324596128437
test-82799,0.07896917855603469
test-828,0.020077633690928787
test-8280,0.04526910096224766
test-82800,0.02236474705871216
test-82801,0.0887244764509198
test-82802,0.03286716334690705
test-82803,0.07809217789032068
test-82804,0.22515450369842666
test-82805,0.09751873698518972
test-82806,0.0690932309329896
test-82807,0.061577899304617906
test-82808,0.025890413878941435
test-82809,0.033914416728284026
test-8281,0.12425302273106573
test-82810,0.028703508075175424
test-82811,0.017026298527476707
test-82812,0.06928179068818684
test-82813,0.04475351461529831
test-82814,0.02666171411123224
test-82815,0.09681526173888853
test-82816,0.07000925949626796
test-82817,0.03224366841656297
test-82818,0.03123166036829455
test-82819,0.01812431793221647
test-8282,0.032068555958903136
test-82820,0.20908578613640752
test-82821,0.008805382596064079
test-82822,0.08003083037374147
test-82823,0.03059923934951725
test-82824,0.01802481898107896
test-82825,0.02435964235411265
test-82826,0.04796790914046782
test-82827,0.014796787485078866
test-82828,0.010610449858696447
test-82829,0.06879860020577158
test-8283,0.231110451231957
test-82830,0.20373686359791532
test-82831,0.19972622465148873
test-82832,0.04154351699599006
test-82833,0.007367407806630141
test-82834,0.02561608386392067
test-82835,0.01977810592037329
test-82836,0.0862172862145684
test-82837,0.17984852752509778
test-82838,0.07908555704861431
test-82839,0.027685512698045072
test-8284,0.03373073903044684
test-82840,0.04864735838693893
test-82841,0.025252451479925664
test-82842,0.1398817640174991
test-82843,0.0066683665663279925
test-82844,0.12663596937894922
test-82845,0.008324600123831382
test-82846,0.05830703445507518
test-82847,0.021810267061305934
test-82848,0.18050097232401238
test-82849,0.0592451193173212
test-8285,0.07144809744087487
test-82850,0.020944623666427728
test-82851,0.07014673511928562
test-82852,0.054240368834143814
test-82853,0.018063960303191077
test-82854,0.10509029641039076
test-82855,0.07318748156493517
test-82856,0.030046153515405776
test-82857,0.05635965489578816
test-82858,0.03359093585369999
test-82859,0.03568126237521106
test-8286,0.219473342200654
test-82860,0.013191732880354383
test-82861,0.02850120070528348
test-82862,0.24419304037828235
test-82863,0.008633518702651671
test-82864,0.12756464018589395
test-82865,0.12344074230591191
test-82866,0.008761777093310899
test-82867,0.024363025431783834
test-82868,0.15988510788176433
test-82869,0.007868998807646566
test-8287,0.025337293692831594
test-82870,0.053473269763156625
test-82871,0.08999177621381042
test-82872,0.170866651290344
test-82873,0.013203680559877114
test-82874,0.17404682178903702
test-82875,0.10885681041405504
test-82876,0.018206343377268303
test-82877,0.04212604322347563
test-82878,0.04172825910347657
test-82879,0.010393239757899015
test-8288,0.14283091400590378
test-82880,0.0158796479375025
test-82881,0.050850969523391576
test-82882,0.11620376548595909
test-82883,0.011146277656248225
test-82884,0.021879582654426324
test-82885,0.18233041260119667
test-82886,0.12366632774524698
test-82887,0.016245953404260174
test-82888,0.01614931487261903
test-82889,0.021539560785423885
test-8289,0.010154972073605429
test-82890,0.17637814904907353
test-82891,0.324789508902539
test-82892,0.020184049019556536
test-82893,0.07346704211305594
test-82894,0.019959563743336746
test-82895,0.03611663395578433
test-82896,0.032770775519404924
test-82897,0.04301208359899352
test-82898,0.10972695116499522
test-82899,0.13774157405628287
test-829,0.007918335183517727
test-8290,0.02201444424802533
test-82900,0.2706882544463434
test-82901,0.09617034464178852
test-82902,0.3102256249882315
test-82903,0.04869700648730091
test-82904,0.14729727496013167
test-82905,0.09053831316485697
test-82906,0.226185985349311
test-82907,0.09563064033328843
test-82908,0.034875457747988434
test-82909,0.16665020580669904
test-8291,0.23570002475671098
test-82910,0.07346243213871802
test-82911,0.010507112777162276
test-82912,0.09787796055403811
test-82913,0.032147435043153
test-82914,0.1607894567408216
test-82915,0.025050505501252384
test-82916,0.0801953694129738
test-82917,0.014919487919436493
test-82918,0.020402709756520386
test-82919,0.02160449127490314
test-8292,0.005995288562055959
test-82920,0.017482117856858544
test-82921,0.061577899304617906
test-82922,0.22884314036113376
test-82923,0.014077657182203903
test-82924,0.15630629058269352
test-82925,0.07003809197208953
test-82926,0.018802750542961336
test-82927,0.02051755915852331
test-82928,0.007412495511706783
test-82929,0.07720041666244461
test-8293,0.10217487818920219
test-82930,0.13052013024359574
test-82931,0.0141184435297455
test-82932,0.30086638707913316
test-82933,0.18984865172329274
test-82934,0.14288336050962605
test-82935,0.010721340125093718
test-82936,0.006689775682416332
test-82937,0.1314992191594717
test-82938,0.14585464396069178
test-82939,0.1453732822701549
test-8294,0.014459214664480267
test-82940,0.16654321133740366
test-82941,0.038486365018934966
test-82942,0.08645029124980899
test-82943,0.06720402829982135
test-82944,0.06451051485838467
test-82945,0.1413583542904901
test-82946,0.04000949346169739
test-82947,0.13650868265447688
test-82948,0.09787796055403811
test-82949,0.01206927149583995
test-8295,0.08219192647824698
test-82950,0.04792966450340373
test-82951,0.019571846609003015
test-82952,0.02510841785699231
test-82953,0.30394744744927593
test-82954,0.009778571338857615
test-82955,0.009825831439246617
test-82956,0.0610281066144906
test-82957,0.008614064070484533
test-82958,0.013588788558209382
test-82959,0.024632300553774723
test-8296,0.1566752896167554
test-82960,0.14705633965727172
test-82961,0.0618665757261839
test-82962,0.11238804356645234
test-82963,0.03874101118541422
test-82964,0.0290986600926644
test-82965,0.18233041260119667
test-82966,0.057223528132371984
test-82967,0.08856856241329597
test-82968,0.0052648801128835
test-82969,0.11250401162326203
test-8297,0.40569726528243216
test-82970,0.060560836952771605
test-82971,0.023145754444232683
test-82972,0.013632707864896816
test-82973,0.03991427570930743
test-82974,0.06977412345795277
test-82975,0.008945662607583124
test-82976,0.25503086078578036
test-82977,0.4130406270039422
test-82978,0.12366679973388328
test-82979,0.020579992523534246
test-8298,0.020944623666427728
test-82980,0.0669392073111586
test-82981,0.017567552269695898
test-82982,0.017379142783588507
test-82983,0.008538929080545364
test-82984,0.30865177260192306
test-82985,0.10581176823781052
test-82986,0.030823011714587234
test-82987,0.17261752591391524
test-82988,0.03869841670077862
test-82989,0.021048861799833316
test-8299,0.06769089613322582
test-82990,0.008341852046034229
test-82991,0.25682100975808686
test-82992,0.04262506044263458
test-82993,0.01663182289740692
test-82994,0.025686994290832457
test-82995,0.024125112244074456
test-82996,0.042795725901657755
test-82997,0.03360909833750266
test-82998,0.024166490648624937
test-82999,0.07229946880363057
test-83,0.17866664016932732
test-830,0.34257357128167115
test-8300,0.09936897264036039
test-83000,0.055995827192504254
test-83001,0.031521243467585315
test-83002,0.1851037648558782
test-83003,0.30336003215595847
test-83004,0.20350166767737782
test-83005,0.0846182167635542
test-83006,0.018377898843334274
test-83007,0.13885862953156
test-83008,0.028741236296004374
test-83009,0.13775918575813118
test-8301,0.13523766145119775
test-83010,0.28124703875556367
test-83011,0.3789085403580174
test-83012,0.036558957388586895
test-83013,0.09577148861252165
test-83014,0.01017098581508052
test-83015,0.2674575696288055
test-83016,0.1716972607301797
test-83017,0.22929931798733919
test-83018,0.03287890475744631
test-83019,0.008446781035898321
test-8302,0.07163485981578584
test-83020,0.06700027669642404
test-83021,0.05972548639267761
test-83022,0.010947288629663461
test-83023,0.06803412447426488
test-83024,0.022269899655788673
test-83025,0.014080232656244744
test-83026,0.010918335201384076
test-83027,0.24739721925559016
test-83028,0.011767040087254661
test-83029,0.07334905190208277
test-8303,0.014374009306615868
test-83030,0.12208301034555723
test-83031,0.16695447271917302
test-83032,0.014006118020969217
test-83033,0.012919872846024477
test-83034,0.026828524927829396
test-83035,0.15683410776034584
test-83036,0.024398004209906524
test-83037,0.025843198188439446
test-83038,0.07182171486713446
test-83039,0.03133952426513877
test-8304,0.16840406538361585
test-83040,0.06803412447426488
test-83041,0.010655206377206015
test-83042,0.19867817464675036
test-83043,0.02334595962406698
test-83044,0.028485599852143773
test-83045,0.07084757151919709
test-83046,0.25354849133389284
test-83047,0.011055843453706495
test-83048,0.1845379610659377
test-83049,0.03770177348723266
test-8305,0.10801850487781371
test-83050,0.026666188283095766
test-83051,0.07896917855603469
test-83052,0.2713099795359611
test-83053,0.3266526790905081
test-83054,0.05015468531813707
test-83055,0.008047133864350419
test-83056,0.044534795793035306
test-83057,0.016109191884030098
test-83058,0.019757776112221927
test-83059,0.018227524937774294
test-8306,0.06270517624532751
test-83060,0.030355347421153596
test-83061,0.14553694076409418
test-83062,0.16204346156503951
test-83063,0.01002824659660518
test-83064,0.1867280326188178
test-83065,0.10077607181779046
test-83066,0.027177240549980494
test-83067,0.0074948051178947775
test-83068,0.16453888068007416
test-83069,0.007721433181550525
test-8307,0.03815429916455018
test-83070,0.13767384086445786
test-83071,0.061577899304617906
test-83072,0.008921613572219714
test-83073,0.014331144642753682
test-83074,0.0933822238452276
test-83075,0.1773783978636668
test-83076,0.01475686512738516
test-83077,0.0888687870523802
test-83078,0.1348455568218558
test-83079,0.3791546210673623
test-8308,0.1625579990101059
test-83080,0.03279756134051546
test-83081,0.22846559041051914
test-83082,0.036153863612742324
test-83083,0.026113407211799874
test-83084,0.01830039128386536
test-83085,0.01955175990171636
test-83086,0.13436349245041218
test-83087,0.0635023401834717
test-83088,0.06927194118021397
test-83089,0.03117052137504228
test-8309,0.13341891293094651
test-83090,0.3891850362475511
test-83091,0.04475351461529831
test-83092,0.13002182848199606
test-83093,0.24377132452651573
test-83094,0.021650285809179663
test-83095,0.0669392073111586
test-83096,0.22333802922241766
test-83097,0.2243771768246783
test-83098,0.02765909158962905
test-83099,0.08983403234788997
test-831,0.08151193481141314
test-8310,0.01581492718766684
test-83100,0.08227449316788707
test-83101,0.3983187496565452
test-83102,0.008180645080897093
test-83103,0.09736009488332255
test-83104,0.33645907088336346
test-83105,0.1408710288862509
test-83106,0.08795948422406905
test-83107,0.07708284353516068
test-83108,0.1335461974173895
test-83109,0.14928289879624207
test-8311,0.029873355468740943
test-83110,0.01788904717672061
test-83111,0.3937301534634637
test-83112,0.13980550641447664
test-83113,0.017356837346078242
test-83114,0.006926025505632472
test-83115,0.14725624355358233
test-83116,0.025796905810396533
test-83117,0.03777418067477202
test-83118,0.03191456421029537
test-83119,0.022944535181318705
test-8312,0.012849590018832081
test-83120,0.11394273660056242
test-83121,0.25380757378221885
test-83122,0.32641958553279166
test-83123,0.046222299061479295
test-83124,0.015425930321479738
test-83125,0.0079232622458933
test-83126,0.020376585721834428
test-83127,0.014463327455188068
test-83128,0.011792223131489242
test-83129,0.015115031763943113
test-8313,0.05983037510294913
test-83130,0.0441913720943354
test-83131,0.016609773600579122
test-83132,0.04004580623381892
test-83133,0.08676426786931425
test-83134,0.056484510457822254
test-83135,0.061577899304617906
test-83136,0.09562288443631387
test-83137,0.039782257630481134
test-83138,0.02766095251544029
test-83139,0.2829034763520739
test-8314,0.07911518401244991
test-83140,0.06352614031065719
test-83141,0.2752876129698503
test-83142,0.017318511669174263
test-83143,0.025176834577009564
test-83144,0.014405949042276852
test-83145,0.013994512656576466
test-83146,0.0076923280727946
test-83147,0.020156133340417833
test-83148,0.1310527498981845
test-83149,0.050415637044265625
test-8315,0.018153121893272096
test-83150,0.010908693616390854
test-83151,0.015957598304927097
test-83152,0.016031066064752762
test-83153,0.0669392073111586
test-83154,0.11271672996090124
test-83155,0.0183653151906315
test-83156,0.013750835097830537
test-83157,0.06259100480523434
test-83158,0.10332872134699828
test-83159,0.01594880250535449
test-8316,0.018087971240830957
test-83160,0.0705245223280913
test-83161,0.00845415273333057
test-83162,0.039832045434735626
test-83163,0.02165013592057003
test-83164,0.011884478351503797
test-83165,0.0687732139720173
test-83166,0.03123166036829455
test-83167,0.013444946971638425
test-83168,0.03634393275086583
test-83169,0.15335356105261266
test-8317,0.04301208359899352
test-83170,0.012584950955687528
test-83171,0.027232064053782163
test-83172,0.08115056645354597
test-83173,0.008409304506608758
test-83174,0.019321759796496876
test-83175,0.024288472197354076
test-83176,0.11032416890183588
test-83177,0.009309036998174775
test-83178,0.013772449892618114
test-83179,0.012905628858340365
test-8318,0.014585344972034831
test-83180,0.030940474052954543
test-83181,0.012621412800534422
test-83182,0.022071618211969273
test-83183,0.10455126951765778
test-83184,0.034462792400414846
test-83185,0.014136373508152243
test-83186,0.009528801957913828
test-83187,0.0173696774484928
test-83188,0.2508278874324729
test-83189,0.015499451200918276
test-8319,0.02160678382988693
test-83190,0.06286799071571651
test-83191,0.06367838307313448
test-83192,0.007550044405463781
test-83193,0.010548255092738067
test-83194,0.10812230317096443
test-83195,0.12384124943034994
test-83196,0.034462792400414846
test-83197,0.027102718789187984
test-83198,0.13728128468434414
test-83199,0.009397093497874971
test-832,0.03389790228409395
test-8320,0.0516340627372738
test-83200,0.030371044394012742
test-83201,0.022284858206925984
test-83202,0.2058488508041472
test-83203,0.02236513170607421
test-83204,0.0669392073111586
test-83205,0.011623349144823157
test-83206,0.1772305116672318
test-83207,0.021861809340423907
test-83208,0.19568251591929564
test-83209,0.01147819579155948
test-8321,0.015561913277032895
test-83210,0.009309036998174775
test-83211,0.03859494714788768
test-83212,0.037259857019635
test-83213,0.018368208641024574
test-83214,0.2005349691890452
test-83215,0.0421088857569685
test-83216,0.07894499973353514
test-83217,0.061577899304617906
test-83218,0.016949991540620518
test-83219,0.010952757731729006
test-8322,0.021975828040849004
test-83220,0.12593301785473418
test-83221,0.04973803027372902
test-83222,0.01148493432728055
test-83223,0.3184547334426391
test-83224,0.19677952087255585
test-83225,0.017759020963952623
test-83226,0.05950017199337657
test-83227,0.012608977413394357
test-83228,0.060789733244595114
test-83229,0.013015335209671184
test-8323,0.0183653151906315
test-83230,0.021084322156669548
test-83231,0.012905120341757451
test-83232,0.020367066087855774
test-83233,0.02483954591445234
test-83234,0.02864621876043367
test-83235,0.12241697086572388
test-83236,0.013444946971638425
test-83237,0.13434421310791864
test-83238,0.006085153357576653
test-83239,0.19282165586782693
test-8324,0.17775255038720128
test-83240,0.00928812140400781
test-83241,0.017096907285907233
test-83242,0.03258674984897633
test-83243,0.062317755179206756
test-83244,0.017646326756629013
test-83245,0.04051182369827448
test-83246,0.018816763378888404
test-83247,0.17487979535386539
test-83248,0.015701216352052343
test-83249,0.011308022547929914
test-8325,0.0200291890759399
test-83250,0.3147502131079928
test-83251,0.12023477959989945
test-83252,0.040952819563993596
test-83253,0.00878841401307185
test-83254,0.394654089653834
test-83255,0.014374298442250966
test-83256,0.007922684667702988
test-83257,0.1684884044853316
test-83258,0.035139962971365304
test-83259,0.010457999697545385
test-8326,0.18577788029936745
test-83260,0.006507576052487704
test-83261,0.02687269309323342
test-83262,0.022780672927628844
test-83263,0.020656167454922054
test-83264,0.015885913186382612
test-83265,0.009686133284585799
test-83266,0.013530832011770952
test-83267,0.021607714726058838
test-83268,0.24539249937590493
test-83269,0.017145243354831186
test-8327,0.03161152976263396
test-83270,0.0362687310659188
test-83271,0.012616683193998512
test-83272,0.19420978391909494
test-83273,0.03810495562487775
test-83274,0.016418279293497543
test-83275,0.012771989178602481
test-83276,0.18786058534598585
test-83277,0.009154938317533024
test-83278,0.020184049019556536
test-83279,0.05699198600369957
test-8328,0.021075517563185427
test-83280,0.1237019714776971
test-83281,0.017802411397310328
test-83282,0.013303008124461644
test-83283,0.011836477000202739
test-83284,0.1258078495124035
test-83285,0.03394517755049771
test-83286,0.1347375632778319
test-83287,0.010705564992121155
test-83288,0.014058117722296754
test-83289,0.13919012465966588
test-8329,0.07059120341421213
test-83290,0.01439873917636638
test-83291,0.0496981473874399
test-83292,0.203735640436555
test-83293,0.0853951524169083
test-83294,0.22625522565779665
test-83295,0.3464766750464067
test-83296,0.1809518340599709
test-83297,0.010677135799320649
test-83298,0.06430441809573917
test-83299,0.03231425484253889
test-833,0.008149002485368602
test-8330,0.01644698465203733
test-83300,0.029389415057553072
test-83301,0.010721340125093718
test-83302,0.03254705391801379
test-83303,0.01771255972147945
test-83304,0.14142900526455932
test-83305,0.009901134958786346
test-83306,0.02712544296643584
test-83307,0.1192852442111224
test-83308,0.09882162951873404
test-83309,0.029406429493341584
test-8331,0.01622256264516989
test-83310,0.04137556053252023
test-83311,0.038284775083962067
test-83312,0.023985494644059056
test-83313,0.27162887267547664
test-83314,0.009618828378985547
test-83315,0.008254652051318092
test-83316,0.019626563946861776
test-83317,0.17745303131325463
test-83318,0.023208572481506512
test-83319,0.02102836935412256
test-8332,0.17525446148637092
test-83320,0.012137849096675445
test-83321,0.14901626953889954
test-83322,0.012735384704847617
test-83323,0.0787718604191346
test-83324,0.008669423564269025
test-83325,0.10726186819630738
test-83326,0.08593617171672906
test-83327,0.03091925308728692
test-83328,0.40171673601165164
test-83329,0.08885513064923165
test-8333,0.30705277463271885
test-83330,0.013863814321715084
test-83331,0.014621183342873555
test-83332,0.021756420832462008
test-83333,0.04460871876098431
test-83334,0.040389187653695244
test-83335,0.015764196905254886
test-83336,0.01771081809340238
test-83337,0.021042058785937758
test-83338,0.020184049019556536
test-83339,0.09745886119343063
test-8334,0.027471521470755177
test-83340,0.02441174908385336
test-83341,0.10818425010725388
test-83342,0.00743132410466876
test-83343,0.009558080438098877
test-83344,0.01536387761770839
test-83345,0.027123846370830425
test-83346,0.027040911893618222
test-83347,0.009011467027819506
test-83348,0.08402159989176528
test-83349,0.011597933910207303
test-8335,0.18080951728938083
test-83350,0.2036827749451732
test-83351,0.0994632703698675
test-83352,0.015957598304927097
test-83353,0.12253579204304235
test-83354,0.03984819586592581
test-83355,0.07375961928649817
test-83356,0.011544019751584176
test-83357,0.04151673571235931
test-83358,0.02304462929680639
test-83359,0.08648680060098116
test-8336,0.17051229216255126
test-83360,0.0687732139720173
test-83361,0.03610784131277542
test-83362,0.010394125348105595
test-83363,0.016056061891928687
test-83364,0.1727182850562251
test-83365,0.01112405784413733
test-83366,0.016259191215521263
test-83367,0.022778999040417077
test-83368,0.008559956405005436
test-83369,0.021787970510694206
test-8337,0.11365768787922535
test-83370,0.20903263917402817
test-83371,0.26079791811906516
test-83372,0.14990024125302995
test-83373,0.14197248498892087
test-83374,0.029535575268605584
test-83375,0.0189114761991466
test-83376,0.14098355644186814
test-83377,0.049520998813606255
test-83378,0.012792237040029885
test-83379,0.27255647200771915
test-8338,0.20112171755689784
test-83380,0.14069520774706756
test-83381,0.0161273185610339
test-83382,0.06038895033626144
test-83383,0.07748062158489404
test-83384,0.3937301534634637
test-83385,0.014144089009978073
test-83386,0.01485358629993815
test-83387,0.01040144071744514
test-83388,0.010008038771985597
test-83389,0.0322560369895652
test-8339,0.029504211387528862
test-83390,0.046352853941099614
test-83391,0.2626895310847885
test-83392,0.12769712695320204
test-83393,0.08029327685873054
test-83394,0.02060061432796849
test-83395,0.0669392073111586
test-83396,0.03155358373482753
test-83397,0.014822786014967896
test-83398,0.016401906067719563
test-83399,0.12263873999915924
test-834,0.013150666644209935
test-8340,0.1227297491395067
test-83400,0.03064121009433336
test-83401,0.028893147273982605
test-83402,0.009821369498539382
test-83403,0.03603062294911097
test-83404,0.005036399539689347
test-83405,0.19161329105758582
test-83406,0.010913517230400275
test-83407,0.02345337510509581
test-83408,0.06751268990387627
test-83409,0.016361003623049476
test-8341,0.03401583508332662
test-83410,0.01646373231857512
test-83411,0.020144443116306324
test-83412,0.013835712262648842
test-83413,0.022809227291219883
test-83414,0.0199281740685436
test-83415,0.12547743918467355
test-83416,0.031218037728403786
test-83417,0.16696100891292529
test-83418,0.03378152893354491
test-83419,0.017658083363345022
test-8342,0.2262887729828075
test-83420,0.019837740351841396
test-83421,0.07083787366958848
test-83422,0.09804460787508859
test-83423,0.13181551726804994
test-83424,0.019606831090586294
test-83425,0.036242497691780964
test-83426,0.013987217844320393
test-83427,0.022048111381601593
test-83428,0.03155358373482753
test-83429,0.0669392073111586
test-8343,0.028057223990027972
test-83430,0.011669324229661564
test-83431,0.009795022999490923
test-83432,0.0669392073111586
test-83433,0.07141826915904863
test-83434,0.06982676083007797
test-83435,0.027964990349851743
test-83436,0.10164380973605919
test-83437,0.017349833344844905
test-83438,0.02912567051527742
test-83439,0.008254652051318092
test-8344,0.23262814511221253
test-83440,0.010494522582037098
test-83441,0.020973626498297496
test-83442,0.03991427570930743
test-83443,0.2173259159321214
test-83444,0.17490229812471447
test-83445,0.22876409174415244
test-83446,0.010190070552928912
test-83447,0.13775918575813118
test-83448,0.037250592388059195
test-83449,0.052274079780404804
test-8345,0.022826940420290327
test-83450,0.30336003215595847
test-83451,0.018507149234957353
test-83452,0.3688885011625501
test-83453,0.09787796055403811
test-83454,0.012421933909726405
test-83455,0.022833209668706975
test-83456,0.022793413152147543
test-83457,0.013017286640454179
test-83458,0.014521937730683122
test-83459,0.14799016086328542
test-8346,0.007117556198146969
test-83460,0.08980494642235581
test-83461,0.010103560635931964
test-83462,0.02918051399446568
test-83463,0.15794418411627914
test-83464,0.036395110961547406
test-83465,0.0669392073111586
test-83466,0.14743302755196724
test-83467,0.02069816065737929
test-83468,0.015734328567058125
test-83469,0.020690281846661867
test-8347,0.24090751755218517
test-83470,0.019177359638882306
test-83471,0.048762330252610404
test-83472,0.02041749032335476
test-83473,0.00838841777731843
test-83474,0.1552786197201305
test-83475,0.01681566671991524
test-83476,0.009372268466010277
test-83477,0.21966429841854015
test-83478,0.1780766281422763
test-83479,0.01803801339905044
test-8348,0.035597688755895085
test-83480,0.015657056674147813
test-83481,0.02765909158962905
test-83482,0.023839570752184965
test-83483,0.019779774686257107
test-83484,0.12529905228316307
test-83485,0.010841280164032324
test-83486,0.14310503337281918
test-83487,0.007910347893739754
test-83488,0.016740870732518703
test-83489,0.008752148507865445
test-8349,0.0888687870523802
test-83490,0.011336671513004949
test-83491,0.01974490866417104
test-83492,0.01307946954873325
test-83493,0.052372244433923305
test-83494,0.022850838659442672
test-83495,0.04117866157998405
test-83496,0.022703125885291962
test-83497,0.018532729188213217
test-83498,0.019851290641076134
test-83499,0.012276704929948335
test-835,0.17043281307689231
test-8350,0.007941880632707052
test-83500,0.010823358649941982
test-83501,0.04005661342405747
test-83502,0.11358708444246228
test-83503,0.015246036149043109
test-83504,0.014830829569200059
test-83505,0.022500890699324937
test-83506,0.05339307069340168
test-83507,0.046660486245143254
test-83508,0.00996479220235909
test-83509,0.015021916472349368
test-8351,0.12758786262445412
test-83510,0.00877199722296381
test-83511,0.015134569986125506
test-83512,0.0618665757261839
test-83513,0.012327788004684198
test-83514,0.07154554671561687
test-83515,0.02002057469330279
test-83516,0.02097570147711686
test-83517,0.02814095002662401
test-83518,0.008685379269754986
test-83519,0.011260623982215378
test-8352,0.05143341550618335
test-83520,0.008349952222107486
test-83521,0.0753363465627061
test-83522,0.011661747430504594
test-83523,0.018329963983529516
test-83524,0.06336451445026152
test-83525,0.036153863612742324
test-83526,0.027581578436005193
test-83527,0.011797867878666029
test-83528,0.21325305223565652
test-83529,0.020558582967123845
test-8353,0.06805522932517517
test-83530,0.017808423708689212
test-83531,0.039686002749224354
test-83532,0.35332675763330407
test-83533,0.021379837338695175
test-83534,0.008992043413355808
test-83535,0.00966437869366505
test-83536,0.04658294359600119
test-83537,0.015372129517491508
test-83538,0.012911210801374412
test-83539,0.009256600130851904
test-8354,0.12964498078580372
test-83540,0.01046471669196151
test-83541,0.014008075504383237
test-83542,0.04301208359899352
test-83543,0.0103139018537894
test-83544,0.12277256397577352
test-83545,0.014606832165642208
test-83546,0.2205614018356161
test-83547,0.02154824243278049
test-83548,0.020749492124732042
test-83549,0.018060091114040944
test-8355,0.07577980601500905
test-83550,0.017511787651129283
test-83551,0.018706727508961466
test-83552,0.025029132699797278
test-83553,0.03428316841415857
test-83554,0.046032245364518394
test-83555,0.1521091108943804
test-83556,0.012942735812613413
test-83557,0.33867357473426046
test-83558,0.011942102509070482
test-83559,0.015499451200918276
test-8356,0.02082870817337627
test-83560,0.01611093954665897
test-83561,0.008655887857907427
test-83562,0.02228275808876345
test-83563,0.08676426786931425
test-83564,0.2762814501491187
test-83565,0.07425175243510433
test-83566,0.014828745819885041
test-83567,0.06542121885951736
test-83568,0.02381341336268112
test-83569,0.07158171702893264
test-8357,0.0687732139720173
test-83570,0.12954064052101308
test-83571,0.10106273337315282
test-83572,0.07154554671561687
test-83573,0.05400256287771402
test-83574,0.03948727000429106
test-83575,0.01496514926629776
test-83576,0.009501418558876843
test-83577,0.03654198267732347
test-83578,0.017658083363345022
test-83579,0.08142872100203052
test-8358,0.01734339194779329
test-83580,0.2234533353962163
test-83581,0.012089591290699631
test-83582,0.28225216771047823
test-83583,0.015708857673996365
test-83584,0.01943886965025489
test-83585,0.010938052585817142
test-83586,0.014308378739030835
test-83587,0.024378667344670577
test-83588,0.12175564704836245
test-83589,0.015981931348720887
test-8359,0.1565517566710533
test-83590,0.040532793689842556
test-83591,0.03312134654989277
test-83592,0.015971784402394707
test-83593,0.03277892166768839
test-83594,0.3082709420781616
test-83595,0.25875925203403155
test-83596,0.1266592003878159
test-83597,0.03419921420737056
test-83598,0.123817286149575
test-83599,0.08905477543146421
test-836,0.019731511472824925
test-8360,0.049419556206091717
test-83600,0.1744387507081044
test-83601,0.3111434044733534
test-83602,0.029336627187624906
test-83603,0.16509233565421538
test-83604,0.022224901268228868
test-83605,0.025614072497502048
test-83606,0.014408930261873275
test-83607,0.03329162858335588
test-83608,0.044711816608167906
test-83609,0.01497030504655433
test-8361,0.01188571593250187
test-83610,0.04842586415963997
test-83611,0.21592309898822948
test-83612,0.032993571845648224
test-83613,0.15979116515655956
test-83614,0.05463586067024815
test-83615,0.01628995758942881
test-83616,0.05444450125870035
test-83617,0.0669392073111586
test-83618,0.15919672893759648
test-83619,0.016756495931534946
test-8362,0.1352557298236773
test-83620,0.04049860151896432
test-83621,0.03628784482768585
test-83622,0.143555543859867
test-83623,0.012297201071248863
test-83624,0.0173696774484928
test-83625,0.1884987167124222
test-83626,0.11056254669556512
test-83627,0.011385186335865567
test-83628,0.09682155386466249
test-83629,0.22752023046225178
test-8363,0.009756100850902647
test-83630,0.01657052513565391
test-83631,0.0075368781880173
test-83632,0.020426800613491315
test-83633,0.08838848094024117
test-83634,0.01602868509760198
test-83635,0.02907831268546051
test-83636,0.028632367567932797
test-83637,0.04901176572304712
test-83638,0.038395717530578466
test-83639,0.012997379033054188
test-8364,0.10411616795436618
test-83640,0.010591724489278139
test-83641,0.03813258496780765
test-83642,0.01687909805108405
test-83643,0.011818832719693981
test-83644,0.11205095857167303
test-83645,0.21364987852643424
test-83646,0.014492305905803754
test-83647,0.020094110329857452
test-83648,0.02640804116847228
test-83649,0.010894618632715925
test-8365,0.019444927096140235
test-83650,0.1660857065321139
test-83651,0.1247282384843349
test-83652,0.02003843258395867
test-83653,0.056719954711376405
test-83654,0.017533523634030237
test-83655,0.017900439087955217
test-83656,0.040459580571179
test-83657,0.06318032974243788
test-83658,0.018327187175762292
test-83659,0.010702622145397354
test-8366,0.14477738904936552
test-83660,0.026895596394338472
test-83661,0.010918335201384076
test-83662,0.032778038019699855
test-83663,0.024509097363587435
test-83664,0.006814675730205213
test-83665,0.011246178126765559
test-83666,0.12927109151914523
test-83667,0.03269320704520948
test-83668,0.09335141519924693
test-83669,0.1632208290496215
test-8367,0.15795217799616088
test-83670,0.041348184223655424
test-83671,0.16020722359550427
test-83672,0.17825684796481991
test-83673,0.02179611694205042
test-83674,0.019266997125981605
test-83675,0.014951226359704545
test-83676,0.018227524937774294
test-83677,0.16992716413997475
test-83678,0.01594906108290646
test-83679,0.009324403191706538
test-8368,0.047745655016817
test-83680,0.014182442773459028
test-83681,0.10798464076160268
test-83682,0.031670993768966094
test-83683,0.061577899304617906
test-83684,0.02133149483637041
test-83685,0.013297670862006596
test-83686,0.047800862512871696
test-83687,0.15505776979249236
test-83688,0.15661750127198884
test-83689,0.029337419610654975
test-8369,0.06986194723583708
test-83690,0.019151317114287178
test-83691,0.0289428930031018
test-83692,0.020331652730733653
test-83693,0.19396188923595212
test-83694,0.04634671031013165
test-83695,0.00831841778191277
test-83696,0.05187349475887275
test-83697,0.010917411568217045
test-83698,0.04688280212504926
test-83699,0.010236118982701763
test-837,0.04126952358084569
test-8370,0.1298692251777277
test-83700,0.09312950211042376
test-83701,0.010918335201384076
test-83702,0.013536410101561452
test-83703,0.008514697738552004
test-83704,0.0669392073111586
test-83705,0.028943433146213667
test-83706,0.016574524109106138
test-83707,0.04677123066292117
test-83708,0.0391118077298725
test-83709,0.028077476515716418
test-8371,0.008490386939644871
test-83710,0.01634309786475012
test-83711,0.028897632184659607
test-83712,0.007546998174911658
test-83713,0.008071617195472653
test-83714,0.016645629680255267
test-83715,0.06457921756136491
test-83716,0.017484378571887994
test-83717,0.015499451200918276
test-83718,0.017704210177277566
test-83719,0.011206606047868897
test-8372,0.12663596937894922
test-83720,0.008065657550520446
test-83721,0.15548325308621216
test-83722,0.13513861898426763
test-83723,0.031509287509782935
test-83724,0.0115230552587773
test-83725,0.033373273949076576
test-83726,0.022253571836363867
test-83727,0.02109136475374893
test-83728,0.029952567162603888
test-83729,0.015411394695231262
test-8373,0.014976408985169602
test-83730,0.008598680954100687
test-83731,0.021515876860348993
test-83732,0.017708070705569744
test-83733,0.022501439721485463
test-83734,0.14931877827225729
test-83735,0.017018743717105177
test-83736,0.03942341231199404
test-83737,0.01412245052307902
test-83738,0.010777838022096907
test-83739,0.06312542432266147
test-8374,0.03262172905670608
test-83740,0.08560838976018696
test-83741,0.020359834849302733
test-83742,0.14994596595256593
test-83743,0.15297114765075728
test-83744,0.01857253072494572
test-83745,0.008340924674142774
test-83746,0.00850524428595566
test-83747,0.06986194723583708
test-83748,0.31000637437641065
test-83749,0.0102921656876595
test-8375,0.03903583452519085
test-83750,0.14897570648304537
test-83751,0.07263455815925801
test-83752,0.018978192843697516
test-83753,0.016285420923430965
test-83754,0.16693747222024813
test-83755,0.23121092744067837
test-83756,0.00690536154928743
test-83757,0.0390176913635207
test-83758,0.022391438676221766
test-83759,0.009404612622238347
test-8376,0.1455092696289716
test-83760,0.020632377227135665
test-83761,0.30876795044349026
test-83762,0.04327650151966493
test-83763,0.02676222340579898
test-83764,0.013632707864896816
test-83765,0.014034498309266692
test-83766,0.021736014219496152
test-83767,0.10107432249826992
test-83768,0.11499578303811298
test-83769,0.1775556464492769
test-8377,0.0940649159354205
test-83770,0.02232157744853897
test-83771,0.012479738471206696
test-83772,0.04252105837468247
test-83773,0.03204348242353145
test-83774,0.019334469543048044
test-83775,0.06475930424106673
test-83776,0.027081556979276857
test-83777,0.014545583457913666
test-83778,0.05400256287771402
test-83779,0.15341635865930203
test-8378,0.10838276757059687
test-83780,0.02160926674615423
test-83781,0.01853440596864312
test-83782,0.2837589474730735
test-83783,0.0231014474431284
test-83784,0.057475794522954524
test-83785,0.02003843258395867
test-83786,0.018978311278423893
test-83787,0.008788472531004067
test-83788,0.0669392073111586
test-83789,0.09755731273300457
test-8379,0.23606555370364546
test-83790,0.023557585039247222
test-83791,0.019325821225641023
test-83792,0.017905498446497508
test-83793,0.019236044730594048
test-83794,0.010036481419146674
test-83795,0.027053410231467203
test-83796,0.12750472124348786
test-83797,0.3911229376330536
test-83798,0.03777690433816423
test-83799,0.0846680589417342
test-838,0.0313941423899248
test-8380,0.020225279408882583
test-83800,0.16886302246749937
test-83801,0.019405565739423047
test-83802,0.03584036457827255
test-83803,0.03522857338127881
test-83804,0.01807656709739715
test-83805,0.2404203741303968
test-83806,0.01091911197006282
test-83807,0.047341085362658436
test-83808,0.21706054981832693
test-83809,0.018857705885819854
test-8381,0.12772424022269016
test-83810,0.017658083363345022
test-83811,0.012209665701577992
test-83812,0.021897757146381508
test-83813,0.011048957653744178
test-83814,0.012264069554110435
test-83815,0.07799433853261355
test-83816,0.008834765065150825
test-83817,0.006971521069376922
test-83818,0.013487690298823076
test-83819,0.09631529087151329
test-8382,0.0846182167635542
test-83820,0.061220222539103676
test-83821,0.08714097765207561
test-83822,0.012572665905477549
test-83823,0.04547375258830411
test-83824,0.016506615065114746
test-83825,0.009945544235989269
test-83826,0.03403254564709647
test-83827,0.02747561792033172
test-83828,0.04663685410138571
test-83829,0.01275073293538864
test-8383,0.05966972589648155
test-83830,0.3387333984421307
test-83831,0.01148996846995849
test-83832,0.11402119261759393
test-83833,0.14842351771471976
test-83834,0.022524251182178743
test-83835,0.011778136989335518
test-83836,0.016771820243568356
test-83837,0.015408937016330422
test-83838,0.017831774494794395
test-83839,0.01244354885648223
test-8384,0.022301225366690207
test-83840,0.01696715025080299
test-83841,0.019491942684182098
test-83842,0.15164355656214898
test-83843,0.11698831756569195
test-83844,0.028146111277955275
test-83845,0.020846516394319916
test-83846,0.02865621127374931
test-83847,0.0104253487643917
test-83848,0.032834562955181903
test-83849,0.18991510865421662
test-8385,0.038740175069864206
test-83850,0.049744957843033503
test-83851,0.013750835097830537
test-83852,0.03254705391801379
test-83853,0.012584950955687528
test-83854,0.013419183026202083
test-83855,0.07896917855603469
test-83856,0.011079594797738124
test-83857,0.01074635737178932
test-83858,0.0226342420204594
test-83859,0.03935209777966916
test-8386,0.2475910300636876
test-83860,0.018415530052612088
test-83861,0.011661747430504594
test-83862,0.1660606091135659
test-83863,0.05003697088968722
test-83864,0.16594308512644726
test-83865,0.06719599945516581
test-83866,0.013131820067274274
test-83867,0.02603801234091004
test-83868,0.04665823095570334
test-83869,0.018782770559949535
test-8387,0.04472486528342535
test-83870,0.009933978825860388
test-83871,0.010614887057196789
test-83872,0.13279308072226728
test-83873,0.16183593763585896
test-83874,0.0929366191175501
test-83875,0.04781449572103537
test-83876,0.00882565817086995
test-83877,0.09317382809080411
test-83878,0.008670368817791091
test-83879,0.024192148601169406
test-8388,0.03508470731956084
test-83880,0.015894573603215494
test-83881,0.013477691915893283
test-83882,0.01195029983783485
test-83883,0.009842036219110995
test-83884,0.014558439176230042
test-83885,0.061577899304617906
test-83886,0.012942735812613413
test-83887,0.022455340343950286
test-83888,0.011285414256875279
test-83889,0.051972554457951854
test-8389,0.061854239385942374
test-83890,0.031925963777716525
test-83891,0.2174459331459877
test-83892,0.021577746592835352
test-83893,0.0263886023294697
test-83894,0.01715501793127474
test-83895,0.012166789682252589
test-83896,0.11084856423161352
test-83897,0.004750830298266732
test-83898,0.015698579613189892
test-83899,0.02918880956422355
test-839,0.1060959533689933
test-8390,0.026024335893336872
test-83900,0.05157770419767132
test-83901,0.0076885575413365645
test-83902,0.04358966734336804
test-83903,0.04737033964563331
test-83904,0.010109344359751912
test-83905,0.027860921275786606
test-83906,0.03179647979880006
test-83907,0.12338919779810742
test-83908,0.3255643126555957
test-83909,0.04381746317168575
test-8391,0.2828631979199381
test-83910,0.016138301623183374
test-83911,0.030018899343782587
test-83912,0.014620539463620937
test-83913,0.058145825712093355
test-83914,0.1605025458451452
test-83915,0.0316216422399614
test-83916,0.01928847357097102
test-83917,0.02583768403463825
test-83918,0.240609811729062
test-83919,0.008856168022737152
test-8392,0.025100223461286705
test-83920,0.018117646549584907
test-83921,0.11642981284699146
test-83922,0.0379582076065528
test-83923,0.010064676430337916
test-83924,0.19429961832558948
test-83925,0.05271684294241214
test-83926,0.22476174084486858
test-83927,0.0362976029444766
test-83928,0.012077416467747746
test-83929,0.08554411728428674
test-8393,0.06259100480523434
test-83930,0.00987371053128777
test-83931,0.02640804116847228
test-83932,0.018156893280014155
test-83933,0.03178723108502382
test-83934,0.06421940274650158
test-83935,0.25856624698995473
test-83936,0.3038962319908234
test-83937,0.2960088487310699
test-83938,0.015499451200918276
test-83939,0.02177110189630315
test-8394,0.026372372374516787
test-83940,0.05252167802577456
test-83941,0.013954026154869435
test-83942,0.006853631523871587
test-83943,0.012649534641396848
test-83944,0.015591030928816078
test-83945,0.016427771866257577
test-83946,0.02643078494148387
test-83947,0.14637967973656033
test-83948,0.12019561600708917
test-83949,0.15291743395249696
test-8395,0.06346264392367472
test-83950,0.03559880243261349
test-83951,0.05608161125235809
test-83952,0.13473111397650483
test-83953,0.2857256888795034
test-83954,0.21207823614838292
test-83955,0.15086132598822366
test-83956,0.011233246659973748
test-83957,0.10553442046557655
test-83958,0.02165984009813909
test-83959,0.013653530093672659
test-8396,0.03183570571043178
test-83960,0.12916884969409
test-83961,0.011343177751652079
test-83962,0.03100025026566793
test-83963,0.011507893401213642
test-83964,0.18224121314684838
test-83965,0.12784943572295238
test-83966,0.01571318058717306
test-83967,0.11671856689608483
test-83968,0.32641958553279166
test-83969,0.010683553329496144
test-8397,0.037680925317979744
test-83970,0.028438386322118005
test-83971,0.039579147011189184
test-83972,0.02102836935412256
test-83973,0.022793413152147543
test-83974,0.05319798722345548
test-83975,0.03777418067477202
test-83976,0.02973231229604995
test-83977,0.00964201047695551
test-83978,0.2921408309036412
test-83979,0.017328178243683937
test-8398,0.26558205672565344
test-83980,0.011061180659624798
test-83981,0.04414204543323404
test-83982,0.024319332404043506
test-83983,0.05339307069340168
test-83984,0.19886951816494297
test-83985,0.03373746270929225
test-83986,0.016652968680326743
test-83987,0.022826940420290327
test-83988,0.19591385791385788
test-83989,0.009644095471519582
test-8399,0.13175843430361897
test-83990,0.19504582719179223
test-83991,0.08601095881288283
test-83992,0.019217457397288085
test-83993,0.13219273859637118
test-83994,0.009011467027819506
test-83995,0.05064774235596539
test-83996,0.25112560117161875
test-83997,0.020525484138723012
test-83998,0.011915342082579017
test-83999,0.009629643611185118
test-84,0.00896844664069702
test-840,0.3785588629773838
test-8400,0.08091840458510943
test-84000,0.01508215044197195
test-84001,0.012805205775516963
test-84002,0.17927672142195852
test-84003,0.16328972210078102
test-84004,0.017942222637929245
test-84005,0.015333541146879164
test-84006,0.05174558198766123
test-84007,0.017658083363345022
test-84008,0.12150800406991046
test-84009,0.028759878353670058
test-8401,0.01005153337193015
test-84010,0.21950019850346547
test-84011,0.14873659230686437
test-84012,0.057553389364257364
test-84013,0.02732671020558285
test-84014,0.059501922873155644
test-84015,0.010335126681302625
test-84016,0.24553117665534274
test-84017,0.03386848290964297
test-84018,0.01295971541291331
test-84019,0.01184189075097751
test-8402,0.018725637531066944
test-84020,0.03577083059303075
test-84021,0.10091867521743725
test-84022,0.018706727508961466
test-84023,0.020184049019556536
test-84024,0.029235299415940094
test-84025,0.0481618027344127
test-84026,0.06687591078501293
test-84027,0.017807902641609526
test-84028,0.01758648109259473
test-84029,0.018580777849227646
test-8403,0.022191947064981045
test-84030,0.032147435043153
test-84031,0.03562798081380685
test-84032,0.019980970043941504
test-84033,0.03546073849563238
test-84034,0.023451055783507407
test-84035,0.026223785775408463
test-84036,0.11266714550532139
test-84037,0.017940597578668314
test-84038,0.009407086046659904
test-84039,0.07690674312476528
test-8404,0.008135341213147218
test-84040,0.021286010505043994
test-84041,0.021042058785937758
test-84042,0.015218722380391035
test-84043,0.16919609741210928
test-84044,0.02390508205289624
test-84045,0.0420138415974034
test-84046,0.021498479701882785
test-84047,0.018650596197910593
test-84048,0.008649074284065986
test-84049,0.017969465325603052
test-8405,0.13830406861014471
test-84050,0.2722158173746825
test-84051,0.013893304776490529
test-84052,0.010268333052911298
test-84053,0.0105448410564779
test-84054,0.14955165847376894
test-84055,0.1127595990198788
test-84056,0.07896917855603469
test-84057,0.019933032170278975
test-84058,0.03517554983071838
test-84059,0.015021916472349368
test-8406,0.024518733807988302
test-84060,0.10805089869057058
test-84061,0.02161889733221494
test-84062,0.04609080096953033
test-84063,0.020391819342976143
test-84064,0.04611979510725489
test-84065,0.022030027059455403
test-84066,0.011181020410393842
test-84067,0.05591491040930066
test-84068,0.05339307069340168
test-84069,0.016186416369884243
test-8407,0.010695806954700172
test-84070,0.012701368607499274
test-84071,0.02767179011101185
test-84072,0.007718655661874777
test-84073,0.042578313838852654
test-84074,0.025310327925789952
test-84075,0.03141040661591252
test-84076,0.06397731013297894
test-84077,0.0682210654707025
test-84078,0.007991739915842639
test-84079,0.015579169211249215
test-8408,0.026706459427359015
test-84080,0.014093669505045881
test-84081,0.3419062093395471
test-84082,0.010382028986359619
test-84083,0.009417383468760913
test-84084,0.015344789295609063
test-84085,0.018841852694408735
test-84086,0.017198789790705212
test-84087,0.05063663320184946
test-84088,0.07802819961977205
test-84089,0.033608285108407986
test-8409,0.01889625017148804
test-84090,0.043364286553867266
test-84091,0.1536122238442513
test-84092,0.1117844978469469
test-84093,0.02049668699882281
test-84094,0.010810999026470081
test-84095,0.028421980582401838
test-84096,0.17971451619003834
test-84097,0.05134491393222089
test-84098,0.0370178999960362
test-84099,0.008606684161452736
test-841,0.07107148130963546
test-8410,0.05206741762385401
test-84100,0.0183704394230241
test-84101,0.011699930313654617
test-84102,0.043653899513224625
test-84103,0.07782071281746397
test-84104,0.011413886321069105
test-84105,0.024314623461797386
test-84106,0.014373814663533477
test-84107,0.023713497865870427
test-84108,0.040695030576269844
test-84109,0.05339307069340168
test-8411,0.057685015221842884
test-84110,0.05003697088968722
test-84111,0.016733962014361933
test-84112,0.03766195127474712
test-84113,0.008160621125067605
test-84114,0.007849285535073858
test-84115,0.0450381801010487
test-84116,0.04019021680370059
test-84117,0.27840792941639797
test-84118,0.01671081711150932
test-84119,0.02466572337590596
test-8412,0.12796851635119139
test-84120,0.025534332441720726
test-84121,0.027102781471722466
test-84122,0.03189797303993119
test-84123,0.025718441755628353
test-84124,0.13155877435358987
test-84125,0.01074635737178932
test-84126,0.020184049019556536
test-84127,0.1785675223447139
test-84128,0.021743518447661342
test-84129,0.012942735812613413
test-8413,0.15128391287444543
test-84130,0.16948764875643343
test-84131,0.021307844945815915
test-84132,0.11651184128749612
test-84133,0.009482856086595772
test-84134,0.017942506472507492
test-84135,0.09787796055403811
test-84136,0.37359807137274764
test-84137,0.07735826758830694
test-84138,0.06320293454194395
test-84139,0.15677886076023106
test-8414,0.198189735839179
test-84140,0.0091119697118891
test-84141,0.011915342082579017
test-84142,0.03177581876566971
test-84143,0.02648290178332952
test-84144,0.0321158261533553
test-84145,0.02987873806596248
test-84146,0.024407381121466912
test-84147,0.01853119118229658
test-84148,0.12663596937894922
test-84149,0.019832516403877183
test-8415,0.07092435022806931
test-84150,0.010622486468467444
test-84151,0.1285399246328854
test-84152,0.15628615678482266
test-84153,0.1398388875173638
test-84154,0.011911170297357875
test-84155,0.011942102509070482
test-84156,0.03486158824480266
test-84157,0.08470702049769696
test-84158,0.013190198774248988
test-84159,0.11468183529436574
test-8416,0.12954064052101308
test-84160,0.03808926221621729
test-84161,0.01914955289651371
test-84162,0.164816081151123
test-84163,0.011452462859885637
test-84164,0.05339307069340168
test-84165,0.012942735812613413
test-84166,0.010796078097633298
test-84167,0.23453082472099898
test-84168,0.02117024420886851
test-84169,0.06029938396316201
test-8417,0.28190409915455444
test-84170,0.010484147567595015
test-84171,0.09238386672425124
test-84172,0.011534993870318712
test-84173,0.012721395548515826
test-84174,0.1543693773528168
test-84175,0.0441347091557929
test-84176,0.008649074284065986
test-84177,0.03236771175102217
test-84178,0.01715757924818455
test-84179,0.03721446499084605
test-8418,0.11709343371842393
test-84180,0.0669392073111586
test-84181,0.007697536551849628
test-84182,0.022509826878864478
test-84183,0.12679956526676534
test-84184,0.010047725431996795
test-84185,0.016422591934698864
test-84186,0.03764652593371579
test-84187,0.13362874961340374
test-84188,0.06921833144662524
test-84189,0.02928701272735574
test-8419,0.01319513852317545
test-84190,0.017053501498548656
test-84191,0.01421031531254988
test-84192,0.05339307069340168
test-84193,0.009019432199058054
test-84194,0.015616290434739792
test-84195,0.009841312758969474
test-84196,0.08422258698780248
test-84197,0.01036636732248958
test-84198,0.024731943450495456
test-84199,0.14522403520045052
test-842,0.1788902111427526
test-8420,0.28125094001984424
test-84200,0.1755458863061663
test-84201,0.3015049642049047
test-84202,0.04682053526445522
test-84203,0.02115335587194879
test-84204,0.02372289305257482
test-84205,0.028339134122287335
test-84206,0.028731785131957652
test-84207,0.00759721244769289
test-84208,0.031942097460329555
test-84209,0.1501655086081887
test-8421,0.028554337096197712
test-84210,0.015866804333469375
test-84211,0.05501690731949792
test-84212,0.04455879549956729
test-84213,0.009306354628214686
test-84214,0.039743780770215224
test-84215,0.01441817831804142
test-84216,0.09050078996163637
test-84217,0.010996192163117187
test-84218,0.010878090705098023
test-84219,0.21183660541611135
test-8422,0.02167005304232871
test-84220,0.128905516917216
test-84221,0.021133674546131635
test-84222,0.17182159233825806
test-84223,0.12758786262445412
test-84224,0.05400256287771402
test-84225,0.06803412447426488
test-84226,0.026402521129551798
test-84227,0.08884743158153059
test-84228,0.007853114073301878
test-84229,0.011061180659624798
test-8423,0.08685312191020479
test-84230,0.0269702318212311
test-84231,0.2553261265461962
test-84232,0.0163339832316777
test-84233,0.07342344921909728
test-84234,0.06769089613322582
test-84235,0.021168903045602372
test-84236,0.02439711505097198
test-84237,0.07996334283829358
test-84238,0.024941916326363472
test-84239,0.008367675566287766
test-8424,0.24852875217868367
test-84240,0.01503149264307774
test-84241,0.01996477244152207
test-84242,0.008029326362355045
test-84243,0.016419741385109786
test-84244,0.0667617332128144
test-84245,0.01471299578659438
test-84246,0.038593876335952175
test-84247,0.01874702728721902
test-84248,0.06390585972311909
test-84249,0.017834342540233247
test-8425,0.0669392073111586
test-84250,0.03316997794550573
test-84251,0.02740253533281677
test-84252,0.09244228502253295
test-84253,0.186322007404009
test-84254,0.023805724435459474
test-84255,0.010498485455922794
test-84256,0.06803412447426488
test-84257,0.1949942119219428
test-84258,0.0067432236293408065
test-84259,0.01416936181053223
test-8426,0.012472224169941261
test-84260,0.16558275990497262
test-84261,0.02519674090743391
test-84262,0.011410021472004246
test-84263,0.034462792400414846
test-84264,0.028906233881294794
test-84265,0.11358322195852394
test-84266,0.02869652639209735
test-84267,0.07746682576816535
test-84268,0.07570544771894107
test-84269,0.21267783454535305
test-8427,0.026814461776245805
test-84270,0.10993642204800927
test-84271,0.010591724489278139
test-84272,0.15903437343192448
test-84273,0.008940824532284513
test-84274,0.010663423301942157
test-84275,0.009644095471519582
test-84276,0.12176935891898148
test-84277,0.015091907869000068
test-84278,0.011885182179893749
test-84279,0.02326221886671233
test-8428,0.17527146102638022
test-84280,0.1074921885344324
test-84281,0.025904930517567978
test-84282,0.010143257771975183
test-84283,0.018076335002029938
test-84284,0.24491839764533396
test-84285,0.015258389464753865
test-84286,0.01642298927446467
test-84287,0.08223371600103453
test-84288,0.00962109095991065
test-84289,0.026779775694564134
test-8429,0.2187144305939802
test-84290,0.14811326198206934
test-84291,0.02225605651232841
test-84292,0.0565726432176599
test-84293,0.05298341584235033
test-84294,0.02335124238089912
test-84295,0.11317119291200385
test-84296,0.007954314128910565
test-84297,0.10534359160947192
test-84298,0.13584648180255504
test-84299,0.024522262001699956
test-843,0.09213139529886588
test-8430,0.12143263438525861
test-84300,0.024790623866100838
test-84301,0.016701863153058473
test-84302,0.07896917855603469
test-84303,0.25099877445257923
test-84304,0.07973965277242508
test-84305,0.011091676564266628
test-84306,0.02088249975054252
test-84307,0.03897666591629338
test-84308,0.03300793202466334
test-84309,0.2146944748382324
test-8431,0.10212248311140598
test-84310,0.0689911106684602
test-84311,0.009779470785751128
test-84312,0.022917847658513353
test-84313,0.07456867022909061
test-84314,0.04455879549956729
test-84315,0.0669392073111586
test-84316,0.018368208641024574
test-84317,0.15703266792761142
test-84318,0.02874157781611735
test-84319,0.040695030576269844
test-8432,0.04341107659311707
test-84320,0.2616109102335416
test-84321,0.01737832710922188
test-84322,0.00880169312534952
test-84323,0.010388175361388426
test-84324,0.02639668985387764
test-84325,0.016596345816381374
test-84326,0.07984600052248031
test-84327,0.05400256287771402
test-84328,0.11942276000080296
test-84329,0.01985059822857993
test-8433,0.23838753015018818
test-84330,0.05747903744803935
test-84331,0.017986793963294802
test-84332,0.019457034663000777
test-84333,0.1090308161721525
test-84334,0.014257050119802854
test-84335,0.021444615924330338
test-84336,0.20972837198370634
test-84337,0.24937241371159052
test-84338,0.0265737520655486
test-84339,0.00963481058457427
test-8434,0.061065037950393336
test-84340,0.024854956409213886
test-84341,0.032608955817655466
test-84342,0.037486638302877136
test-84343,0.009764108603502188
test-84344,0.0171385241352779
test-84345,0.13249694600526865
test-84346,0.01456798924451902
test-84347,0.02884551173762858
test-84348,0.092156808582486
test-84349,0.009501418558876843
test-8435,0.19635420543061544
test-84350,0.1265202227223346
test-84351,0.019421102437943566
test-84352,0.1502306319585916
test-84353,0.01400555008893579
test-84354,0.02099123196661146
test-84355,0.04387446415886957
test-84356,0.014092345043772363
test-84357,0.03711634600553463
test-84358,0.011028795418350968
test-84359,0.01454473834414496
test-8436,0.0107362836388525
test-84360,0.15795178963336792
test-84361,0.09195242851806437
test-84362,0.12413421041956323
test-84363,0.012200124603219857
test-84364,0.025333152621176587
test-84365,0.32513567085327744
test-84366,0.028336051054256836
test-84367,0.0174016335534161
test-84368,0.018771135681529497
test-84369,0.016302070805772055
test-8437,0.13626765445214217
test-84370,0.05962823018785515
test-84371,0.04620680445722303
test-84372,0.013136347688721812
test-84373,0.009071822177896698
test-84374,0.24140651190977508
test-84375,0.013102429018510749
test-84376,0.0148202088670645
test-84377,0.1896988440458224
test-84378,0.1609922298042504
test-84379,0.013186835359373752
test-8438,0.02768159894748205
test-84380,0.14721227490892283
test-84381,0.02243067367129903
test-84382,0.0117237394021366
test-84383,0.037643142668510224
test-84384,0.021323810157429905
test-84385,0.07635816903459086
test-84386,0.02324792024093774
test-84387,0.008149002485368602
test-84388,0.013131820067274274
test-84389,0.008075818636579244
test-8439,0.09787796055403811
test-84390,0.2574368944851219
test-84391,0.028575708983458337
test-84392,0.014008075504383237
test-84393,0.1513653240704752
test-84394,0.03644149371618038
test-84395,0.019252857530922804
test-84396,0.03517554983071838
test-84397,0.014639547795696923
test-84398,0.14077520774985466
test-84399,0.12315452752173307
test-844,0.030133382673597477
test-8440,0.018629459095004523
test-84400,0.014496213593010869
test-84401,0.020290407146500912
test-84402,0.011584018576897354
test-84403,0.04668480447131463
test-84404,0.0105448410564779
test-84405,0.07107987324932444
test-84406,0.009731475433386696
test-84407,0.12706716464573875
test-84408,0.017436406495434122
test-84409,0.04691836229725735
test-8441,0.07108492692254527
test-84410,0.09997767964525087
test-84411,0.2185677099654282
test-84412,0.015392476075661334
test-84413,0.00879925604994603
test-84414,0.07364979345628925
test-84415,0.010663423301942157
test-84416,0.013836185479583606
test-84417,0.02183744321170635
test-84418,0.04953195545590176
test-84419,0.20663322167370357
test-8442,0.008804893290945191
test-84420,0.009290085696182473
test-84421,0.07382005570899727
test-84422,0.027887954763242993
test-84423,0.17328161854831617
test-84424,0.010246308351784411
test-84425,0.026585757840571697
test-84426,0.05842459831903264
test-84427,0.052587175427313934
test-84428,0.08408729985350075
test-84429,0.012074620407915468
test-8443,0.10447892341335402
test-84430,0.049335210913054345
test-84431,0.022238135009619766
test-84432,0.2231906995932343
test-84433,0.006713871965944678
test-84434,0.008136167440325776
test-84435,0.3970141567550372
test-84436,0.007590240423586719
test-84437,0.1394463013726253
test-84438,0.01867688099794753
test-84439,0.017905498446497508
test-8444,0.12324519746279307
test-84440,0.013330287780056635
test-84441,0.022850838659442672
test-84442,0.030162510632415707
test-84443,0.013587179186827664
test-84444,0.01487958540261633
test-84445,0.10028164127868462
test-84446,0.013122004901560938
test-84447,0.10488782583202624
test-84448,0.033496605638422834
test-84449,0.029929044446866847
test-8445,0.013651076183243025
test-84450,0.0669392073111586
test-84451,0.01153013376187161
test-84452,0.0526892374520386
test-84453,0.15118164193867828
test-84454,0.026786802883327788
test-84455,0.019027674301522208
test-84456,0.1463584488580064
test-84457,0.037154235521010395
test-84458,0.16353366223732635
test-84459,0.014540154873623373
test-8446,0.30902669917001296
test-84460,0.032329542655401285
test-84461,0.009714916241873253
test-84462,0.01614848536816466
test-84463,0.009644095471519582
test-84464,0.0077138317163136716
test-84465,0.05487776745599645
test-84466,0.009384908126861853
test-84467,0.3159629819726728
test-84468,0.024175577488036667
test-84469,0.14045666954397498
test-8447,0.011293515643241957
test-84470,0.013536558780824316
test-84471,0.1917790076517364
test-84472,0.06769227346933265
test-84473,0.010737051608793837
test-84474,0.24038040825725593
test-84475,0.019837740351841396
test-84476,0.014998950325453238
test-84477,0.007329494051783888
test-84478,0.027026813964718722
test-84479,0.007213679693470659
test-8448,0.03826345906634283
test-84480,0.0172516846453715
test-84481,0.12512442239357935
test-84482,0.08035226909004813
test-84483,0.13248048281009198
test-84484,0.0047972262518038745
test-84485,0.03134345039740937
test-84486,0.013729582427212011
test-84487,0.22310913071342248
test-84488,0.027954615967535144
test-84489,0.24524490890282866
test-8449,0.3596877561363355
test-84490,0.013656842795563262
test-84491,0.027008100373312516
test-84492,0.1652572321825254
test-84493,0.013536410101561452
test-84494,0.1145562784460311
test-84495,0.0474769871408345
test-84496,0.013263866874684336
test-84497,0.031863422523181084
test-84498,0.007785501302675856
test-84499,0.02129977139757701
test-845,0.020221850721717657
test-8450,0.022256246680075028
test-84500,0.09673533330374554
test-84501,0.0669392073111586
test-84502,0.14783581306512428
test-84503,0.022539591066636142
test-84504,0.09435854111353265
test-84505,0.012061416227613917
test-84506,0.030736004877667446
test-84507,0.02378537642867159
test-84508,0.32933700236459734
test-84509,0.03329162858335588
test-8451,0.008983512513397404
test-84510,0.021418160202072288
test-84511,0.009358498646211121
test-84512,0.08227449316788707
test-84513,0.037890522499847125
test-84514,0.013529809543921939
test-84515,0.009919653568815225
test-84516,0.2668930614267642
test-84517,0.012787959833810928
test-84518,0.03976987329407303
test-84519,0.030790107237896353
test-8452,0.011649793026495192
test-84520,0.011072094359514197
test-84521,0.3203868204994877
test-84522,0.060043949574730006
test-84523,0.017143564815417636
test-84524,0.1540980392846813
test-84525,0.020120318976872043
test-84526,0.019511129130500432
test-84527,0.06812958358125455
test-84528,0.05400256287771402
test-84529,0.017224848458168393
test-8453,0.029254601910633577
test-84530,0.009458232793080985
test-84531,0.2915453374490709
test-84532,0.020862358117050315
test-84533,0.016160909900064323
test-84534,0.02061349538904076
test-84535,0.00748807375821315
test-84536,0.011030138218203044
test-84537,0.02455214712729118
test-84538,0.16691610027124507
test-84539,0.016882284789453188
test-8454,0.10126746963568684
test-84540,0.03609894199541984
test-84541,0.011987323905551803
test-84542,0.025943464702768797
test-84543,0.019524074136628735
test-84544,0.1764393401067182
test-84545,0.017296913140333416
test-84546,0.22656816660684911
test-84547,0.22343474523229503
test-84548,0.011191495011995659
test-84549,0.025091676141436568
test-8455,0.09616451178589978
test-84550,0.02282161354287864
test-84551,0.013416909926270922
test-84552,0.1852478130225231
test-84553,0.015140996031007437
test-84554,0.020446234033832653
test-84555,0.02113510246986947
test-84556,0.08003083037374147
test-84557,0.019494095274232074
test-84558,0.01698572524866384
test-84559,0.04973803027372902
test-8456,0.011095285175616877
test-84560,0.026372372374516787
test-84561,0.01395859110368722
test-84562,0.05712599954737449
test-84563,0.06377751740388228
test-84564,0.10980155235266695
test-84565,0.03725615283071223
test-84566,0.14419229028096836
test-84567,0.025686794176714472
test-84568,0.01804811351721556
test-84569,0.03400550571114916
test-8457,0.1853010033390254
test-84570,0.13584648180255504
test-84571,0.04894119783446361
test-84572,0.009849473995068738
test-84573,0.04436925249107653
test-84574,0.005555744929868346
test-84575,0.03341847573915413
test-84576,0.016182573046227677
test-84577,0.031751049529724976
test-84578,0.017850957032059748
test-84579,0.02433341757532548
test-8458,0.01195029983783485
test-84580,0.013280375592136516
test-84581,0.008437173937249968
test-84582,0.0950288320343951
test-84583,0.0463494129997686
test-84584,0.014390477085816452
test-84585,0.014600619165259609
test-84586,0.05003697088968722
test-84587,0.052493584627850996
test-84588,0.0212378752932215
test-84589,0.020815586415641043
test-8459,0.09787796055403811
test-84590,0.026093784185818546
test-84591,0.1864712672084707
test-84592,0.013216251341912415
test-84593,0.014654878378785189
test-84594,0.01468817449864643
test-84595,0.014330372610972532
test-84596,0.010296746762060695
test-84597,0.03957797408190487
test-84598,0.012711762604373237
test-84599,0.07557612396179983
test-846,0.18645245010037784
test-8460,0.006865819817244149
test-84600,0.20059641550846677
test-84601,0.07984600052248031
test-84602,0.016086495115383435
test-84603,0.07512180394517347
test-84604,0.0495891421803924
test-84605,0.05795125988310584
test-84606,0.13677235331463847
test-84607,0.015383800655494136
test-84608,0.23806582486367933
test-84609,0.011803246860551822
test-8461,0.01905678263885777
test-84610,0.028625961367440247
test-84611,0.013750835097830537
test-84612,0.012898327825379101
test-84613,0.01674274591711397
test-84614,0.01618119894584407
test-84615,0.015461316887800794
test-84616,0.02669190366696835
test-84617,0.03980993797373284
test-84618,0.13729093934240627
test-84619,0.01611093954665897
test-8462,0.1144593136138608
test-84620,0.1913028653955998
test-84621,0.017276232521300585
test-84622,0.018062470802128
test-84623,0.22566128912408315
test-84624,0.03729299613616474
test-84625,0.013015335209671184
test-84626,0.1857262571043449
test-84627,0.035258351489249176
test-84628,0.21660526290174148
test-84629,0.10812230317096443
test-8463,0.036868579325916126
test-84630,0.028883789892391973
test-84631,0.19301021021016376
test-84632,0.030018899343782587
test-84633,0.012987343416349707
test-84634,0.028643296657123524
test-84635,0.010745448128978348
test-84636,0.01454473834414496
test-84637,0.024659574863120454
test-84638,0.015499451200918276
test-84639,0.09859063815889021
test-8464,0.019206257934197453
test-84640,0.01619704905987679
test-84641,0.0142260816708141
test-84642,0.010708656683550727
test-84643,0.014448990240790775
test-84644,0.044689260717378713
test-84645,0.010210355472142826
test-84646,0.020683026069022125
test-84647,0.02747919255533214
test-84648,0.016422591934698864
test-84649,0.013351240194963952
test-8465,0.01877996721030594
test-84650,0.08349180666236238
test-84651,0.14873310476617363
test-84652,0.05208457129373567
test-84653,0.12796851635119139
test-84654,0.011673706146491767
test-84655,0.013058810697498514
test-84656,0.020060441174213683
test-84657,0.013149178624376524
test-84658,0.015427969305607789
test-84659,0.017953027065630095
test-8466,0.28658852668192814
test-84660,0.06633483005592355
test-84661,0.03419892539401007
test-84662,0.07823028229324128
test-84663,0.011933991435427161
test-84664,0.123817286149575
test-84665,0.04371739997126556
test-84666,0.02200462339135053
test-84667,0.024131585630913225
test-84668,0.16509799979261397
test-84669,0.22659995245028042
test-8467,0.21585909735685016
test-84670,0.011233246659973748
test-84671,0.03038049133242221
test-84672,0.012887080026620189
test-84673,0.04194013706618159
test-84674,0.06769227346933265
test-84675,0.19200973632438603
test-84676,0.10801449061163329
test-84677,0.05608161125235809
test-84678,0.013365317653414933
test-84679,0.02510809819538302
test-8468,0.07873248196925876
test-84680,0.11257504758730269
test-84681,0.28426156892274423
test-84682,0.20470991988795806
test-84683,0.01605528561293445
test-84684,0.2564765922591825
test-84685,0.010399108289723437
test-84686,0.09364790829494561
test-84687,0.01164566582894388
test-84688,0.2463488606723486
test-84689,0.008495098534261367
test-8469,0.03957797408190487
test-84690,0.29697651228740923
test-84691,0.10630478637252527
test-84692,0.015696972113496122
test-84693,0.15581711742861656
test-84694,0.04920388664477827
test-84695,0.011778136989335518
test-84696,0.024565623805509744
test-84697,0.014476998172198715
test-84698,0.008197600366290482
test-84699,0.0073470301235462115
test-847,0.018060713255625197
test-8470,0.046492777652778386
test-84700,0.11663490222465693
test-84701,0.008581239748569587
test-84702,0.01792920211714476
test-84703,0.015317646269755927
test-84704,0.019236044730594048
test-84705,0.030282596372868138
test-84706,0.021735856574518996
test-84707,0.0669392073111586
test-84708,0.011673706146491767
test-84709,0.031600819092087666
test-8471,0.055874069678319045
test-84710,0.053646075350798565
test-84711,0.013017286640454179
test-84712,0.07682048530835146
test-84713,0.016440301527120803
test-84714,0.017369045174461823
test-84715,0.014130474721428928
test-84716,0.0696247358305532
test-84717,0.0287538428281943
test-84718,0.013987642086693217
test-84719,0.017818235152209136
test-8472,0.10935938855387642
test-84720,0.023365772919033252
test-84721,0.20757573534864682
test-84722,0.0282569362081705
test-84723,0.07382005570899727
test-84724,0.017046828542689865
test-84725,0.16957400026183986
test-84726,0.01174025256470644
test-84727,0.018758853111406255
test-84728,0.011527348795270438
test-84729,0.04436925249107653
test-8473,0.012087869383330596
test-84730,0.019582998102599315
test-84731,0.16695447271917302
test-84732,0.007822880575768468
test-84733,0.01595785140581346
test-84734,0.021561241512819435
test-84735,0.015562126834082644
test-84736,0.02477575064051919
test-84737,0.06769227346933265
test-84738,0.021013353144719287
test-84739,0.07321148603617267
test-8474,0.0790425367054724
test-84740,0.02537517459643332
test-84741,0.01954435299470712
test-84742,0.024340100889131126
test-84743,0.012551324925280372
test-84744,0.010474097083787215
test-84745,0.05601403621369602
test-84746,0.026623672457927298
test-84747,0.029952567162603888
test-84748,0.029771683353542987
test-84749,0.011385186335865567
test-8475,0.09952376944541427
test-84750,0.06987098993021709
test-84751,0.006763697720883649
test-84752,0.3177209780356649
test-84753,0.011926682980426389
test-84754,0.07287513663214307
test-84755,0.008871649984298213
test-84756,0.0072429390726574845
test-84757,0.01634436068830537
test-84758,0.01012496855979327
test-84759,0.14359354859505727
test-8476,0.30783487243227164
test-84760,0.014208926637773551
test-84761,0.021899715310988575
test-84762,0.027219490638887085
test-84763,0.026552657653005893
test-84764,0.021746913609607916
test-84765,0.05682388660566598
test-84766,0.1287085233057717
test-84767,0.18835441148240792
test-84768,0.09049690933061957
test-84769,0.014000214486899129
test-8477,0.07014673511928562
test-84770,0.015756442347490726
test-84771,0.015883157281298407
test-84772,0.020533235383096503
test-84773,0.021515876860348993
test-84774,0.011778136989335518
test-84775,0.02845627019249212
test-84776,0.04106048431419012
test-84777,0.06951716442057558
test-84778,0.0669392073111586
test-84779,0.01261443841947381
test-8478,0.19616299985938215
test-84780,0.00825747359396576
test-84781,0.015618310134681256
test-84782,0.03463686577894844
test-84783,0.013395058773372423
test-84784,0.09170354223413851
test-84785,0.05528841785742419
test-84786,0.13919012465966588
test-84787,0.021784031723357876
test-84788,0.22862492777119403
test-84789,0.12679603106877183
test-8479,0.13283804046445893
test-84790,0.23069447594610243
test-84791,0.014792189748385871
test-84792,0.01926337804665983
test-84793,0.02109569706418708
test-84794,0.015804451362063612
test-84795,0.00925803662767432
test-84796,0.05911303573927932
test-84797,0.06135818364973971
test-84798,0.056120803005934
test-84799,0.017117645544883035
test-848,0.13584648180255504
test-8480,0.20819683353990043
test-84800,0.020446234033832653
test-84801,0.15234995965739706
test-84802,0.02224043589704849
test-84803,0.009397093497874971
test-84804,0.014480572420051926
test-84805,0.012368301329074734
test-84806,0.012936434589677208
test-84807,0.047862793841712686
test-84808,0.035582111426944826
test-84809,0.010070361041422457
test-8481,0.06050601738472042
test-84810,0.07896917855603469
test-84811,0.13726071573070886
test-84812,0.09678431689973187
test-84813,0.0929984760321984
test-84814,0.1666945221037595
test-84815,0.09116330103547782
test-84816,0.14934082305948035
test-84817,0.1296501367013343
test-84818,0.015224312249784357
test-84819,0.09592817102064936
test-8482,0.02089195566222941
test-84820,0.00803938060978879
test-84821,0.04514373271677197
test-84822,0.010918335201384076
test-84823,0.020730501466260202
test-84824,0.008296276989240469
test-84825,0.017896388966115017
test-84826,0.01734055950753151
test-84827,0.01456798924451902
test-84828,0.01378462638721243
test-84829,0.18235026787997466
test-8483,0.13341891293094651
test-84830,0.07290063929419187
test-84831,0.027148040969383867
test-84832,0.03563965779772
test-84833,0.024149994659521945
test-84834,0.009643941529102664
test-84835,0.01619704905987679
test-84836,0.019511129130500432
test-84837,0.020062741988695745
test-84838,0.008149002485368602
test-84839,0.021323810157429905
test-8484,0.18171747439158362
test-84840,0.013325677631487818
test-84841,0.34897402272701794
test-84842,0.0117237394021366
test-84843,0.01681085626989673
test-84844,0.2055587651868877
test-84845,0.02041749032335476
test-84846,0.019376435312294306
test-84847,0.009945544235989269
test-84848,0.009484651824175643
test-84849,0.06120732404872771
test-8485,0.36112377675618623
test-84850,0.03763448139013755
test-84851,0.011818832719693981
test-84852,0.11968684071078611
test-84853,0.010052015532407362
test-84854,0.03150803512003868
test-84855,0.011193246741031787
test-84856,0.08771939818482093
test-84857,0.012985355730378536
test-84858,0.020741469757303017
test-84859,0.06803412447426488
test-8486,0.016160013844179366
test-84860,0.1609151766479197
test-84861,0.04997421017727214
test-84862,0.021515876860348993
test-84863,0.07782071281746397
test-84864,0.039086452581574595
test-84865,0.06222087342715298
test-84866,0.018819044980113383
test-84867,0.0280163772918112
test-84868,0.013346728289865615
test-84869,0.01728389846082881
test-8487,0.3041198437599326
test-84870,0.02302226373012659
test-84871,0.06960818370233879
test-84872,0.012118975527880837
test-84873,0.017576507669825457
test-84874,0.02372289305257482
test-84875,0.02078191143681649
test-84876,0.008920728790375324
test-84877,0.019256206737929406
test-84878,0.05174567721942822
test-84879,0.02067849477305438
test-8488,0.033429029043917396
test-84880,0.18348054979279166
test-84881,0.009374436369182884
test-84882,0.12663596937894922
test-84883,0.021086587393576172
test-84884,0.04436925249107653
test-84885,0.016354752178198904
test-84886,0.028739926783823696
test-84887,0.012803290350664956
test-84888,0.03451052847184725
test-84889,0.07234607102102213
test-8489,0.10842389337051193
test-84890,0.06980830189606753
test-84891,0.018628539040674744
test-84892,0.017914554386459593
test-84893,0.02249715581872667
test-84894,0.12150800406991046
test-84895,0.198189735839179
test-84896,0.11499578303811298
test-84897,0.05950017199337657
test-84898,0.007670107894692098
test-84899,0.01252864355599728
test-849,0.11543498080582862
test-8490,0.19139932891740202
test-84900,0.024169302691257118
test-84901,0.12750083480216265
test-84902,0.02922227053508576
test-84903,0.10720468853481153
test-84904,0.011996300655044008
test-84905,0.0241092739360932
test-84906,0.11640231571006414
test-84907,0.020134588119073985
test-84908,0.2303835105438987
test-84909,0.1731627121868327
test-8491,0.04415890399536597
test-84910,0.031863422523181084
test-84911,0.11779974236106966
test-84912,0.008199218497079946
test-84913,0.008029326362355045
test-84914,0.013198189082730504
test-84915,0.20062159814068634
test-84916,0.02294241444362735
test-84917,0.04144498026902894
test-84918,0.07304587302539835
test-84919,0.04301208359899352
test-8492,0.021700944982932895
test-84920,0.005428908049227468
test-84921,0.08676426786931425
test-84922,0.07754945724470587
test-84923,0.11196097796800923
test-84924,0.03517554983071838
test-84925,0.03639092270422613
test-84926,0.01041985318047094
test-84927,0.020184049019556536
test-84928,0.011234613790357312
test-84929,0.021585139472016936
test-8493,0.1591987570266657
test-84930,0.03268804491307438
test-84931,0.026531828125336433
test-84932,0.18528945205323707
test-84933,0.06854068642831915
test-84934,0.03030032868580819
test-84935,0.0292325440837723
test-84936,0.020500709983238937
test-84937,0.009538998399251233
test-84938,0.05400256287771402
test-84939,0.1562590802284494
test-8494,0.02561608386392067
test-84940,0.0992906015203499
test-84941,0.05907658468871531
test-84942,0.009559897946185529
test-84943,0.15007271313624337
test-84944,0.0707119985986715
test-84945,0.36531176912005614
test-84946,0.03005149987488102
test-84947,0.018796250081769536
test-84948,0.019575231668594963
test-84949,0.09016505593607224
test-8495,0.020471609726470746
test-84950,0.03178980651723136
test-84951,0.0077635744193996275
test-84952,0.013706145090517131
test-84953,0.020672166355810026
test-84954,0.012188035328161002
test-84955,0.006428356298674387
test-84956,0.02608729206569439
test-84957,0.01619704905987679
test-84958,0.008662941263594287
test-84959,0.03415489310739263
test-8496,0.011052531641681048
test-84960,0.015990465751991603
test-84961,0.054434529027872644
test-84962,0.011208056652621264
test-84963,0.14017212228808493
test-84964,0.03544080451276304
test-84965,0.020831674597101373
test-84966,0.005640054196235933
test-84967,0.061577899304617906
test-84968,0.014870520338616348
test-84969,0.07114166526577108
test-8497,0.33332946465755364
test-84970,0.3390530174250527
test-84971,0.023140774932238786
test-84972,0.1925855253144708
test-84973,0.07896917855603469
test-84974,0.027573172893225712
test-84975,0.22932668412970975
test-84976,0.10098314806114429
test-84977,0.10909661153681909
test-84978,0.013989838703621487
test-84979,0.009072363384940435
test-8498,0.048894594831901464
test-84980,0.0179922235944473
test-84981,0.01610587675896649
test-84982,0.010822435501440391
test-84983,0.01754899910155217
test-84984,0.02404502142483935
test-84985,0.007131971034984316
test-84986,0.010143257771975183
test-84987,0.07799433853261355
test-84988,0.10172212829984394
test-84989,0.016938367730130778
test-8499,0.12423474233789948
test-84990,0.010388978101442018
test-84991,0.20418473994107822
test-84992,0.010639497346043726
test-84993,0.008343824447299824
test-84994,0.16908429094002803
test-84995,0.11543498080582862
test-84996,0.02164222941875328
test-84997,0.04185995938662752
test-84998,0.20618209125151504
test-84999,0.13919012465966588
test-85,0.12819412947753134
test-850,0.028355277098593538
test-8500,0.01876823786726235
test-85000,0.048630228950635776
test-85001,0.043604460586367466
test-85002,0.017402923125412428
test-85003,0.022193962283723247
test-85004,0.12944892012576575
test-85005,0.009026342189933277
test-85006,0.014767382027840231
test-85007,0.315107226151039
test-85008,0.1599602505319565
test-85009,0.032359330049775835
test-8501,0.034391776977788766
test-85010,0.017473886529025595
test-85011,0.03263256366981311
test-85012,0.034479997223566254
test-85013,0.02897393377420685
test-85014,0.009919653568815225
test-85015,0.01613631306018311
test-85016,0.04252105837468247
test-85017,0.02117024420886851
test-85018,0.0256235904103566
test-85019,0.013445354990824885
test-8502,0.08091840458510943
test-85020,0.01222656523135426
test-85021,0.14339612261291299
test-85022,0.012433000961519265
test-85023,0.0307956036012542
test-85024,0.0689691897375089
test-85025,0.08393165899755733
test-85026,0.02175358520823412
test-85027,0.0707119985986715
test-85028,0.026355638415697283
test-85029,0.02142275787352187
test-8503,0.032378659605434186
test-85030,0.009672986816219831
test-85031,0.06744932733409945
test-85032,0.059501922873155644
test-85033,0.042817480290909024
test-85034,0.024741748490827283
test-85035,0.022627812528378248
test-85036,0.06108085344638038
test-85037,0.07706884845791728
test-85038,0.008426453780824369
test-85039,0.1360879776402727
test-8504,0.23155232753221158
test-85040,0.017303209194273885
test-85041,0.012741686232678835
test-85042,0.05131871021778457
test-85043,0.014767382027840231
test-85044,0.06259100480523434
test-85045,0.1937479403564187
test-85046,0.0514273902412857
test-85047,0.009446872536829147
test-85048,0.06732727988949203
test-85049,0.03649963392895122
test-8505,0.0588489759348733
test-85050,0.3616513572889777
test-85051,0.04506071802642488
test-85052,0.12073632943163878
test-85053,0.13844485831116107
test-85054,0.17600422356916778
test-85055,0.018841107114897244
test-85056,0.24806566149267603
test-85057,0.0171412131157425
test-85058,0.008307092988853421
test-85059,0.25617523701832695
test-8506,0.040036434232552064
test-85060,0.22150071563537105
test-85061,0.1841123432698571
test-85062,0.016865263485454165
test-85063,0.09905174587804415
test-85064,0.01395593935710417
test-85065,0.1972677119891174
test-85066,0.024081461169303348
test-85067,0.020009907906181398
test-85068,0.028375970961988104
test-85069,0.019828277784809414
test-8507,0.33605751195913636
test-85070,0.02197259144083672
test-85071,0.04212549691112616
test-85072,0.00848390841339102
test-85073,0.008920728790375324
test-85074,0.023218272922173117
test-85075,0.05339307069340168
test-85076,0.03262413693744255
test-85077,0.18351711550449093
test-85078,0.02247169137191558
test-85079,0.12796851635119139
test-8508,0.12184119188959754
test-85080,0.01611093954665897
test-85081,0.03236582450340329
test-85082,0.017759020963952623
test-85083,0.02076556259029645
test-85084,0.12756464018589395
test-85085,0.024926435192962348
test-85086,0.0173761038898696
test-85087,0.12819412947753134
test-85088,0.041994584683696344
test-85089,0.15080586339390317
test-8509,0.010833324899009298
test-85090,0.20611309462783592
test-85091,0.013185480505559113
test-85092,0.012893516976818044
test-85093,0.10932799104311705
test-85094,0.1898071435457082
test-85095,0.2704117284492302
test-85096,0.019005111624465512
test-85097,0.0071238180942800305
test-85098,0.05400256287771402
test-85099,0.01961301915169237
test-851,0.07669794422303627
test-8510,0.05225994372292614
test-85100,0.034875457747988434
test-85101,0.00986692341770471
test-85102,0.15753664755138366
test-85103,0.04602675104607365
test-85104,0.023834978195809726
test-85105,0.04288935294060568
test-85106,0.013841339434781873
test-85107,0.12386492958472717
test-85108,0.03957797408190487
test-85109,0.056125096787778994
test-8511,0.11147279110966185
test-85110,0.1098040878393745
test-85111,0.03776760027956058
test-85112,0.02039076771974121
test-85113,0.26246885234959105
test-85114,0.019282984525144174
test-85115,0.020413716510908973
test-85116,0.03568253280045156
test-85117,0.030655619825893116
test-85118,0.013445354990824885
test-85119,0.11841999293213384
test-8512,0.2175332363630696
test-85120,0.028530283488646887
test-85121,0.07368970802550642
test-85122,0.019141850635060575
test-85123,0.013453176760578
test-85124,0.12707810164158456
test-85125,0.08049301952342162
test-85126,0.01081232409080791
test-85127,0.022985422952205955
test-85128,0.008320662424961694
test-85129,0.012300702005935756
test-8513,0.1585107155682454
test-85130,0.011413886321069105
test-85131,0.038353328967535114
test-85132,0.04131020949452973
test-85133,0.17019130487067563
test-85134,0.05834048126114835
test-85135,0.022906829254789998
test-85136,0.11891478736413588
test-85137,0.03339141376537744
test-85138,0.009264311301416556
test-85139,0.02403195514080644
test-8514,0.014305622870085024
test-85140,0.2885732476737947
test-85141,0.1704723417278376
test-85142,0.010155831865304566
test-85143,0.016104912334012834
test-85144,0.02102836935412256
test-85145,0.011415217152722196
test-85146,0.01617223722163442
test-85147,0.02790333905462896
test-85148,0.024457609820654785
test-85149,0.028417036120770584
test-8515,0.015439078429926709
test-85150,0.047436186506672834
test-85151,0.0299073815835656
test-85152,0.2047556885018746
test-85153,0.03421632186553034
test-85154,0.01744824623516555
test-85155,0.024964279989984874
test-85156,0.010716948631754217
test-85157,0.0106467881530908
test-85158,0.13513861898426763
test-85159,0.0148203995430191
test-8516,0.01063950620184387
test-85160,0.010962274824855468
test-85161,0.13837518863515622
test-85162,0.02724655994408076
test-85163,0.21678051228638473
test-85164,0.029938427210117434
test-85165,0.07896917855603469
test-85166,0.0669392073111586
test-85167,0.015310690971455262
test-85168,0.010529936297265672
test-85169,0.025343908034641514
test-8517,0.0067709023306225
test-85170,0.012188035328161002
test-85171,0.01622004802877895
test-85172,0.00887401265246504
test-85173,0.09159562491263976
test-85174,0.04427203175177289
test-85175,0.1688045430639582
test-85176,0.009298728048323308
test-85177,0.03201849066714393
test-85178,0.01612323151695285
test-85179,0.028288215439958114
test-8518,0.013667568722434416
test-85180,0.020225279408882583
test-85181,0.02341522537236574
test-85182,0.02053804566061275
test-85183,0.12660352943904724
test-85184,0.06999734265337015
test-85185,0.01928847357097102
test-85186,0.08445379704207419
test-85187,0.029526749050089268
test-85188,0.019242261890754786
test-85189,0.02121325031667694
test-8519,0.3562028609291261
test-85190,0.25435795073809536
test-85191,0.06613128233036399
test-85192,0.03673106349058345
test-85193,0.010219005593030841
test-85194,0.02136531761251596
test-85195,0.01074635737178932
test-85196,0.18080783060055405
test-85197,0.02796399542647588
test-85198,0.09222680861918976
test-85199,0.02788997005574948
test-852,0.03307659079625054
test-8520,0.034590924809452174
test-85200,0.017905498446497508
test-85201,0.011196794005503902
test-85202,0.1647708309474553
test-85203,0.11378069649606996
test-85204,0.022919235420054165
test-85205,0.025765934805450193
test-85206,0.06281239881212093
test-85207,0.15241719738019402
test-85208,0.00923723455299151
test-85209,0.01767268901022478
test-8521,0.04049860151896432
test-85210,0.0669392073111586
test-85211,0.009529886591518155
test-85212,0.04983539439546134
test-85213,0.20098596277440103
test-85214,0.01734537077736678
test-85215,0.024662591006778437
test-85216,0.05563532327049697
test-85217,0.037486638302877136
test-85218,0.021417229098415112
test-85219,0.015599645633378715
test-8522,0.08675363767260945
test-85220,0.01659890716419432
test-85221,0.012750078353881809
test-85222,0.019740540617525882
test-85223,0.010902547293854441
test-85224,0.02248095709961805
test-85225,0.013661636577303285
test-85226,0.02766607052424777
test-85227,0.022669514749776208
test-85228,0.016861206490338006
test-85229,0.31714230162400636
test-8523,0.31152453901339056
test-85230,0.010804771808769527
test-85231,0.012392501869175392
test-85232,0.03620997977494591
test-85233,0.017783542001775836
test-85234,0.02403168801781399
test-85235,0.011513079819122066
test-85236,0.01973721119901438
test-85237,0.02840424904869861
test-85238,0.09163490494348144
test-85239,0.02698077424310034
test-8524,0.02910687842320199
test-85240,0.019828277784809414
test-85241,0.030884306730479944
test-85242,0.017197722736985867
test-85243,0.0322560369895652
test-85244,0.10834304420789315
test-85245,0.08003083037374147
test-85246,0.014053262326845834
test-85247,0.04815177625486287
test-85248,0.007567365856305685
test-85249,0.07832400184195562
test-8525,0.04252105837468247
test-85250,0.021566588984994268
test-85251,0.03763846002177265
test-85252,0.012784001229000197
test-85253,0.011529158977073187
test-85254,0.04166971932024224
test-85255,0.11121171236019778
test-85256,0.009264654311468314
test-85257,0.03763448139013755
test-85258,0.06234485318160245
test-85259,0.01774134411732555
test-8526,0.1422071244109926
test-85260,0.12756464018589395
test-85261,0.028091475470488524
test-85262,0.021462349649532367
test-85263,0.026034673898786644
test-85264,0.29338800458021236
test-85265,0.035099849483450726
test-85266,0.010011671291643792
test-85267,0.009154938317533024
test-85268,0.021936630997613137
test-85269,0.011615086649975527
test-8527,0.032466138739881634
test-85270,0.21657192758259014
test-85271,0.1721940510776106
test-85272,0.01618119894584407
test-85273,0.021498919463510263
test-85274,0.008669423564269025
test-85275,0.016385779373648504
test-85276,0.02121036112881505
test-85277,0.14866494782501558
test-85278,0.04054458931341248
test-85279,0.010518515789053254
test-8528,0.013315878570840677
test-85280,0.019496344382967563
test-85281,0.0760751796203727
test-85282,0.264404559257958
test-85283,0.0638108800844387
test-85284,0.007423432867149989
test-85285,0.020382767303624528
test-85286,0.11506051707942634
test-85287,0.08863330947361119
test-85288,0.06784086222166727
test-85289,0.019704714429966873
test-8529,0.07187596312112152
test-85290,0.04975643973104691
test-85291,0.01479045904874158
test-85292,0.0785928063009505
test-85293,0.009535333138712071
test-85294,0.06613128233036399
test-85295,0.03650554000522994
test-85296,0.011030138218203044
test-85297,0.16119046022295735
test-85298,0.013050118519460115
test-85299,0.05435497126164174
test-853,0.1508126009690024
test-8530,0.037658600636406254
test-85300,0.020005313973332692
test-85301,0.02907831268546051
test-85302,0.008446781035898321
test-85303,0.009145249870395044
test-85304,0.14836699348012886
test-85305,0.02341876931221342
test-85306,0.010457999697545385
test-85307,0.02189360514640424
test-85308,0.020184049019556536
test-85309,0.023952381223692424
test-8531,0.05339307069340168
test-85310,0.01705787875393067
test-85311,0.013341458467498775
test-85312,0.034672544860906186
test-85313,0.029188912204367985
test-85314,0.009019432199058054
test-85315,0.12444393018525889
test-85316,0.10720672696359651
test-85317,0.02326887139531817
test-85318,0.04992602504619911
test-85319,0.02358836363384605
test-8532,0.013231678743900462
test-85320,0.034444208557155145
test-85321,0.0242053556113079
test-85322,0.17841468096194515
test-85323,0.022096208074724854
test-85324,0.12657410369234104
test-85325,0.018628539040674744
test-85326,0.06402129276234815
test-85327,0.009880228636556273
test-85328,0.014425700151789652
test-85329,0.014324788585586517
test-8533,0.05696209395202092
test-85330,0.05456147867669246
test-85331,0.008367675566287766
test-85332,0.0902422755812636
test-85333,0.01093898052977481
test-85334,0.08788040480605137
test-85335,0.014138163563181486
test-85336,0.034638835383964166
test-85337,0.016020819224262264
test-85338,0.06462716434972537
test-85339,0.03914530948665621
test-8534,0.022836602598947157
test-85340,0.017865596459037417
test-85341,0.03388858243739365
test-85342,0.016662399668128026
test-85343,0.019716708348280317
test-85344,0.007584557525177105
test-85345,0.03486415065020565
test-85346,0.03688892664497909
test-85347,0.0338400276542044
test-85348,0.12033639066598643
test-85349,0.01785068018513187
test-8535,0.10843065958498536
test-85350,0.02710416574322473
test-85351,0.014953223371684234
test-85352,0.020023374681493067
test-85353,0.026498570386607627
test-85354,0.02389646000637869
test-85355,0.011082051018715226
test-85356,0.02869652639209735
test-85357,0.025810093210962958
test-85358,0.05234137543970068
test-85359,0.010495418056502864
test-8536,0.012572665905477549
test-85360,0.028080408580459893
test-85361,0.037638963005487976
test-85362,0.037882504858256984
test-85363,0.011354683136722093
test-85364,0.020367066087855774
test-85365,0.03714988897915884
test-85366,0.013413849593222216
test-85367,0.06896724316723704
test-85368,0.07896917855603469
test-85369,0.01626249899501507
test-8537,0.16695447271917302
test-85370,0.0295731697614582
test-85371,0.03653892220345127
test-85372,0.018364256421671186
test-85373,0.01967023421433581
test-85374,0.07765548192385864
test-85375,0.37680816009757917
test-85376,0.03427747901925157
test-85377,0.015921907898062318
test-85378,0.01051369381449034
test-85379,0.1758084497847594
test-8538,0.19829554136274313
test-85380,0.17457488862757475
test-85381,0.01667627631501256
test-85382,0.025830275935164286
test-85383,0.055149084760072506
test-85384,0.008321276698211005
test-85385,0.11094171495979958
test-85386,0.22863991145109597
test-85387,0.024730812556097395
test-85388,0.014794358848747894
test-85389,0.012479047906594066
test-8539,0.14836514852659072
test-85390,0.023141930339501644
test-85391,0.023504699031333474
test-85392,0.008029326362355045
test-85393,0.0186792526413361
test-85394,0.029464430150035102
test-85395,0.008757207751001939
test-85396,0.015195785039350422
test-85397,0.016247822188639773
test-85398,0.08539845892713605
test-85399,0.021726744220273358
test-854,0.2640580985112414
test-8540,0.1735938007093013
test-85400,0.12663596937894922
test-85401,0.01074635737178932
test-85402,0.025557467738463034
test-85403,0.007813282232933346
test-85404,0.14441564409233926
test-85405,0.012612821337157363
test-85406,0.14413605851348468
test-85407,0.03855846351236413
test-85408,0.01875860293910227
test-85409,0.015058196778963922
test-8541,0.013512977177419361
test-85410,0.03155358373482753
test-85411,0.05400256287771402
test-85412,0.062334055961330535
test-85413,0.10550610172680264
test-85414,0.012623789213197931
test-85415,0.12280991107752987
test-85416,0.006242818523055052
test-85417,0.020687851181157867
test-85418,0.019265842604183465
test-85419,0.02713682064389846
test-8542,0.1606769991017018
test-85420,0.029402531987580485
test-85421,0.3153213978030017
test-85422,0.13731171035429612
test-85423,0.014390477085816452
test-85424,0.00833763100776219
test-85425,0.0844264613273772
test-85426,0.09002512387208733
test-85427,0.1202527314364856
test-85428,0.013647571363972098
test-85429,0.010738989347057965
test-8543,0.07851896097445257
test-85430,0.05606704918059391
test-85431,0.2802175801913022
test-85432,0.01293589182308337
test-85433,0.027444447183030542
test-85434,0.010457999697545385
test-85435,0.2622984374899194
test-85436,0.02846125967863738
test-85437,0.02091851777621576
test-85438,0.0669392073111586
test-85439,0.021515876860348993
test-8544,0.027471521470755177
test-85440,0.03585453222514124
test-85441,0.020159700713488948
test-85442,0.015091907869000068
test-85443,0.009351547975542168
test-85444,0.028227181196959057
test-85445,0.033030710163100746
test-85446,0.13538417052627183
test-85447,0.017236736355124
test-85448,0.05997208020020565
test-85449,0.014444811991687128
test-8545,0.009538998399251233
test-85450,0.1509674405066305
test-85451,0.0102854549816103
test-85452,0.01013190696508104
test-85453,0.02399675567269832
test-85454,0.025605078840197894
test-85455,0.008951369346629427
test-85456,0.11122602448447261
test-85457,0.049744957843033503
test-85458,0.0671089533799357
test-85459,0.020175839025803565
test-8546,0.0061475679513415555
test-85460,0.04463858832056813
test-85461,0.06586590550913479
test-85462,0.01804898020935022
test-85463,0.017808423708689212
test-85464,0.11950738844608692
test-85465,0.012059379896954355
test-85466,0.02397027866270563
test-85467,0.08916176145492859
test-85468,0.019520904775238334
test-85469,0.02129636251318481
test-8547,0.009239995598718485
test-85470,0.00909149282627384
test-85471,0.0707119985986715
test-85472,0.08890115724917734
test-85473,0.18386940339403507
test-85474,0.40129522085294306
test-85475,0.01292645366248867
test-85476,0.020886086336706022
test-85477,0.12758786262445412
test-85478,0.020184049019556536
test-85479,0.051305275223399296
test-8548,0.12369998051141073
test-85480,0.020422632471294666
test-85481,0.12522926949825527
test-85482,0.016622352651816445
test-85483,0.010883354191664134
test-85484,0.10455812139817175
test-85485,0.014426688246914003
test-85486,0.019457034663000777
test-85487,0.0256235904103566
test-85488,0.01013927995913218
test-85489,0.012691137320091087
test-8549,0.07117016339521567
test-85490,0.0156576976785392
test-85491,0.13844485831116107
test-85492,0.014373814663533477
test-85493,0.21596594821520984
test-85494,0.03185465793139559
test-85495,0.13919012465966588
test-85496,0.03018095790728517
test-85497,0.014621617186193047
test-85498,0.021510380344672356
test-85499,0.04034143482190907
test-855,0.05040805942964295
test-8550,0.007456258238104211
test-85500,0.02603801234091004
test-85501,0.01923217902667213
test-85502,0.03792901334906878
test-85503,0.011168347829595198
test-85504,0.24224919078695267
test-85505,0.13584648180255504
test-85506,0.07748398525859977
test-85507,0.01656935310278107
test-85508,0.041831202285594206
test-85509,0.06798860817540325
test-8551,0.025940268865703747
test-85510,0.25421071631224074
test-85511,0.010439931228802648
test-85512,0.07330873414547019
test-85513,0.020225279408882583
test-85514,0.051727977013066806
test-85515,0.010388978101442018
test-85516,0.01667627631501256
test-85517,0.1243594460509207
test-85518,0.10732427594393197
test-85519,0.007842477968282939
test-8552,0.01544115794313251
test-85520,0.06103479164374607
test-85521,0.024466924465794467
test-85522,0.00815028112807707
test-85523,0.016897084809181166
test-85524,0.01147819579155948
test-85525,0.02546487116531571
test-85526,0.05943899651194254
test-85527,0.026372372374516787
test-85528,0.010064676430337916
test-85529,0.06769227346933265
test-8553,0.35400945271697876
test-85530,0.13844485831116107
test-85531,0.05208457129373567
test-85532,0.0192123791428665
test-85533,0.010170642733044693
test-85534,0.026341132756667687
test-85535,0.2018486847153583
test-85536,0.02076224141748279
test-85537,0.008296844695301644
test-85538,0.024498065230378455
test-85539,0.05727419425955791
test-8554,0.1387564677932596
test-85540,0.02769677507641612
test-85541,0.021577746592835352
test-85542,0.017721911810693724
test-85543,0.015130838692982037
test-85544,0.03229031654852646
test-85545,0.01066251364764319
test-85546,0.21037200881836005
test-85547,0.15602304890209936
test-85548,0.037492057727823574
test-85549,0.040695030576269844
test-8555,0.11585766931797682
test-85550,0.2085051268960698
test-85551,0.01418369341866158
test-85552,0.007926878702658053
test-85553,0.014661993024536576
test-85554,0.09913094112218945
test-85555,0.01647870846103355
test-85556,0.02027997781207482
test-85557,0.014236250470800828
test-85558,0.01929515888868478
test-85559,0.04475351461529831
test-8556,0.057054878121838855
test-85560,0.010293197285930077
test-85561,0.059354856111864245
test-85562,0.008649932509479949
test-85563,0.19090278500460975
test-85564,0.006997142962073243
test-85565,0.11746135962379552
test-85566,0.01131118724694044
test-85567,0.020344643066298806
test-85568,0.013131820067274274
test-85569,0.15120948461698736
test-8557,0.14606788560544928
test-85570,0.0070457456000719496
test-85571,0.01870568062772098
test-85572,0.008650875656378598
test-85573,0.024970344168433006
test-85574,0.009970321435870878
test-85575,0.012256559785211393
test-85576,0.009139435956474727
test-85577,0.030447876347124064
test-85578,0.011544019751584176
test-85579,0.01552973407478621
test-8558,0.02466572337590596
test-85580,0.007785501302675856
test-85581,0.06807808044372479
test-85582,0.30503951635599186
test-85583,0.09263977636223529
test-85584,0.01229160343772414
test-85585,0.014393243279840387
test-85586,0.01860123221164605
test-85587,0.016885287257782655
test-85588,0.020542319415238444
test-85589,0.014207783729232742
test-8559,0.019037027172693528
test-85590,0.05860702356063435
test-85591,0.01993732240602397
test-85592,0.009489305967296848
test-85593,0.0231014474431284
test-85594,0.015005222725476053
test-85595,0.01886271055320412
test-85596,0.030217345678510813
test-85597,0.025106347025337726
test-85598,0.011358913874675034
test-85599,0.019550444556205276
test-856,0.005368698693284796
test-8560,0.011946571959784425
test-85600,0.026341132756667687
test-85601,0.02336168362559086
test-85602,0.02922227053508576
test-85603,0.025472122809285663
test-85604,0.008232640027236459
test-85605,0.20380952986395862
test-85606,0.02236510515530074
test-85607,0.01961229524549631
test-85608,0.05339307069340168
test-85609,0.004695666170433293
test-8561,0.030773957199802693
test-85610,0.007785501302675856
test-85611,0.019266145932857248
test-85612,0.04475351461529831
test-85613,0.0315414840882949
test-85614,0.014003437494623575
test-85615,0.028442466466247922
test-85616,0.009351547975542168
test-85617,0.015169198739660541
test-85618,0.011661747430504594
test-85619,0.3456996635012436
test-8562,0.032746796156620746
test-85620,0.09105047775359229
test-85621,0.02956024772439601
test-85622,0.013735814186933397
test-85623,0.019266145932857248
test-85624,0.019699291347570383
test-85625,0.11533686843228666
test-85626,0.011039996532668172
test-85627,0.04090940091908356
test-85628,0.02104908692440763
test-85629,0.01225211025166231
test-8563,0.2726649999606888
test-85630,0.014454133028215506
test-85631,0.012450556917821619
test-85632,0.1246848897422687
test-85633,0.2305500627715129
test-85634,0.04166971932024224
test-85635,0.25952560902706284
test-85636,0.24454526519189307
test-85637,0.07851896097445257
test-85638,0.03808926221621729
test-85639,0.06477796577805049
test-8564,0.25349396208811154
test-85640,0.2522826831817498
test-85641,0.03756985490580387
test-85642,0.07736953252942919
test-85643,0.02386740103790528
test-85644,0.11912926785985647
test-85645,0.06655616083332898
test-85646,0.008161892613911917
test-85647,0.08235023108080979
test-85648,0.006006276675982716
test-85649,0.010319800072812451
test-8565,0.019885641114931102
test-85650,0.01832731539451931
test-85651,0.02498706295586017
test-85652,0.12663596937894922
test-85653,0.09257917397054904
test-85654,0.008727951922845327
test-85655,0.08223371600103453
test-85656,0.15402553770115068
test-85657,0.0372427913428614
test-85658,0.012255174050204347
test-85659,0.02292137995817268
test-8566,0.01291342147173483
test-85660,0.03944032528564574
test-85661,0.02120566454445593
test-85662,0.027803627283054203
test-85663,0.17884041838722128
test-85664,0.1867853219097068
test-85665,0.007143466319461635
test-85666,0.02121096526947448
test-85667,0.026424429060477466
test-85668,0.01737832710922188
test-85669,0.04719674568907469
test-8567,0.3678208021406152
test-85670,0.026494077183282328
test-85671,0.023328451346834762
test-85672,0.024515710454250675
test-85673,0.010044478887032866
test-85674,0.015091065754659993
test-85675,0.012389384329836467
test-85676,0.01999669549635774
test-85677,0.021936630997613137
test-85678,0.01153013376187161
test-85679,0.0637544349934432
test-8568,0.021096770328033934
test-85680,0.10170370074257443
test-85681,0.18773189571157256
test-85682,0.1398388875173638
test-85683,0.010883354191664134
test-85684,0.060486621399928456
test-85685,0.024913741046364606
test-85686,0.057442454027301325
test-85687,0.008445859950496706
test-85688,0.010202299175626968
test-85689,0.0761463288834153
test-8569,0.007128161518677246
test-85690,0.023141930339501644
test-85691,0.006841297447457932
test-85692,0.1642957172542117
test-85693,0.007785501302675856
test-85694,0.20132246288486264
test-85695,0.044720524946256605
test-85696,0.05444450125870035
test-85697,0.015148184908333485
test-85698,0.021340410030459812
test-85699,0.02109569706418708
test-857,0.06983136155849988
test-8570,0.012414898795808179
test-85700,0.07755296044468049
test-85701,0.008573758194328727
test-85702,0.018865905419998177
test-85703,0.013631228774117338
test-85704,0.014333831884464854
test-85705,0.020256287700493387
test-85706,0.06426791548986331
test-85707,0.023529249498726874
test-85708,0.013913108695704715
test-85709,0.017668097819681098
test-8571,0.048194488452354384
test-85710,0.03795912298130956
test-85711,0.02168352974038162
test-85712,0.01749319005675677
test-85713,0.18875116270692072
test-85714,0.037564894956628056
test-85715,0.04929032193591795
test-85716,0.004845531833519513
test-85717,0.14139788351967164
test-85718,0.11259785857061382
test-85719,0.010503748883262125
test-8572,0.0687732139720173
test-85720,0.17034975609808084
test-85721,0.10875912736104972
test-85722,0.02731585217048339
test-85723,0.050425691050088685
test-85724,0.011516107294303617
test-85725,0.019513965454948067
test-85726,0.10125089765045404
test-85727,0.1594868392388983
test-85728,0.02355686722166228
test-85729,0.015224312249784357
test-8573,0.14539603692919123
test-85730,0.02228275808876345
test-85731,0.16465379238486721
test-85732,0.044233441707228975
test-85733,0.01895069341767018
test-85734,0.15366254227189804
test-85735,0.01469905333035871
test-85736,0.024118894405808795
test-85737,0.0761463288834153
test-85738,0.054336447518635436
test-85739,0.030090392831432954
test-8574,0.2968168283603332
test-85740,0.10474585080703351
test-85741,0.35294015357209835
test-85742,0.12213192268169362
test-85743,0.026984816397798855
test-85744,0.01983566052245897
test-85745,0.12796851635119139
test-85746,0.03570914609139977
test-85747,0.01709917510159441
test-85748,0.044430352304129984
test-85749,0.02076971500908699
test-8575,0.21528853756442476
test-85750,0.07851896097445257
test-85751,0.10258412762872683
test-85752,0.0853951524169083
test-85753,0.13015834591410408
test-85754,0.013498107106180737
test-85755,0.017660940987863166
test-85756,0.11797700600419546
test-85757,0.019217457397288085
test-85758,0.008808459429007813
test-85759,0.03251060228204251
test-8576,0.09634025038348075
test-85760,0.11551855245986284
test-85761,0.02381228557544519
test-85762,0.028215527796812124
test-85763,0.03957797408190487
test-85764,0.10737465998184746
test-85765,0.08091840458510943
test-85766,0.13716353113595234
test-85767,0.023626066361611124
test-85768,0.010530104618674421
test-85769,0.01656240409186109
test-8577,0.09643742092416646
test-85770,0.13726071573070886
test-85771,0.02134024620021949
test-85772,0.22747835942285088
test-85773,0.011148390516497467
test-85774,0.019628866705333318
test-85775,0.023591368052133847
test-85776,0.028608591716973563
test-85777,0.12544543704710467
test-85778,0.11642981284699146
test-85779,0.031981327542569805
test-8578,0.11412015650690727
test-85780,0.14461542606478833
test-85781,0.12109059679207021
test-85782,0.013330578709525687
test-85783,0.020851807837388943
test-85784,0.187011165183413
test-85785,0.3309675699853606
test-85786,0.04103465291380004
test-85787,0.015968877118131573
test-85788,0.16924093539913232
test-85789,0.31639113532117935
test-8579,0.11607553849948815
test-85790,0.025850162931063424
test-85791,0.05237782243247088
test-85792,0.2625649503127092
test-85793,0.016453372668573954
test-85794,0.06731218484662845
test-85795,0.14660621249274897
test-85796,0.016280148439863164
test-85797,0.01989465334269903
test-85798,0.02247169137191558
test-85799,0.05882612792247807
test-858,0.015295899714203674
test-8580,0.04807113264847127
test-85800,0.010271233686557621
test-85801,0.025534332441720726
test-85802,0.041994584683696344
test-85803,0.20562105198826028
test-85804,0.03159457809247939
test-85805,0.010721340125093718
test-85806,0.050183004432798654
test-85807,0.025333152621176587
test-85808,0.016518651640595582
test-85809,0.017948687354473938
test-8581,0.12750272698604148
test-85810,0.10910123990245146
test-85811,0.019412680950839898
test-85812,0.025304232684772176
test-85813,0.062367407741835884
test-85814,0.04451976809225657
test-85815,0.1322636657093105
test-85816,0.11606716241951366
test-85817,0.0048631732871038
test-85818,0.13077140058774692
test-85819,0.07287513663214307
test-8582,0.0076923280727946
test-85820,0.021740891784233957
test-85821,0.00966437869366505
test-85822,0.09967505524039096
test-85823,0.057738957094061565
test-85824,0.010420370762919396
test-85825,0.1350972033414568
test-85826,0.00887709608893385
test-85827,0.010104586330824207
test-85828,0.23362692697152745
test-85829,0.015957443698623505
test-8583,0.03819437036118002
test-85830,0.39735559012389726
test-85831,0.010789838403573776
test-85832,0.03432004204553994
test-85833,0.03308451982233266
test-85834,0.011419210815477225
test-85835,0.014534317090068123
test-85836,0.01637697474636509
test-85837,0.0867757772116962
test-85838,0.0182758690317342
test-85839,0.0776604064334197
test-8584,0.1543693773528168
test-85840,0.012536763288374556
test-85841,0.021897757146381508
test-85842,0.019027674301522208
test-85843,0.02494339378425295
test-85844,0.03313342176832899
test-85845,0.12522031329752717
test-85846,0.017623890141656738
test-85847,0.05815905277978385
test-85848,0.025169728664092547
test-85849,0.04184680030489048
test-8585,0.13473111397650483
test-85850,0.014412525180855642
test-85851,0.041557175529918444
test-85852,0.020225279408882583
test-85853,0.03053532223417545
test-85854,0.10812230317096443
test-85855,0.020422632471294666
test-85856,0.19179998117049887
test-85857,0.016515546354808678
test-85858,0.15796307008957972
test-85859,0.1556727593910276
test-8586,0.012175809705174907
test-85860,0.0910554751153612
test-85861,0.11608436440562724
test-85862,0.03225278826782533
test-85863,0.011130923420619542
test-85864,0.007171250783414957
test-85865,0.031758351634515375
test-85866,0.1284693498200901
test-85867,0.022840744924929247
test-85868,0.02517167588629617
test-85869,0.007049393536278551
test-8587,0.01322690935118441
test-85870,0.02372292507738637
test-85871,0.07896917855603469
test-85872,0.03737731370053662
test-85873,0.08771939818482093
test-85874,0.017140814405208298
test-85875,0.023987603928526256
test-85876,0.02099567091691897
test-85877,0.25540314545562953
test-85878,0.07791877131452273
test-85879,0.010320673674506993
test-8588,0.13919012465966588
test-85880,0.0861915504119661
test-85881,0.012784655024472751
test-85882,0.012584950955687528
test-85883,0.034501835361050025
test-85884,0.010542260925966229
test-85885,0.08476643670038106
test-85886,0.01220417273923821
test-85887,0.2378801939018515
test-85888,0.016081754904414314
test-85889,0.061577899304617906
test-8589,0.030192302615793188
test-85890,0.011777306859587586
test-85891,0.05360836512999826
test-85892,0.02549498490315742
test-85893,0.23359151487224777
test-85894,0.016055711773267135
test-85895,0.029686338711283445
test-85896,0.315107226151039
test-85897,0.00930708596425079
test-85898,0.03254705391801379
test-85899,0.020184049019556536
test-859,0.012639740521126777
test-8590,0.05578613995378281
test-85900,0.026523318614333918
test-85901,0.015028862632214307
test-85902,0.0182557069752124
test-85903,0.009226539286085321
test-85904,0.013892831984056305
test-85905,0.011093823449985976
test-85906,0.012942735812613413
test-85907,0.018060713255625197
test-85908,0.009265801435173563
test-85909,0.011171684817864626
test-8591,0.03850691330888651
test-85910,0.02134317844457536
test-85911,0.004886154780431466
test-85912,0.013807129671057832
test-85913,0.08629755324862104
test-85914,0.06722002235442649
test-85915,0.142087134175446
test-85916,0.05708734051592039
test-85917,0.019748619202316672
test-85918,0.024175577488036667
test-85919,0.012726192708000643
test-8592,0.08224224549148663
test-85920,0.1483943973373661
test-85921,0.010922563486814944
test-85922,0.05213346508258582
test-85923,0.022951737107000457
test-85924,0.013499539917909477
test-85925,0.20976443894768626
test-85926,0.05237536350964033
test-85927,0.08310874326248396
test-85928,0.011052383680430336
test-85929,0.0503873993216861
test-8593,0.07513772825522276
test-85930,0.25320954807885265
test-85931,0.020057288636819985
test-85932,0.13844485831116107
test-85933,0.009090383259104199
test-85934,0.013339672107221
test-85935,0.07231167587461355
test-85936,0.11254576407803916
test-85937,0.03492689715016846
test-85938,0.2432628796553575
test-85939,0.020886086336706022
test-8594,0.07339018823190428
test-85940,0.014885074741875242
test-85941,0.02796399542647588
test-85942,0.017061196549929804
test-85943,0.04575644105451376
test-85944,0.07305611144553768
test-85945,0.02011095586518894
test-85946,0.13001013370971504
test-85947,0.03244945089222222
test-85948,0.027700787580479527
test-85949,0.0650694914334946
test-8595,0.020408284968509178
test-85950,0.03117502901096009
test-85951,0.007845367961373277
test-85952,0.15530297460833106
test-85953,0.16385006986666859
test-85954,0.008649074284065986
test-85955,0.02706110208349952
test-85956,0.0357941915515491
test-85957,0.009798825310861138
test-85958,0.07958009128105223
test-85959,0.06021807306371714
test-8596,0.1247282384843349
test-85960,0.020549412574378534
test-85961,0.029580992010105486
test-85962,0.08110413393213176
test-85963,0.010426393571159088
test-85964,0.01761590898961316
test-85965,0.05053519546323268
test-85966,0.21005539081024352
test-85967,0.025674682259281253
test-85968,0.014008075504383237
test-85969,0.014023528936981774
test-8597,0.05959460766281579
test-85970,0.014373814663533477
test-85971,0.09967505524039096
test-85972,0.008349952222107486
test-85973,0.023107100083528738
test-85974,0.011890637712655716
test-85975,0.03991427570930743
test-85976,0.023539710287925935
test-85977,0.03486415065020565
test-85978,0.013732936460265577
test-85979,0.013650417357616088
test-8598,0.08187126526561983
test-85980,0.0669392073111586
test-85981,0.01915845865235048
test-85982,0.024973787472914896
test-85983,0.006219090003841039
test-85984,0.0971821606946179
test-85985,0.009309036998174775
test-85986,0.008313406150048297
test-85987,0.03194263998524266
test-85988,0.046972285804883336
test-85989,0.1172578317287322
test-8599,0.00869167113034092
test-85990,0.034764511867564955
test-85991,0.20132487983746025
test-85992,0.10659120643224661
test-85993,0.30902669917001296
test-85994,0.013297670862006596
test-85995,0.017945570868862847
test-85996,0.01617223722163442
test-85997,0.020184049019556536
test-85998,0.15811164550288004
test-85999,0.02936211756439115
test-86,0.1731627121868327
test-860,0.08058776572024136
test-8600,0.019616611360473858
test-86000,0.01787324844662315
test-86001,0.018267481546707962
test-86002,0.008854065737911858
test-86003,0.017179506158794888
test-86004,0.02667176244743185
test-86005,0.059805742177661325
test-86006,0.01755474199344909
test-86007,0.010730182783348946
test-86008,0.06108085344638038
test-86009,0.08777777731563122
test-8601,0.008140237916286215
test-86010,0.192644764000054
test-86011,0.021585994768707848
test-86012,0.017750503686557357
test-86013,0.22057541045736997
test-86014,0.016772446605133974
test-86015,0.11543498080582862
test-86016,0.028712603841137163
test-86017,0.009686133284585799
test-86018,0.014244668101605299
test-86019,0.040248900455750025
test-8602,0.025376383939475947
test-86020,0.0320896081012541
test-86021,0.05950017199337657
test-86022,0.04559759445031219
test-86023,0.011104933877161771
test-86024,0.013035096401302374
test-86025,0.1181286767609115
test-86026,0.01687244662178551
test-86027,0.014247715723497622
test-86028,0.056434655311911434
test-86029,0.013760948216784469
test-8603,0.021040873891020342
test-86030,0.011385186335865567
test-86031,0.017219303274313435
test-86032,0.007946761186573503
test-86033,0.08058012121654297
test-86034,0.01562970551047812
test-86035,0.035564413346328795
test-86036,0.012231573814631577
test-86037,0.008382761645766538
test-86038,0.008443481737337723
test-86039,0.011186161557954724
test-8604,0.08223371600103453
test-86040,0.09076508135202181
test-86041,0.020839706529115178
test-86042,0.13775918575813118
test-86043,0.02910088910776612
test-86044,0.05941576191727759
test-86045,0.026341132756667687
test-86046,0.013760948216784469
test-86047,0.11473554440463458
test-86048,0.1874247445451848
test-86049,0.04550152634168525
test-8605,0.08219192647824698
test-86050,0.06697303303448889
test-86051,0.11616829074792494
test-86052,0.005758230321813127
test-86053,0.06021807306371714
test-86054,0.030625767770943224
test-86055,0.05143341550618335
test-86056,0.012163113360379037
test-86057,0.13775918575813118
test-86058,0.015188783787459262
test-86059,0.011937050439361014
test-8606,0.011010822963856089
test-86060,0.017162704108405476
test-86061,0.026040405474379993
test-86062,0.034462792400414846
test-86063,0.01774134411732555
test-86064,0.026393774526084657
test-86065,0.02816496862718364
test-86066,0.009071822177896698
test-86067,0.015333541146879164
test-86068,0.014715991988740065
test-86069,0.0707119985986715
test-8607,0.018286211758011855
test-86070,0.020994930335529835
test-86071,0.13613556557811773
test-86072,0.268010869555315
test-86073,0.017900439087955217
test-86074,0.022532826779411628
test-86075,0.11209502460678047
test-86076,0.021700944982932895
test-86077,0.014492305905803754
test-86078,0.15400583139543764
test-86079,0.04974346789219942
test-8608,0.02816172409317788
test-86080,0.02904900940557024
test-86081,0.01161266221382221
test-86082,0.08669419995991855
test-86083,0.022683937384071578
test-86084,0.0322560369895652
test-86085,0.2557295457309852
test-86086,0.030450134565311572
test-86087,0.010152585709347762
test-86088,0.09516203589033803
test-86089,0.22475556728869206
test-8609,0.016065499108843716
test-86090,0.01147819579155948
test-86091,0.04902471380449826
test-86092,0.06571873309738131
test-86093,0.08091840458510943
test-86094,0.13775918575813118
test-86095,0.01274617569478145
test-86096,0.016070077928311464
test-86097,0.015804451362063612
test-86098,0.041899927666846436
test-86099,0.018284878626679442
test-861,0.049744957843033503
test-8610,0.00829180858880319
test-86100,0.02669190366696835
test-86101,0.17032412329213745
test-86102,0.0244615156188576
test-86103,0.01397675103601954
test-86104,0.018946269743315605
test-86105,0.04100184201971828
test-86106,0.010263646004289834
test-86107,0.012264069554110435
test-86108,0.03014380874193547
test-86109,0.01619704905987679
test-8611,0.010110322491407656
test-86110,0.014054539807404638
test-86111,0.009238007815321858
test-86112,0.007706206852383579
test-86113,0.00902637505354723
test-86114,0.017459793750511432
test-86115,0.013517923030280281
test-86116,0.14003944204590343
test-86117,0.02333058018475714
test-86118,0.07969712720890926
test-86119,0.022862430875466754
test-8612,0.007785501302675856
test-86120,0.01707680805649897
test-86121,0.009010666410233457
test-86122,0.011068253337298715
test-86123,0.022056466302850405
test-86124,0.04254573028251421
test-86125,0.12601375924837346
test-86126,0.013791988334343733
test-86127,0.017987030497535736
test-86128,0.016041837351536657
test-86129,0.02438491016550812
test-8613,0.1369643520460681
test-86130,0.09787796055403811
test-86131,0.025529368761696102
test-86132,0.009546053570412195
test-86133,0.03794755068026124
test-86134,0.0707119985986715
test-86135,0.03210706277052363
test-86136,0.013109563684942566
test-86137,0.1900258626328395
test-86138,0.027074256659109095
test-86139,0.0310189991389393
test-8614,0.03516664953211871
test-86140,0.042840979956758195
test-86141,0.007753898128352145
test-86142,0.026307943051893348
test-86143,0.024537895424836392
test-86144,0.010317584459099608
test-86145,0.013445354990824885
test-86146,0.018788947503476094
test-86147,0.045981519367020426
test-86148,0.09787796055403811
test-86149,0.10419688481887905
test-8615,0.13005220380423216
test-86150,0.0108842915288903
test-86151,0.03609366006813379
test-86152,0.029101521791940928
test-86153,0.009290085696182473
test-86154,0.03355403077527231
test-86155,0.014540154873623373
test-86156,0.041644692851619175
test-86157,0.0098605981853409
test-86158,0.20512229592952771
test-86159,0.022218808472072714
test-8616,0.03184475788961795
test-86160,0.019743370738268897
test-86161,0.025221305501977962
test-86162,0.03271248164303256
test-86163,0.008313406150048297
test-86164,0.01774366853764976
test-86165,0.057738957094061565
test-86166,0.020666936807418546
test-86167,0.1746546093425804
test-86168,0.018242833628021118
test-86169,0.012047817912242046
test-8617,0.2343520942984258
test-86170,0.012741686232678835
test-86171,0.013050505164235084
test-86172,0.009884004404395092
test-86173,0.021872611466466126
test-86174,0.07420175824613516
test-86175,0.13046277799369352
test-86176,0.24045301295211294
test-86177,0.05994800964192118
test-86178,0.09634025038348075
test-86179,0.1685881254365763
test-8618,0.09831611019617388
test-86180,0.007787138399499785
test-86181,0.2248155496863323
test-86182,0.024095673084552117
test-86183,0.02305017583764227
test-86184,0.010922563486814944
test-86185,0.06983136155849988
test-86186,0.03162222979391311
test-86187,0.2729206771575015
test-86188,0.00951522478679601
test-86189,0.012839121869208391
test-8619,0.006827888858869887
test-86190,0.011661747430504594
test-86191,0.08532775067108103
test-86192,0.01147819579155948
test-86193,0.024292157015128525
test-86194,0.1292736196873947
test-86195,0.009998967150854448
test-86196,0.009290085696182473
test-86197,0.09787796055403811
test-86198,0.07984600052248031
test-86199,0.09787796055403811
test-862,0.10558000101442694
test-8620,0.19417172857012766
test-86200,0.07742767884236121
test-86201,0.018686055568466628
test-86202,0.01613631306018311
test-86203,0.017818745969957382
test-86204,0.01845011831854662
test-86205,0.12506744100717584
test-86206,0.0733972939858908
test-86207,0.023365772919033252
test-86208,0.014214221589278203
test-86209,0.008602095048428382
test-8621,0.1313374282359694
test-86210,0.14329575385527407
test-86211,0.04295514219506423
test-86212,0.022599730121464604
test-86213,0.0902422755812636
test-86214,0.031040846037729733
test-86215,0.12925443745750123
test-86216,0.20571239093742497
test-86217,0.028706226013823364
test-86218,0.01010203303808415
test-86219,0.009460055291688816
test-8622,0.011698065364121064
test-86220,0.019236044730594048
test-86221,0.014808980094747891
test-86222,0.016552352860183653
test-86223,0.016453372668573954
test-86224,0.011005810997266274
test-86225,0.1348414340964679
test-86226,0.04475351461529831
test-86227,0.006557827985837056
test-86228,0.10833979379439783
test-86229,0.0554433420238622
test-8623,0.04906750610005795
test-86230,0.02050587012707326
test-86231,0.010319800072812451
test-86232,0.024659574863120454
test-86233,0.1592264195583103
test-86234,0.010388978101442018
test-86235,0.048481329059650156
test-86236,0.04571402364630907
test-86237,0.011268218548333755
test-86238,0.01879232806658962
test-86239,0.03178051387134646
test-8624,0.04535905925471614
test-86240,0.008443573006528295
test-86241,0.02400065345261792
test-86242,0.009950890378935208
test-86243,0.029036340977929398
test-86244,0.13520963756398394
test-86245,0.1394463013726253
test-86246,0.01277868925240935
test-86247,0.008456758652521797
test-86248,0.022087724490507166
test-86249,0.1490300515684578
test-8625,0.0595998546819569
test-86250,0.02460267029507238
test-86251,0.012090015174806215
test-86252,0.020889494641287604
test-86253,0.014321989434331162
test-86254,0.024904610050295005
test-86255,0.017707342934404395
test-86256,0.10429588416568995
test-86257,0.013525771482362252
test-86258,0.011206606047868897
test-86259,0.00842778628229392
test-8626,0.042074880177672296
test-86260,0.08290872674684348
test-86261,0.02468459439831943
test-86262,0.012749942914682313
test-86263,0.010918335201384076
test-86264,0.03808926221621729
test-86265,0.019151050718525367
test-86266,0.00908524713791087
test-86267,0.022454204636410274
test-86268,0.015233568310397209
test-86269,0.026424429060477466
test-8627,0.10849311745818162
test-86270,0.1830512661936212
test-86271,0.18300205535992842
test-86272,0.17179310681148527
test-86273,0.020159700713488948
test-86274,0.18032611347650268
test-86275,0.020184959145138362
test-86276,0.14045666954397498
test-86277,0.07896917855603469
test-86278,0.00947969074690667
test-86279,0.017762754995093995
test-8628,0.07666641502476289
test-86280,0.007715524393343813
test-86281,0.04806761642918853
test-86282,0.18880845917870157
test-86283,0.03920123298465898
test-86284,0.009756109684459615
test-86285,0.02963376525374944
test-86286,0.012264069554110435
test-86287,0.04336945448625502
test-86288,0.03405505414867004
test-86289,0.05674349585808012
test-8629,0.1329988498939034
test-86290,0.033184746787526136
test-86291,0.028708355311993304
test-86292,0.03577721948922877
test-86293,0.049046129033031176
test-86294,0.13324983372888236
test-86295,0.01029616516254499
test-86296,0.2666992072336292
test-86297,0.019191555011509813
test-86298,0.02741440799742712
test-86299,0.008596571945068385
test-863,0.17942591900817922
test-8630,0.009509800075757075
test-86300,0.038842536567454726
test-86301,0.036600629671046214
test-86302,0.013505648885633886
test-86303,0.028670803107570437
test-86304,0.020069431638139804
test-86305,0.16171850851749237
test-86306,0.07079034541494728
test-86307,0.007367407806630141
test-86308,0.02366669856015211
test-86309,0.019312202368182402
test-8631,0.020351911675708653
test-86310,0.028231343595340297
test-86311,0.04037128618413747
test-86312,0.017767649005041693
test-86313,0.0174016335534161
test-86314,0.13726071573070886
test-86315,0.03976970206838957
test-86316,0.010167412608997268
test-86317,0.029464430150035102
test-86318,0.013669701764095439
test-86319,0.012457749829600896
test-8632,0.12819412947753134
test-86320,0.006371783414314567
test-86321,0.03558490301932406
test-86322,0.13513861898426763
test-86323,0.3552799470169443
test-86324,0.021006891901688793
test-86325,0.1684884044853316
test-86326,0.13761625898310353
test-86327,0.018290889247475153
test-86328,0.019970296061538124
test-86329,0.04252568897811282
test-8633,0.14585907355005734
test-86330,0.0853103464573093
test-86331,0.029464430150035102
test-86332,0.17514468670127722
test-86333,0.00824408512832496
test-86334,0.033484191007763286
test-86335,0.007254550978476213
test-86336,0.19387240476497475
test-86337,0.24330637441562514
test-86338,0.05487776745599645
test-86339,0.014953627596337712
test-8634,0.01480056446716621
test-86340,0.037658600636406254
test-86341,0.037920534296144594
test-86342,0.019229510181679538
test-86343,0.07823028229324128
test-86344,0.030330351573643537
test-86345,0.14032002791801876
test-86346,0.011490290356890793
test-86347,0.020283723658132427
test-86348,0.1876997188409926
test-86349,0.23641577367406133
test-8635,0.04770876296334925
test-86350,0.018328613358271465
test-86351,0.01094555403802009
test-86352,0.01881620703823318
test-86353,0.014800451848198391
test-86354,0.013822122149808366
test-86355,0.026349287529815538
test-86356,0.0203539526822755
test-86357,0.06986194723583708
test-86358,0.04978762527730466
test-86359,0.24627293922936516
test-8636,0.07465594248038207
test-86360,0.02432268262865158
test-86361,0.008537728611963873
test-86362,0.0314108368126061
test-86363,0.011374594655167198
test-86364,0.1913028653955998
test-86365,0.01662116702172439
test-86366,0.03191456421029537
test-86367,0.03957797408190487
test-86368,0.014065742472919356
test-86369,0.05487776745599645
test-8637,0.05339307069340168
test-86370,0.05591491040930066
test-86371,0.05608161125235809
test-86372,0.011772715999268126
test-86373,0.19181617735898657
test-86374,0.018487811456801444
test-86375,0.025121090331827443
test-86376,0.1785298784226581
test-86377,0.12097737522990992
test-86378,0.02242385853808577
test-86379,0.025019315575332022
test-8638,0.12517267027410683
test-86380,0.03602811643963512
test-86381,0.010914671979395519
test-86382,0.04633191540307497
test-86383,0.17385183866413423
test-86384,0.009091318122047524
test-86385,0.017166134549048927
test-86386,0.01706240462273461
test-86387,0.021720790070753282
test-86388,0.018706727508961466
test-86389,0.009379571220005656
test-8639,0.08618599311887971
test-86390,0.02746932235708438
test-86391,0.00925803662767432
test-86392,0.0618665757261839
test-86393,0.00826119270619057
test-86394,0.061577899304617906
test-86395,0.026341132756667687
test-86396,0.011515784692565645
test-86397,0.07406179485738844
test-86398,0.020464340041205252
test-86399,0.07984600052248031
test-864,0.0356018920400557
test-8640,0.0492441560532549
test-86400,0.00975069844975024
test-86401,0.07289959866881442
test-86402,0.038046398357598016
test-86403,0.020365007265056544
test-86404,0.013335389707916917
test-86405,0.02389704591407304
test-86406,0.05754965638244002
test-86407,0.021277448389583592
test-86408,0.020693259676770426
test-86409,0.00861667958073112
test-8641,0.01580155740679337
test-86410,0.14676532155976088
test-86411,0.020494699177943207
test-86412,0.29962855705749425
test-86413,0.20490027835704339
test-86414,0.01619704905987679
test-86415,0.012820822438310921
test-86416,0.027581578436005193
test-86417,0.05339307069340168
test-86418,0.1103334385813768
test-86419,0.038016733206840965
test-8642,0.012612848415387165
test-86420,0.009639227819860987
test-86421,0.014639547795696923
test-86422,0.16668941681727883
test-86423,0.03206668225734233
test-86424,0.009490235140105783
test-86425,0.01581836414722663
test-86426,0.016237443488303947
test-86427,0.11030480455231803
test-86428,0.04770876296334925
test-86429,0.02608214191150818
test-8643,0.013449415530002066
test-86430,0.01832155013394861
test-86431,0.020177866234397206
test-86432,0.031600819092087666
test-86433,0.02429832230907737
test-86434,0.0327176475037165
test-86435,0.023422296183981926
test-86436,0.009725614101823663
test-86437,0.01042483697568999
test-86438,0.08137503195141499
test-86439,0.32641958553279166
test-8644,0.05205295113158994
test-86440,0.3066030387792917
test-86441,0.03531707594672869
test-86442,0.14146244955257337
test-86443,0.00904398707760681
test-86444,0.024865997827823373
test-86445,0.060377166047647556
test-86446,0.04049860151896432
test-86447,0.01619704905987679
test-86448,0.013377532406575835
test-86449,0.03355724863031385
test-8645,0.05003697088968722
test-86450,0.015949515537373025
test-86451,0.06282485208859652
test-86452,0.006753393494241404
test-86453,0.08124040518273115
test-86454,0.09669627604894868
test-86455,0.04099683540253236
test-86456,0.13919012465966588
test-86457,0.017694965554454496
test-86458,0.09226765225791218
test-86459,0.010663423301942157
test-8646,0.025017815314056936
test-86460,0.009686133284585799
test-86461,0.030635061625034148
test-86462,0.014008075504383237
test-86463,0.007874575366840511
test-86464,0.02408639459011046
test-86465,0.014509478740225075
test-86466,0.015701216352052343
test-86467,0.03330638467890208
test-86468,0.03958471858137933
test-86469,0.010792309895153169
test-8647,0.2496969093722631
test-86470,0.018463598319895556
test-86471,0.0669392073111586
test-86472,0.028111976948154205
test-86473,0.018533110650521573
test-86474,0.010638887807136403
test-86475,0.015293487521988669
test-86476,0.04236237433465459
test-86477,0.12796851635119139
test-86478,0.006879657008749034
test-86479,0.01804811351721556
test-8648,0.11921689671366272
test-86480,0.027940201429365704
test-86481,0.01012206575994565
test-86482,0.009394217715495201
test-86483,0.026589763872788122
test-86484,0.06086389157725013
test-86485,0.012050356521402524
test-86486,0.029064859849740124
test-86487,0.017194693225838897
test-86488,0.1740683382172321
test-86489,0.0416706605496625
test-8649,0.020414603457371935
test-86490,0.23697837649134657
test-86491,0.019971010774169153
test-86492,0.029452315301198843
test-86493,0.0077953940184392854
test-86494,0.018487811456801444
test-86495,0.01810540157808345
test-86496,0.08468124140368828
test-86497,0.039040726264361315
test-86498,0.008254652051318092
test-86499,0.014425700151789652
test-865,0.030851601749641883
test-8650,0.17116811889725242
test-86500,0.04132303434689068
test-86501,0.0283481783858979
test-86502,0.15706672986722656
test-86503,0.12669521753714805
test-86504,0.03269320704520948
test-86505,0.0687732139720173
test-86506,0.028277848795343924
test-86507,0.07649492986570097
test-86508,0.057726512371023886
test-86509,0.282386186560393
test-8651,0.2706893126898778
test-86510,0.04583307039865492
test-86511,0.007926187790656982
test-86512,0.031751049529724976
test-86513,0.05400256287771402
test-86514,0.17989134733981518
test-86515,0.07694351055396505
test-86516,0.02956253850502913
test-86517,0.04394312549274908
test-86518,0.030217345678510813
test-86519,0.00887709608893385
test-8652,0.04104937872907583
test-86520,0.18053953343187676
test-86521,0.020091368148451545
test-86522,0.2676527571971906
test-86523,0.19865715915292675
test-86524,0.06962810130219838
test-86525,0.05843421642688923
test-86526,0.2133255869928335
test-86527,0.15740265989015004
test-86528,0.011196794005503902
test-86529,0.06700491338939576
test-8653,0.059501922873155644
test-86530,0.026330804978007705
test-86531,0.20470991988795806
test-86532,0.25078656505672065
test-86533,0.1343478038325323
test-86534,0.03764697838476187
test-86535,0.04688163618239434
test-86536,0.02333635814351933
test-86537,0.11362070463876828
test-86538,0.13930464485427574
test-86539,0.125864305531679
test-8654,0.10928441419957592
test-86540,0.0493931147911267
test-86541,0.012572665905477549
test-86542,0.04591814870931383
test-86543,0.031071757728751887
test-86544,0.010883354191664134
test-86545,0.014671440064396283
test-86546,0.011211821778027186
test-86547,0.07955722063053634
test-86548,0.07300415700059695
test-86549,0.06658515031630968
test-8655,0.06402165086329226
test-86550,0.042381412108663544
test-86551,0.13632316857259644
test-86552,0.01147819579155948
test-86553,0.021029194616233562
test-86554,0.03991427570930743
test-86555,0.05300577485512337
test-86556,0.013185480505559113
test-86557,0.036242497691780964
test-86558,0.053341850880775386
test-86559,0.00787466087243291
test-8656,0.03820101486051544
test-86560,0.009923968890340593
test-86561,0.016851150681102402
test-86562,0.14803251656940444
test-86563,0.03808926221621729
test-86564,0.0639635364723674
test-86565,0.15114052112218163
test-86566,0.01667627631501256
test-86567,0.020813867001640077
test-86568,0.013250104242621193
test-86569,0.12581041683402913
test-8657,0.2495405157185527
test-86570,0.03052715209114192
test-86571,0.1501655086081887
test-86572,0.022851205276121323
test-86573,0.1984354209455435
test-86574,0.08394938017173516
test-86575,0.020719475798765614
test-86576,0.011671827749387579
test-86577,0.01175082064961189
test-86578,0.03957797408190487
test-86579,0.010196066518519007
test-8658,0.17261752591391524
test-86580,0.09304972763294171
test-86581,0.03558490301932406
test-86582,0.020422632471294666
test-86583,0.013414864622922547
test-86584,0.12253463154346565
test-86585,0.20438892131538713
test-86586,0.014058117722296754
test-86587,0.006445164047815541
test-86588,0.07791603073885578
test-86589,0.04700927517941257
test-8659,0.04688163618239434
test-86590,0.051145790333035054
test-86591,0.3107428568769118
test-86592,0.14416546633215593
test-86593,0.02673192446291059
test-86594,0.08928955550864118
test-86595,0.006841953885184935
test-86596,0.018295677335730905
test-86597,0.055970111645082816
test-86598,0.0474151944381551
test-86599,0.018366405511414937
test-866,0.3001321397717744
test-8660,0.01784924717175672
test-86600,0.023386258991656424
test-86601,0.24904859049153835
test-86602,0.008071617195472653
test-86603,0.05596789900582141
test-86604,0.015394261239564958
test-86605,0.019423583336081924
test-86606,0.018368208641024574
test-86607,0.37559175077801793
test-86608,0.03810495562487775
test-86609,0.13844485831116107
test-8661,0.09843134575188968
test-86610,0.017789039533709316
test-86611,0.02840424904869861
test-86612,0.04564602368943499
test-86613,0.02453314934516176
test-86614,0.009377389432270806
test-86615,0.048798317247128305
test-86616,0.05951887947795113
test-86617,0.012962765446716897
test-86618,0.01876704937271403
test-86619,0.05759397410376384
test-8662,0.023013127362758314
test-86620,0.045570949426131505
test-86621,0.017198997462388923
test-86622,0.009811551901944698
test-86623,0.009397093497874971
test-86624,0.06748736357570496
test-86625,0.009242618196898634
test-86626,0.01153013376187161
test-86627,0.06769227346933265
test-86628,0.02712544296643584
test-86629,0.007317246538225952
test-8663,0.014472711248438502
test-86630,0.02386740103790528
test-86631,0.029938427210117434
test-86632,0.010494911518985826
test-86633,0.14878005424422697
test-86634,0.01777889353555625
test-86635,0.06769227346933265
test-86636,0.028832642300572225
test-86637,0.3408952801337893
test-86638,0.0707119985986715
test-86639,0.036951882651438075
test-8664,0.005348500012480797
test-86640,0.03810745848360462
test-86641,0.010494522582037098
test-86642,0.021169588608203612
test-86643,0.020422632471294666
test-86644,0.021938313458153866
test-86645,0.050827749901423094
test-86646,0.022919235420054165
test-86647,0.011068253337298715
test-86648,0.024908030284570715
test-86649,0.3780697502303778
test-8665,0.014869137392740818
test-86650,0.01002081875489838
test-86651,0.16145826048377324
test-86652,0.040695030576269844
test-86653,0.01535979342704379
test-86654,0.14851900473464374
test-86655,0.018242833628021118
test-86656,0.061974124242527726
test-86657,0.23412784127652855
test-86658,0.030288747022404253
test-86659,0.2047754866882098
test-8666,0.04475351461529831
test-86660,0.01681085626989673
test-86661,0.02860887100394639
test-86662,0.12460507488050093
test-86663,0.03278194104598284
test-86664,0.0692648218670522
test-86665,0.016621808198766262
test-86666,0.024187802654887017
test-86667,0.00951397352036494
test-86668,0.1543510708952596
test-86669,0.07491928512161898
test-8667,0.01877224800311562
test-86670,0.008550377083140914
test-86671,0.04188330102329695
test-86672,0.036194545776490394
test-86673,0.0948396067528075
test-86674,0.017759020963952623
test-86675,0.015260129722264386
test-86676,0.01519524321004887
test-86677,0.02301637244934499
test-86678,0.024482667012583875
test-86679,0.01031789590570556
test-8668,0.015490944686977764
test-86680,0.026944867606306686
test-86681,0.016075636845657153
test-86682,0.01681085626989673
test-86683,0.16173051092467025
test-86684,0.05855749845724096
test-86685,0.054858618365117164
test-86686,0.009618098254618259
test-86687,0.1395426133950052
test-86688,0.0183704394230241
test-86689,0.021577746592835352
test-8669,0.020891810286061983
test-86690,0.009384908126861853
test-86691,0.012678386558838142
test-86692,0.0073425633567404305
test-86693,0.03601791896529506
test-86694,0.007096606883631956
test-86695,0.03704212401370237
test-86696,0.27937297254100757
test-86697,0.0524006564995539
test-86698,0.08731725510727088
test-86699,0.020981680362419437
test-867,0.010374417491587172
test-8670,0.007363135744814203
test-86700,0.01791035767369644
test-86701,0.009538998399251233
test-86702,0.03609783483951046
test-86703,0.059501922873155644
test-86704,0.028318991649616713
test-86705,0.014857732351927624
test-86706,0.015258389464753865
test-86707,0.06342716765780192
test-86708,0.009627610380847567
test-86709,0.00728314391840984
test-8671,0.13656829342475338
test-86710,0.016403628667476796
test-86711,0.24314593308477808
test-86712,0.01971242703301335
test-86713,0.05061020081506603
test-86714,0.23494421782040112
test-86715,0.31031435814079444
test-86716,0.018872994567300794
test-86717,0.044078323198667696
test-86718,0.01619704905987679
test-86719,0.09863496212814839
test-8672,0.19009292339812098
test-86720,0.014115294666361874
test-86721,0.08811255899828314
test-86722,0.13013659338969338
test-86723,0.07392482790020499
test-86724,0.02741740612566903
test-86725,0.015673378212842228
test-86726,0.030146868984283728
test-86727,0.02109276190073658
test-86728,0.18197255355942965
test-86729,0.043820942722911066
test-8673,0.03125174394975723
test-86730,0.017576507669825457
test-86731,0.012637857763808859
test-86732,0.018487811456801444
test-86733,0.016636754027947735
test-86734,0.1285727876993293
test-86735,0.006445164047815541
test-86736,0.2668930614267642
test-86737,0.014374298442250966
test-86738,0.09561819305653714
test-86739,0.03485261905197301
test-8674,0.1414945133062502
test-86740,0.019510654423826244
test-86741,0.01708795377307525
test-86742,0.023940085336190756
test-86743,0.2502165222072184
test-86744,0.011196794005503902
test-86745,0.020863528309718084
test-86746,0.02653300057092141
test-86747,0.05443645822186017
test-86748,0.040427859202951
test-86749,0.014656574830080224
test-8675,0.012364869938628315
test-86750,0.21730015802170555
test-86751,0.007670107894692098
test-86752,0.019321987054221293
test-86753,0.03957797408190487
test-86754,0.014691096788032655
test-86755,0.08196973207204497
test-86756,0.02296346699749256
test-86757,0.1747963055689479
test-86758,0.01890412261313464
test-86759,0.14962054192140511
test-8676,0.2766058908476012
test-86760,0.03332210063103363
test-86761,0.009927409862664492
test-86762,0.01068570084260661
test-86763,0.11167321888560815
test-86764,0.010352116250313834
test-86765,0.022302241119166823
test-86766,0.05070319171263583
test-86767,0.011814468373656385
test-86768,0.010464298779858713
test-86769,0.011640444730598212
test-8677,0.03904917095228133
test-86770,0.014561595977396728
test-86771,0.18759031175607868
test-86772,0.07597020688499134
test-86773,0.008618973017378745
test-86774,0.010457999697545385
test-86775,0.011385186335865567
test-86776,0.13780251220359505
test-86777,0.020266983760578228
test-86778,0.024091869191855048
test-86779,0.01023392993707666
test-8678,0.03776885391726239
test-86780,0.018109311127407022
test-86781,0.01745158920378193
test-86782,0.011082051018715226
test-86783,0.07896917855603469
test-86784,0.19953389291506443
test-86785,0.017953027065630095
test-86786,0.01648120089601652
test-86787,0.022151939369022294
test-86788,0.016795155088714736
test-86789,0.04081700938771727
test-8679,0.03695644651338232
test-86790,0.016740870732518703
test-86791,0.008556273258962048
test-86792,0.017097493019357812
test-86793,0.010272263208560012
test-86794,0.09577148861252165
test-86795,0.008449716761333962
test-86796,0.011678045925302308
test-86797,0.024245504256479818
test-86798,0.009984776730042668
test-86799,0.0842511891216393
test-868,0.01657709048595794
test-8680,0.09673533330374554
test-86800,0.07471360845593257
test-86801,0.03174901711439851
test-86802,0.03777418067477202
test-86803,0.017179506158794888
test-86804,0.0667617332128144
test-86805,0.0669392073111586
test-86806,0.0846182167635542
test-86807,0.011491148674399904
test-86808,0.024840373135949417
test-86809,0.07455315953979737
test-8681,0.10052983140962961
test-86810,0.027331676450878053
test-86811,0.009004567008778247
test-86812,0.02121613316080913
test-86813,0.027292273834713464
test-86814,0.04750716366796516
test-86815,0.2840365405881422
test-86816,0.030162510632415707
test-86817,0.01614689032079748
test-86818,0.0385705577248733
test-86819,0.07820041487839263
test-8682,0.1770526600862108
test-86820,0.018843796468616617
test-86821,0.017484378571887994
test-86822,0.020208972022210017
test-86823,0.025412541956141288
test-86824,0.011100224078495013
test-86825,0.017075779006246055
test-86826,0.2155985068532939
test-86827,0.007937220964871039
test-86828,0.04908072094521407
test-86829,0.033373273949076576
test-8683,0.11890232229776891
test-86830,0.01610276220719936
test-86831,0.010457999697545385
test-86832,0.14192907338873129
test-86833,0.06407749365837627
test-86834,0.04612746803009074
test-86835,0.16020722359550427
test-86836,0.027587721500807606
test-86837,0.024071105215252273
test-86838,0.01066251364764319
test-86839,0.017759020963952623
test-8684,0.3130044370276293
test-86840,0.1398817640174991
test-86841,0.05983798473351407
test-86842,0.017784828409473978
test-86843,0.13876711943095757
test-86844,0.027478661499824433
test-86845,0.018771135681529497
test-86846,0.14932979390739165
test-86847,0.040634661518582034
test-86848,0.023267988105498256
test-86849,0.09613558869661606
test-8685,0.4125435888564216
test-86850,0.13773212906300417
test-86851,0.21719568106439105
test-86852,0.012075704752698844
test-86853,0.06769227346933265
test-86854,0.013728434301425604
test-86855,0.008927859576229569
test-86856,0.020479308228682148
test-86857,0.012185967847383598
test-86858,0.024136705246332664
test-86859,0.024741869110311964
test-8686,0.07995118387683771
test-86860,0.04378595151253881
test-86861,0.03213215896136408
test-86862,0.027471521470755177
test-86863,0.01774717374527413
test-86864,0.04475351461529831
test-86865,0.00970962000463678
test-86866,0.011743381317162032
test-86867,0.15477497020520073
test-86868,0.029550383676648636
test-86869,0.10061140798356767
test-8687,0.1587531170075455
test-86870,0.15309466385671616
test-86871,0.011515784692565645
test-86872,0.01066251364764319
test-86873,0.19919244208199574
test-86874,0.06504088402299663
test-86875,0.03290341473413582
test-86876,0.012612735119878093
test-86877,0.09442793442436977
test-86878,0.008800545310208411
test-86879,0.04697370208735213
test-8688,0.4001140406804215
test-86880,0.10599825013728505
test-86881,0.010073682098688658
test-86882,0.013419676280618999
test-86883,0.022732215281150166
test-86884,0.028712603841137163
test-86885,0.2658640399523921
test-86886,0.007128451169376713
test-86887,0.021958556091220365
test-86888,0.13677235331463847
test-86889,0.04051182369827448
test-8689,0.0836160361599026
test-86890,0.10098069506471297
test-86891,0.027870352047492882
test-86892,0.008232640027236459
test-86893,0.04418916752829312
test-86894,0.024076632816142366
test-86895,0.02224177431698411
test-86896,0.17911423120073686
test-86897,0.08005301338944615
test-86898,0.014157779236609885
test-86899,0.06549994875851127
test-869,0.03190994478203966
test-8690,0.05019262130302971
test-86900,0.02011541216453142
test-86901,0.01692118970227933
test-86902,0.03883017661913032
test-86903,0.1408487658022275
test-86904,0.012821279549061159
test-86905,0.009791789941940044
test-86906,0.018706727508961466
test-86907,0.007518291560948316
test-86908,0.21827475867277926
test-86909,0.03957797408190487
test-8691,0.02009528051670963
test-86910,0.2546896542344109
test-86911,0.016806759631969252
test-86912,0.020449477890012484
test-86913,0.028080408580459893
test-86914,0.016270928407607993
test-86915,0.11378069649606996
test-86916,0.024322686038981942
test-86917,0.06551351904328022
test-86918,0.03486415065020565
test-86919,0.013581533582212216
test-8692,0.01691005062743797
test-86920,0.08100617140796165
test-86921,0.02718802379522399
test-86922,0.012933605692111242
test-86923,0.04486193210194603
test-86924,0.017759020963952623
test-86925,0.011699670276328825
test-86926,0.012515504727975944
test-86927,0.2904460290513811
test-86928,0.016823595996984065
test-86929,0.008702490119064063
test-8693,0.061577899304617906
test-86930,0.019117199137754396
test-86931,0.21921516802983407
test-86932,0.18317605727440472
test-86933,0.037515763400762514
test-86934,0.013325466142858221
test-86935,0.008827305426874496
test-86936,0.029751888064372112
test-86937,0.009154938317533024
test-86938,0.15306919756943668
test-86939,0.06866260127631668
test-8694,0.09673533330374554
test-86940,0.011268218548333755
test-86941,0.03309415422303747
test-86942,0.045566414559042284
test-86943,0.006057930477737485
test-86944,0.016258079081944776
test-86945,0.329095705975364
test-86946,0.06195412105864502
test-86947,0.014247715723497622
test-86948,0.28083271562065704
test-86949,0.02583156125755691
test-8695,0.023330081964552392
test-86950,0.011661747430504594
test-86951,0.039471446999266926
test-86952,0.10135147787955867
test-86953,0.008682978058034549
test-86954,0.007180201978694718
test-86955,0.02951437995882942
test-86956,0.014131571418978557
test-86957,0.020062741988695745
test-86958,0.014782337821826468
test-86959,0.03212136814156088
test-8696,0.02416894405773944
test-86960,0.04544203111761074
test-86961,0.08494881101865093
test-86962,0.007704279303067298
test-86963,0.011623349144823157
test-86964,0.14990363641238338
test-86965,0.15020432437193562
test-86966,0.14520455316433584
test-86967,0.023329083784839298
test-86968,0.020377439717545628
test-86969,0.016651336696089942
test-8697,0.06360212401493133
test-86970,0.01614848536816466
test-86971,0.013659514988185578
test-86972,0.022708247640840954
test-86973,0.03592846913595172
test-86974,0.0669392073111586
test-86975,0.02796399542647588
test-86976,0.09095363519959088
test-86977,0.02773348751371068
test-86978,0.01379070838607752
test-86979,0.01162002255737999
test-8698,0.08003083037374147
test-86980,0.013772449892618114
test-86981,0.021905844014457537
test-86982,0.07807872085554522
test-86983,0.02127396441158239
test-86984,0.01583719763872199
test-86985,0.016161507027296827
test-86986,0.04934312919031304
test-86987,0.023597592870440845
test-86988,0.07287513663214307
test-86989,0.014701990991583464
test-8699,0.020705446742417817
test-86990,0.021193132645053243
test-86991,0.013131820067274274
test-86992,0.011206606047868897
test-86993,0.009808115933531002
test-86994,0.007822139072362806
test-86995,0.021083700167583326
test-86996,0.037056248963493514
test-86997,0.04331718248280513
test-86998,0.043793958422766836
test-86999,0.015134569986125506
test-87,0.008348480155172025
test-870,0.03361193414473966
test-8700,0.0379200261037036
test-87000,0.01147819579155948
test-87001,0.14004969336539919
test-87002,0.011623349144823157
test-87003,0.011082051018715226
test-87004,0.0881841037303497
test-87005,0.21192074216615162
test-87006,0.11439007105224144
test-87007,0.2336730694107003
test-87008,0.02344747729963121
test-87009,0.07736971131561239
test-8701,0.09119325140567644
test-87010,0.10095271495183217
test-87011,0.009493015150066774
test-87012,0.05798694173119483
test-87013,0.04415505867311452
test-87014,0.041690459534014575
test-87015,0.028158330613022028
test-87016,0.14587142621921612
test-87017,0.020411823476705372
test-87018,0.014312977461444568
test-87019,0.09985649801372733
test-8702,0.019501246019639266
test-87020,0.011186985270182971
test-87021,0.12946542701267091
test-87022,0.02517746205522307
test-87023,0.014711877875629446
test-87024,0.34413368318641513
test-87025,0.015885712761223716
test-87026,0.03511689935719388
test-87027,0.14693074255298819
test-87028,0.022487548992525405
test-87029,0.0228673531825374
test-8703,0.021147995913478917
test-87030,0.02968406526246787
test-87031,0.019242261890754786
test-87032,0.02826290594050415
test-87033,0.015489361625085676
test-87034,0.0234434707732608
test-87035,0.30557396012871385
test-87036,0.19668449010144648
test-87037,0.007889592313566608
test-87038,0.02003381856611442
test-87039,0.3904186118225203
test-8704,0.00951397352036494
test-87040,0.05450416726848233
test-87041,0.009395635629308287
test-87042,0.13809525214837443
test-87043,0.03957797408190487
test-87044,0.059671310437663556
test-87045,0.09200355537557185
test-87046,0.008983746185132039
test-87047,0.014508972471589238
test-87048,0.009157925293904015
test-87049,0.12750083480216265
test-8705,0.16342524637315659
test-87050,0.24937241371159052
test-87051,0.009497076132630022
test-87052,0.017533523634030237
test-87053,0.03224366841656297
test-87054,0.023116403960337952
test-87055,0.05444450125870035
test-87056,0.15141377061746064
test-87057,0.022826940420290327
test-87058,0.01686448011864485
test-87059,0.07821159933642716
test-8706,0.28081408467701985
test-87060,0.1314246238044274
test-87061,0.0232911499626386
test-87062,0.08194252275873169
test-87063,0.1977593239577385
test-87064,0.021784724463539212
test-87065,0.020048553602745857
test-87066,0.015006925727924053
test-87067,0.12663596937894922
test-87068,0.22351509886854215
test-87069,0.15797860958225632
test-8707,0.21994828312465983
test-87070,0.013190198774248988
test-87071,0.049636621728896345
test-87072,0.009429619365750956
test-87073,0.025758818725086174
test-87074,0.01773690869345518
test-87075,0.019016157972747173
test-87076,0.018720902123359685
test-87077,0.01395859110368722
test-87078,0.017823780745559403
test-87079,0.013338261024701776
test-8708,0.02221606578979775
test-87080,0.014746926425883536
test-87081,0.026192785275729234
test-87082,0.02227872404788231
test-87083,0.00932766193568395
test-87084,0.039204455153734524
test-87085,0.00953399945787773
test-87086,0.024710232253606485
test-87087,0.02042822913170833
test-87088,0.01926467390822369
test-87089,0.013582549433670271
test-8709,0.12706716464573875
test-87090,0.07089669798878646
test-87091,0.014143282168294408
test-87092,0.021107802804286594
test-87093,0.017186533491665698
test-87094,0.013863422364697587
test-87095,0.10052983140962961
test-87096,0.020645704991409858
test-87097,0.09881187096760614
test-87098,0.016826710537060606
test-87099,0.016469917208441216
test-871,0.04782812181748887
test-8710,0.010748688481164607
test-87100,0.010188655527728512
test-87101,0.11192954368951438
test-87102,0.028607641580588972
test-87103,0.01597115356102689
test-87104,0.014998950325453238
test-87105,0.019337561257949203
test-87106,0.04411156844681953
test-87107,0.0429745351256132
test-87108,0.030286941016162305
test-87109,0.2129752933442284
test-8711,0.07069594112872052
test-87110,0.013444946971638425
test-87111,0.09894217917792562
test-87112,0.015412176111937488
test-87113,0.01273934715982744
test-87114,0.05275874059829882
test-87115,0.031806445972401766
test-87116,0.0229302996604477
test-87117,0.027081556979276857
test-87118,0.010024969971906408
test-87119,0.013536410101561452
test-8712,0.010946651187607955
test-87120,0.0669392073111586
test-87121,0.043696914876361785
test-87122,0.04177641840135566
test-87123,0.16568286298578144
test-87124,0.05997208020020565
test-87125,0.03623477497209866
test-87126,0.012637857763808859
test-87127,0.010271233686557621
test-87128,0.010918335201384076
test-87129,0.01266802749890149
test-8713,0.07236423176945778
test-87130,0.0955966801524942
test-87131,0.30251971913273523
test-87132,0.1351831742570013
test-87133,0.01727118633682698
test-87134,0.022274751448591975
test-87135,0.07720041666244461
test-87136,0.02466572337590596
test-87137,0.12058072678568103
test-87138,0.019056012249771076
test-87139,0.037861763727816286
test-8714,0.014236250470800828
test-87140,0.009618329893001749
test-87141,0.05230665780269048
test-87142,0.27803744885115866
test-87143,0.0895814877619895
test-87144,0.022625532028370966
test-87145,0.014548684008294644
test-87146,0.027954615967535144
test-87147,0.03027816880550415
test-87148,0.09442793442436977
test-87149,0.1751495388348391
test-8715,0.02049929970001181
test-87150,0.016883179715236726
test-87151,0.011880951982182668
test-87152,0.024480365737902594
test-87153,0.09903772037663199
test-87154,0.033226956303456776
test-87155,0.02663298210448609
test-87156,0.24056619489427739
test-87157,0.11683313777474796
test-87158,0.045284207247241075
test-87159,0.015909951692765146
test-8716,0.11749244952409066
test-87160,0.19048736183498177
test-87161,0.132714090823437
test-87162,0.00732578174977507
test-87163,0.09860381645007209
test-87164,0.019027674301522208
test-87165,0.16214454250781563
test-87166,0.0744723281479245
test-87167,0.0657549022287163
test-87168,0.019998315350719928
test-87169,0.059665048955062985
test-8717,0.07896917855603469
test-87170,0.02648290178332952
test-87171,0.020580851757618146
test-87172,0.021658277786438283
test-87173,0.11890417487470603
test-87174,0.024377819259390004
test-87175,0.011762755319119932
test-87176,0.04159534745840242
test-87177,0.016325790269004076
test-87178,0.038287735319688224
test-87179,0.013297670862006596
test-8718,0.23030391887170615
test-87180,0.016515546354808678
test-87181,0.020259003064827048
test-87182,0.025703577294049672
test-87183,0.03319937918278354
test-87184,0.017216420048747353
test-87185,0.008288136451075904
test-87186,0.1777036035450864
test-87187,0.03529265180657635
test-87188,0.02598049569371233
test-87189,0.22459328368695397
test-8719,0.1326376613397887
test-87190,0.25438247457343305
test-87191,0.034462792400414846
test-87192,0.06769089613322582
test-87193,0.03194127965795964
test-87194,0.01734339194779329
test-87195,0.01930468556229207
test-87196,0.010742044642731983
test-87197,0.019707743778586355
test-87198,0.00962382409007801
test-87199,0.028755793442352115
test-872,0.17817806229945354
test-8720,0.010348881028938932
test-87200,0.06318161661422249
test-87201,0.03808926221621729
test-87202,0.015188783787459262
test-87203,0.016154137508975378
test-87204,0.007946282802388302
test-87205,0.07315658337612102
test-87206,0.04787525941754744
test-87207,0.05727419425955791
test-87208,0.06796710711253955
test-87209,0.016039697226826136
test-8721,0.20355115739482127
test-87210,0.04942224245468778
test-87211,0.11554562149941483
test-87212,0.014864563503095857
test-87213,0.011996300655044008
test-87214,0.009414966565246602
test-87215,0.10405639580010465
test-87216,0.00639113071403613
test-87217,0.026216930443764126
test-87218,0.02645252420081829
test-87219,0.022438481409507275
test-8722,0.2309253890197855
test-87220,0.009019432199058054
test-87221,0.021430538357508053
test-87222,0.010024969971906408
test-87223,0.020980048166440675
test-87224,0.024963276608334938
test-87225,0.07984600052248031
test-87226,0.0687732139720173
test-87227,0.02759995246664544
test-87228,0.01208703890980563
test-87229,0.024840472341572606
test-8723,0.08326512865202722
test-87230,0.009994166219256294
test-87231,0.022451555100629794
test-87232,0.008077743068698653
test-87233,0.10295681870840506
test-87234,0.018410936076810394
test-87235,0.025571582792851107
test-87236,0.03958471858137933
test-87237,0.010792309895153169
test-87238,0.02197259144083672
test-87239,0.16608278633231904
test-8724,0.04484820883364802
test-87240,0.008997304990707066
test-87241,0.2013252368853557
test-87242,0.04510475158766041
test-87243,0.03491790665507071
test-87244,0.0448325566950084
test-87245,0.02945431274012236
test-87246,0.0077623498394145
test-87247,0.1380791299730482
test-87248,0.016427771866257577
test-87249,0.12143263438525861
test-8725,0.07132911358688375
test-87250,0.022417586968379213
test-87251,0.01456798924451902
test-87252,0.014003437494623575
test-87253,0.008649622310519127
test-87254,0.2326441813185484
test-87255,0.07896917855603469
test-87256,0.008168543516188431
test-87257,0.03301411209743846
test-87258,0.011671827749387579
test-87259,0.017807902641609526
test-8726,0.016499903587831818
test-87260,0.01845890342715518
test-87261,0.01074635737178932
test-87262,0.008090570092351626
test-87263,0.05988613904674519
test-87264,0.021143648771793578
test-87265,0.015309513774473461
test-87266,0.01774134411732555
test-87267,0.019153386378154395
test-87268,0.015883894426884176
test-87269,0.08039281303262634
test-8727,0.03562095255697073
test-87270,0.021869719819343273
test-87271,0.021924465195630995
test-87272,0.13067007614642376
test-87273,0.013025561554456963
test-87274,0.03787596503899015
test-87275,0.010918335201384076
test-87276,0.2311217839244408
test-87277,0.16186719979755265
test-87278,0.2576838846527506
test-87279,0.07825714499228684
test-8728,0.21139751852756639
test-87280,0.016193523197714017
test-87281,0.03941874907551302
test-87282,0.02101479569752798
test-87283,0.04768427161480724
test-87284,0.008156779328447366
test-87285,0.009772940216851206
test-87286,0.012565655141139678
test-87287,0.006151111407350198
test-87288,0.01992059990090833
test-87289,0.029254601910633577
test-8729,0.01638414844584576
test-87290,0.02372289305257482
test-87291,0.04799414015474895
test-87292,0.09227404579247826
test-87293,0.009984018502938759
test-87294,0.047232614136217634
test-87295,0.17891988833192093
test-87296,0.014535343291874376
test-87297,0.16773305942757163
test-87298,0.0126400355054972
test-87299,0.011082051018715226
test-873,0.07242652635064094
test-8730,0.23137210610314857
test-87300,0.03209874116013664
test-87301,0.030620651507083964
test-87302,0.27970340405427474
test-87303,0.0794417806673224
test-87304,0.009160252336922024
test-87305,0.027471521470755177
test-87306,0.0068951682828033625
test-87307,0.008232640027236459
test-87308,0.01637697474636509
test-87309,0.0182267329310619
test-8731,0.15549711590604845
test-87310,0.05339307069340168
test-87311,0.2012034996652472
test-87312,0.023929034585297184
test-87313,0.013444946971638425
test-87314,0.012787959833810928
test-87315,0.022472201161101008
test-87316,0.019675840370482707
test-87317,0.03667886671461944
test-87318,0.046009648738188004
test-87319,0.01989636507270669
test-8732,0.03226815907987904
test-87320,0.12703885704899234
test-87321,0.06674216070479491
test-87322,0.018712135161129226
test-87323,0.013231223177659046
test-87324,0.06799151022186396
test-87325,0.007977562368336749
test-87326,0.17891644454095984
test-87327,0.008197600366290482
test-87328,0.00928812140400781
test-87329,0.055781031473407544
test-8733,0.047457563689155415
test-87330,0.03958958421153576
test-87331,0.007387731261602231
test-87332,0.015048190128451334
test-87333,0.13191004154891964
test-87334,0.027492443055086198
test-87335,0.03263256366981311
test-87336,0.03593129388358587
test-87337,0.03957797408190487
test-87338,0.014600619165259609
test-87339,0.12663596937894922
test-8734,0.07300415700059695
test-87340,0.015472786976751285
test-87341,0.05339307069340168
test-87342,0.020435944047328285
test-87343,0.14512145817373082
test-87344,0.16234155056093585
test-87345,0.015878173971664068
test-87346,0.011310966049519193
test-87347,0.13731171035429612
test-87348,0.04634382349878865
test-87349,0.15769781488731235
test-8735,0.013977386501317116
test-87350,0.13774157405628287
test-87351,0.06164427346577812
test-87352,0.021849180946403052
test-87353,0.008023883990139279
test-87354,0.06085014682734813
test-87355,0.012634851557313025
test-87356,0.03185465793139559
test-87357,0.010083085105058637
test-87358,0.08594061947229828
test-87359,0.012188035328161002
test-8736,0.020024809652976774
test-87360,0.044693572919255665
test-87361,0.10116787087436344
test-87362,0.012638625129527487
test-87363,0.123817286149575
test-87364,0.33371744414447746
test-87365,0.042967296849123086
test-87366,0.03074039201538428
test-87367,0.13309739281064428
test-87368,0.13019056764220668
test-87369,0.023932179867766665
test-8737,0.12321639909223693
test-87370,0.14902839611463573
test-87371,0.260686008382042
test-87372,0.01674022696208704
test-87373,0.14073921282823854
test-87374,0.01013905173056012
test-87375,0.018706727508961466
test-87376,0.014140880349983077
test-87377,0.06359868054969112
test-87378,0.021590694717609327
test-87379,0.2113822831164665
test-8738,0.05743526441236153
test-87380,0.019685628011930644
test-87381,0.0299413033772697
test-87382,0.010704580554131034
test-87383,0.020184049019556536
test-87384,0.017576507669825457
test-87385,0.009738408159555992
test-87386,0.10812230317096443
test-87387,0.03262413693744255
test-87388,0.12331766581786574
test-87389,0.03874692167234776
test-8739,0.08890115724917734
test-87390,0.00671839494003325
test-87391,0.09208896582154043
test-87392,0.028422684100626427
test-87393,0.0835699126794136
test-87394,0.07010500168597945
test-87395,0.022030027059455403
test-87396,0.03442907185779456
test-87397,0.020075259195584075
test-87398,0.203735640436555
test-87399,0.05938685214174797
test-874,0.227355752960551
test-8740,0.05487776745599645
test-87400,0.024083284638722776
test-87401,0.028649912806412926
test-87402,0.05487776745599645
test-87403,0.007022721452521748
test-87404,0.020496323152607653
test-87405,0.3509570846365338
test-87406,0.030514651895886872
test-87407,0.01758828061369033
test-87408,0.05558962465360108
test-87409,0.037872103846271855
test-8741,0.13296995711126372
test-87410,0.010075542472203748
test-87411,0.0187144192902349
test-87412,0.17020373771528893
test-87413,0.1609755315561029
test-87414,0.12758786262445412
test-87415,0.0625519878536476
test-87416,0.028273413541993513
test-87417,0.018117646549584907
test-87418,0.06089950721733165
test-87419,0.017155512030186938
test-8742,0.009650833832607508
test-87420,0.023581325712360088
test-87421,0.1402991303967614
test-87422,0.0366900459855652
test-87423,0.05864029227358381
test-87424,0.04240035385992276
test-87425,0.04669344946477225
test-87426,0.011370123407763997
test-87427,0.025525937703219075
test-87428,0.18598824131231245
test-87429,0.05496554620243425
test-8743,0.017276232521300585
test-87430,0.05015468531813707
test-87431,0.0749588299774694
test-87432,0.015750545235185598
test-87433,0.020359834849302733
test-87434,0.06225719655276614
test-87435,0.014457000481766787
test-87436,0.0114484512596395
test-87437,0.018316777356367775
test-87438,0.01777889353555625
test-87439,0.05300577485512337
test-8744,0.12489131595518758
test-87440,0.043545495457166225
test-87441,0.01637697474636509
test-87442,0.010489795843934125
test-87443,0.07896917855603469
test-87444,0.01671009824104208
test-87445,0.1935647821538604
test-87446,0.00831841778191277
test-87447,0.17698495080743848
test-87448,0.010463413149435026
test-87449,0.020756355906802026
test-8745,0.02598049569371233
test-87450,0.07096468960185387
test-87451,0.009563308294786087
test-87452,0.019069217769753972
test-87453,0.15210944005586347
test-87454,0.12692952191271742
test-87455,0.01036636732248958
test-87456,0.013631076096040038
test-87457,0.00880067725196279
test-87458,0.02907831268546051
test-87459,0.03991427570930743
test-8746,0.026352142243202276
test-87460,0.016726141423569724
test-87461,0.03757735253880922
test-87462,0.0347734433732808
test-87463,0.0280163772918112
test-87464,0.016575462922337636
test-87465,0.022662619158796832
test-87466,0.09274540946517598
test-87467,0.014008075504383237
test-87468,0.10984577018741154
test-87469,0.020221850721717657
test-8747,0.13973243372521055
test-87470,0.007954904678930862
test-87471,0.15475287155605777
test-87472,0.012478942350740058
test-87473,0.13132105558481738
test-87474,0.010227445046546449
test-87475,0.02784835461398378
test-87476,0.010279519321885379
test-87477,0.011677729677375796
test-87478,0.26441953763938447
test-87479,0.07896917855603469
test-8748,0.26693057890405925
test-87480,0.0322560369895652
test-87481,0.024278729089129897
test-87482,0.028316599603896195
test-87483,0.016087635722876747
test-87484,0.00887709608893385
test-87485,0.20119292790449267
test-87486,0.020739379941251388
test-87487,0.016778284688104713
test-87488,0.01161806667147669
test-87489,0.04119651640927277
test-8749,0.048683300820999025
test-87490,0.012870054564923268
test-87491,0.029064859849740124
test-87492,0.010392896649428844
test-87493,0.011465152755054046
test-87494,0.07551185446136703
test-87495,0.01147819579155948
test-87496,0.020869326445499797
test-87497,0.1122218495113767
test-87498,0.052674532909894815
test-87499,0.30196885240146687
test-875,0.11461540169252886
test-8750,0.016875388043076298
test-87500,0.021784031723357876
test-87501,0.02524229897869827
test-87502,0.05206741762385401
test-87503,0.03194127965795964
test-87504,0.13789967507468318
test-87505,0.10289336101233029
test-87506,0.028046275295633333
test-87507,0.08651277181365045
test-87508,0.04252105837468247
test-87509,0.011082051018715226
test-8751,0.01852567859615389
test-87510,0.017993692828603837
test-87511,0.011268218548333755
test-87512,0.007363738907971307
test-87513,0.01442541232282069
test-87514,0.08539845892713605
test-87515,0.015846248989286014
test-87516,0.15117021876532866
test-87517,0.0158930305785489
test-87518,0.020062741988695745
test-87519,0.03258148716630862
test-8752,0.015014072948398379
test-87520,0.04122684860232754
test-87521,0.12976580773269095
test-87522,0.04315587774234556
test-87523,0.03409903900508733
test-87524,0.015681184739320828
test-87525,0.02870597061514193
test-87526,0.013092996208199046
test-87527,0.02639280334117678
test-87528,0.019828277784809414
test-87529,0.09123441404631848
test-8753,0.2587806466152034
test-87530,0.009989042179174698
test-87531,0.16616683282168765
test-87532,0.012482265817520075
test-87533,0.02250498232986426
test-87534,0.009348230728985572
test-87535,0.03957797408190487
test-87536,0.018518453607796664
test-87537,0.397614374502815
test-87538,0.04237206749852938
test-87539,0.17967765456155502
test-8754,0.38979480145718454
test-87540,0.015148361131163449
test-87541,0.009818069176606471
test-87542,0.13587297807310011
test-87543,0.05379346210386945
test-87544,0.024445716628658853
test-87545,0.02995403887978745
test-87546,0.04229053128805618
test-87547,0.024714241403395548
test-87548,0.012625212863619437
test-87549,0.13923524784566094
test-8755,0.02095753738498804
test-87550,0.022023821151709932
test-87551,0.16789493971333833
test-87552,0.026883908576461297
test-87553,0.014683195444024058
test-87554,0.04178401989134431
test-87555,0.017247980600876525
test-87556,0.07958009128105223
test-87557,0.09779463720545213
test-87558,0.09841383015734691
test-87559,0.06381606882513259
test-8756,0.10929626740085727
test-87560,0.008197600366290482
test-87561,0.024407381121466912
test-87562,0.015719738806906372
test-87563,0.029574855936272192
test-87564,0.1197908025942324
test-87565,0.315107226151039
test-87566,0.026372372374516787
test-87567,0.010823358649941982
test-87568,0.054764396225085755
test-87569,0.12231909602370386
test-8757,0.014916913276209056
test-87570,0.0174016335534161
test-87571,0.01441183347309364
test-87572,0.022826940420290327
test-87573,0.027268537729078043
test-87574,0.05339307069340168
test-87575,0.01679972627526747
test-87576,0.01487958540261633
test-87577,0.009966411005197944
test-87578,0.02602758607129931
test-87579,0.25824812431170746
test-8758,0.014153918088320418
test-87580,0.02651689611624216
test-87581,0.018865905419998177
test-87582,0.05084801641932254
test-87583,0.02867372471793859
test-87584,0.03007813449517552
test-87585,0.016784868814725552
test-87586,0.0986631236399291
test-87587,0.02003843258395867
test-87588,0.04539901218494828
test-87589,0.08676426786931425
test-8759,0.19904873028490636
test-87590,0.011560473253518716
test-87591,0.00991806474110136
test-87592,0.044689260717378713
test-87593,0.02605744521686603
test-87594,0.012736733472763398
test-87595,0.024149994659521945
test-87596,0.06721393631980155
test-87597,0.04049860151896432
test-87598,0.013788340457779415
test-87599,0.014360899375056815
test-876,0.019933032170278975
test-8760,0.05093417845013508
test-87600,0.012075704752698844
test-87601,0.04814516472107979
test-87602,0.14558029178207024
test-87603,0.031874446341145446
test-87604,0.027802238468958258
test-87605,0.03920123298465898
test-87606,0.03130277523306193
test-87607,0.009965729279134094
test-87608,0.007203020285967179
test-87609,0.017265626903320144
test-8761,0.017113274412646883
test-87610,0.21489911827006877
test-87611,0.020125299926695546
test-87612,0.11697744793537139
test-87613,0.00897954525936133
test-87614,0.018771135681529497
test-87615,0.009530064564150809
test-87616,0.016651143113420606
test-87617,0.07332223118954193
test-87618,0.04293092371142386
test-87619,0.01021299627692796
test-8762,0.021293584199782365
test-87620,0.024517662660948913
test-87621,0.027757983009152238
test-87622,0.0902422755812636
test-87623,0.025604086755368283
test-87624,0.017388010601174876
test-87625,0.0368516459237587
test-87626,0.37196886758499326
test-87627,0.04236037274939708
test-87628,0.13532268942713485
test-87629,0.009256600130851904
test-8763,0.016936734900602143
test-87630,0.04315587774234556
test-87631,0.01395593935710417
test-87632,0.1684884044853316
test-87633,0.0979980998133034
test-87634,0.26905772254220034
test-87635,0.019465613867788913
test-87636,0.008075818636579244
test-87637,0.0077853767945654535
test-87638,0.020480963883373064
test-87639,0.01173901088197153
test-8764,0.1355258233577007
test-87640,0.026393774526084657
test-87641,0.02955038929081786
test-87642,0.011036065895306901
test-87643,0.011411902454233926
test-87644,0.011699930313654617
test-87645,0.015986505377758482
test-87646,0.029890376892379462
test-87647,0.016394328576076526
test-87648,0.2300030532832985
test-87649,0.07765548192385864
test-8765,0.011174086246053393
test-87650,0.018706727508961466
test-87651,0.036132668341369224
test-87652,0.04159523689576611
test-87653,0.009236858182187875
test-87654,0.19345777685744178
test-87655,0.029527129801692416
test-87656,0.011751739614482138
test-87657,0.016203947594020923
test-87658,0.008243725108676022
test-87659,0.024027263882767453
test-8766,0.02798271095253137
test-87660,0.015986843897799835
test-87661,0.0743675684154191
test-87662,0.028292411074917968
test-87663,0.1869392752319867
test-87664,0.00900513510810355
test-87665,0.018169731701145116
test-87666,0.013162130718821495
test-87667,0.011082051018715226
test-87668,0.009403485073012089
test-87669,0.3600252014954279
test-8767,0.009915225345027963
test-87670,0.02200192611131224
test-87671,0.029003940013787838
test-87672,0.1353202176868736
test-87673,0.30548031331305875
test-87674,0.02340130381339567
test-87675,0.12496268185326383
test-87676,0.009356417081042316
test-87677,0.08045015644888329
test-87678,0.0732858674232542
test-87679,0.012116258111745616
test-8768,0.1484237919532445
test-87680,0.13521913404197047
test-87681,0.07765548192385864
test-87682,0.0888687870523802
test-87683,0.01692888892494666
test-87684,0.2720560808374339
test-87685,0.020925607913004473
test-87686,0.06435139039252318
test-87687,0.1848789253223862
test-87688,0.022023821151709932
test-87689,0.0157691741328382
test-8769,0.24719078698632288
test-87690,0.015811397428169775
test-87691,0.0443513945333651
test-87692,0.020944623666427728
test-87693,0.05144120633456279
test-87694,0.01615766264560853
test-87695,0.006982779756623047
test-87696,0.01881495786627741
test-87697,0.019266997125981605
test-87698,0.04577676681081587
test-87699,0.13428016079192162
test-877,0.034473117276455946
test-8770,0.08685312191020479
test-87700,0.026923862821414773
test-87701,0.07896917855603469
test-87702,0.030693307441177507
test-87703,0.019016407243113192
test-87704,0.010709729575568644
test-87705,0.020507170137012535
test-87706,0.0260438042292772
test-87707,0.13632316857259644
test-87708,0.07097412885645901
test-87709,0.08196539507469099
test-8771,0.06674005462009303
test-87710,0.02026370555407444
test-87711,0.018711903455542037
test-87712,0.016403628667476796
test-87713,0.02223910858568407
test-87714,0.17205254468530673
test-87715,0.1176220344658729
test-87716,0.130548901651856
test-87717,0.019635057115063442
test-87718,0.03427747901925157
test-87719,0.02816496862718364
test-8772,0.12323797835386725
test-87720,0.01786746647021417
test-87721,0.060830464168921544
test-87722,0.016106565418994512
test-87723,0.0093186409681366
test-87724,0.013428843715478823
test-87725,0.2827098911814237
test-87726,0.392384885872647
test-87727,0.009844766817339836
test-87728,0.021210118089141316
test-87729,0.026355129758302818
test-8773,0.02017065735313295
test-87730,0.11512351736983528
test-87731,0.07386066942825245
test-87732,0.011091687408205604
test-87733,0.05470948076106245
test-87734,0.0483614634023874
test-87735,0.01965288959983922
test-87736,0.21127778531504238
test-87737,0.06148338625392867
test-87738,0.0164934355381801
test-87739,0.054565847558739
test-8774,0.008573758194328727
test-87740,0.03758132345373125
test-87741,0.009386076011947452
test-87742,0.03017388670380146
test-87743,0.020318717795015963
test-87744,0.02236510515530074
test-87745,0.01589035815267508
test-87746,0.06244009418767886
test-87747,0.07743156586723224
test-87748,0.028503810481409535
test-87749,0.08771939818482093
test-8775,0.04118162584335667
test-87750,0.026728511274861064
test-87751,0.14397111367703455
test-87752,0.14676562281066177
test-87753,0.012738785080450087
test-87754,0.1519000464467819
test-87755,0.015559031575238011
test-87756,0.007481873208917789
test-87757,0.025883190362007556
test-87758,0.17883018831886555
test-87759,0.0068491452304746845
test-8776,0.04699237683438119
test-87760,0.01882346471098649
test-87761,0.010718440666179307
test-87762,0.07851896097445257
test-87763,0.008058483389750105
test-87764,0.01559449890304371
test-87765,0.022083793800260838
test-87766,0.030906737979454268
test-87767,0.00899916137985698
test-87768,0.010356567696359613
test-87769,0.04252105837468247
test-8777,0.15426205512377889
test-87770,0.008592077025621193
test-87771,0.1300690995050888
test-87772,0.019921241447749958
test-87773,0.008895591537698904
test-87774,0.039824095632765635
test-87775,0.12796851635119139
test-87776,0.12448885850903131
test-87777,0.011254557846828722
test-87778,0.025647882144580723
test-87779,0.016056061891928687
test-8778,0.30260287132387503
test-87780,0.021741825633071605
test-87781,0.04648023758928104
test-87782,0.03714988897915884
test-87783,0.03957797408190487
test-87784,0.018628539040674744
test-87785,0.014540154873623373
test-87786,0.10037535801015426
test-87787,0.007839362975198416
test-87788,0.0489834275974375
test-87789,0.014480572420051926
test-8779,0.2533168473107885
test-87790,0.0373728040767616
test-87791,0.060356192116148476
test-87792,0.017741246842243322
test-87793,0.010271233686557621
test-87794,0.008805206720304529
test-87795,0.04296260791536732
test-87796,0.05909441517237345
test-87797,0.03776885391726239
test-87798,0.02553232809539905
test-87799,0.25303388014412476
test-878,0.11553915647770084
test-8780,0.0187144192902349
test-87800,0.0173696774484928
test-87801,0.037486638302877136
test-87802,0.01131802106392118
test-87803,0.011343455380062293
test-87804,0.011087883562058948
test-87805,0.13831842571878222
test-87806,0.1393016268737843
test-87807,0.01913203561492387
test-87808,0.09601536127239164
test-87809,0.05371872340458164
test-8781,0.08693098885129331
test-87810,0.02779380223213587
test-87811,0.044122139529023136
test-87812,0.058126866830195106
test-87813,0.030781103620546018
test-87814,0.0664827329776874
test-87815,0.020331652730733653
test-87816,0.12125286830571412
test-87817,0.011911170297357875
test-87818,0.010700744377942424
test-87819,0.011422784241576235
test-8782,0.10969952830699498
test-87820,0.35586311946102844
test-87821,0.011242951009948638
test-87822,0.07608168199008951
test-87823,0.0240880739879329
test-87824,0.17163061263117607
test-87825,0.01026305264657274
test-87826,0.02963520115477721
test-87827,0.016444439278180616
test-87828,0.010143516302998059
test-87829,0.1579372054043708
test-8783,0.013981416839959387
test-87830,0.011041419825412208
test-87831,0.13487758443727244
test-87832,0.03764929200257285
test-87833,0.018316777356367775
test-87834,0.008796480038007155
test-87835,0.015945139559765002
test-87836,0.021444932506075636
test-87837,0.0162954017566519
test-87838,0.025341117694474113
test-87839,0.013719405501298245
test-8784,0.10585130786171862
test-87840,0.08110413393213176
test-87841,0.03495007573535425
test-87842,0.08378240874564538
test-87843,0.03991427570930743
test-87844,0.025385233605450495
test-87845,0.39791465891427785
test-87846,0.15823745594431388
test-87847,0.008330859088070198
test-87848,0.008394067847488612
test-87849,0.052684037459789425
test-8785,0.10722407531281845
test-87850,0.020236035736877007
test-87851,0.020665047854502877
test-87852,0.027860921275786606
test-87853,0.10567659221388391
test-87854,0.048321682373580525
test-87855,0.2148442952440062
test-87856,0.011196794005503902
test-87857,0.020210587292382003
test-87858,0.027403064670323926
test-87859,0.012442718113033935
test-8786,0.010115238797652937
test-87860,0.028277848795343924
test-87861,0.040036434232552064
test-87862,0.17521850326730876
test-87863,0.1508126009690024
test-87864,0.01319448506027144
test-87865,0.02796399542647588
test-87866,0.061577899304617906
test-87867,0.08236541236715608
test-87868,0.011359874430755456
test-87869,0.053325992499365656
test-8787,0.0669392073111586
test-87870,0.3171960982840358
test-87871,0.03310317021224214
test-87872,0.01661035421798725
test-87873,0.03064121009433336
test-87874,0.05741178589677457
test-87875,0.043447753026877894
test-87876,0.0890143174030048
test-87877,0.11213436390471158
test-87878,0.028457835777097124
test-87879,0.0183704394230241
test-8788,0.1900506985113859
test-87880,0.062335148864845154
test-87881,0.01031664283071258
test-87882,0.0327176475037165
test-87883,0.02603801234091004
test-87884,0.008320662424961694
test-87885,0.02333058018475714
test-87886,0.02474146598666657
test-87887,0.03403254564709647
test-87888,0.027148040969383867
test-87889,0.016962901397223146
test-8789,0.059727995878702915
test-87890,0.19857174458809437
test-87891,0.017651983206073626
test-87892,0.011777306859587586
test-87893,0.009705203620655195
test-87894,0.14674696728464093
test-87895,0.027378857716906096
test-87896,0.02245885339209456
test-87897,0.03155358373482753
test-87898,0.011868116856013074
test-87899,0.016302800447592816
test-879,0.01458850814505007
test-8790,0.07896917855603469
test-87900,0.013131820067274274
test-87901,0.017807902641609526
test-87902,0.008272482686289459
test-87903,0.02324720332731503
test-87904,0.0075489033313122485
test-87905,0.02302831506208547
test-87906,0.05683891877039865
test-87907,0.011818468387697326
test-87908,0.047993435583829194
test-87909,0.01727163945010672
test-8791,0.3055409883856867
test-87910,0.01035434466367276
test-87911,0.028336051054256836
test-87912,0.18011064362275767
test-87913,0.032037450816700896
test-87914,0.02603100454454608
test-87915,0.016503345799997474
test-87916,0.010922563486814944
test-87917,0.01432967357752572
test-87918,0.039722996246433585
test-87919,0.026431142054553252
test-8792,0.08219192647824698
test-87920,0.10314629509485564
test-87921,0.023373420382206373
test-87922,0.008453896783051624
test-87923,0.01498128380150083
test-87924,0.00900513510810355
test-87925,0.1639118424734606
test-87926,0.012598855144659523
test-87927,0.01280389052784902
test-87928,0.07765548192385864
test-87929,0.028562276380827197
test-8793,0.018401816081852783
test-87930,0.040746976345358094
test-87931,0.01173901088197153
test-87932,0.11408978691257952
test-87933,0.008490154804854565
test-87934,0.011249017373407385
test-87935,0.011639691966579295
test-87936,0.1635218154507734
test-87937,0.011857623872962826
test-87938,0.020011928444017776
test-87939,0.019614807682418467
test-8794,0.02657228711635579
test-87940,0.021319315146636438
test-87941,0.020502686192723076
test-87942,0.18747339786873296
test-87943,0.018804898045346775
test-87944,0.009309036998174775
test-87945,0.025277152564639832
test-87946,0.008999574662030108
test-87947,0.016885287257782655
test-87948,0.1384232975468862
test-87949,0.0935133585233389
test-8795,0.023973264661643904
test-87950,0.023960804212880816
test-87951,0.0960649301636989
test-87952,0.03546073849563238
test-87953,0.017528384324010958
test-87954,0.23688267103506383
test-87955,0.006353433658562466
test-87956,0.02257566170028027
test-87957,0.010997960926486099
test-87958,0.015778368859065976
test-87959,0.013517150838820793
test-8796,0.08657220150398529
test-87960,0.22434426121211481
test-87961,0.01462905454329805
test-87962,0.1322439606885938
test-87963,0.014168050579447875
test-87964,0.11294349455884424
test-87965,0.13665876821767273
test-87966,0.1886560896407149
test-87967,0.049756351552564915
test-87968,0.012861729280073488
test-87969,0.018450199558404486
test-8797,0.010721340125093718
test-87970,0.05380234741506517
test-87971,0.02192173986654284
test-87972,0.027964990349851743
test-87973,0.030450134565311572
test-87974,0.008286064909628426
test-87975,0.2110394259614162
test-87976,0.041400288847125724
test-87977,0.16063224834220544
test-87978,0.020446234033832653
test-87979,0.12954064052101308
test-8798,0.0955966801524942
test-87980,0.17240161717634522
test-87981,0.019454381967708587
test-87982,0.09860381645007209
test-87983,0.15339956994577322
test-87984,0.039782473069620065
test-87985,0.02078715859193339
test-87986,0.03202165990116118
test-87987,0.030690429230251847
test-87988,0.03835317454843988
test-87989,0.009686133284585799
test-8799,0.013479767091371279
test-87990,0.014373814663533477
test-87991,0.024829435002931232
test-87992,0.03792901334906878
test-87993,0.027196825730237004
test-87994,0.079085343038518
test-87995,0.014127126033660618
test-87996,0.04354569745543168
test-87997,0.24323069701174355
test-87998,0.018031363975851082
test-87999,0.01862634074459623
test-88,0.11554691356435694
test-880,0.022414797019125212
test-8800,0.00827707749723537
test-88000,0.011879018092286201
test-88001,0.06983136155849988
test-88002,0.014266041686864326
test-88003,0.2290633232194293
test-88004,0.020242004870349262
test-88005,0.1498790469677485
test-88006,0.08914410527939537
test-88007,0.01237402092432682
test-88008,0.010227520402606405
test-88009,0.07999958133741188
test-8801,0.03924702041170439
test-88010,0.041675933137286646
test-88011,0.020199612612464463
test-88012,0.05212991792933512
test-88013,0.011605176797644817
test-88014,0.10062551206765444
test-88015,0.12750083480216265
test-88016,0.08003083037374147
test-88017,0.15645864261857245
test-88018,0.09710298061517791
test-88019,0.013327400145216967
test-8802,0.21409576545992262
test-88020,0.018706727508961466
test-88021,0.03486860627352708
test-88022,0.022542486318744843
test-88023,0.13291945101746816
test-88024,0.015105018792128503
test-88025,0.011374594655167198
test-88026,0.19089377198190302
test-88027,0.012951998749098395
test-88028,0.049203501550690976
test-88029,0.00650870150399279
test-8803,0.07213842655367986
test-88030,0.12819412947753134
test-88031,0.13677235331463847
test-88032,0.0669392073111586
test-88033,0.0687732139720173
test-88034,0.026216930443764126
test-88035,0.07918115766812352
test-88036,0.04242199616789682
test-88037,0.1387564677932596
test-88038,0.05850655745336351
test-88039,0.06390585972311909
test-8804,0.24485918947988367
test-88040,0.007697536551849628
test-88041,0.010719340920661664
test-88042,0.12520782293015564
test-88043,0.0750653308074997
test-88044,0.018396005982922063
test-88045,0.020916396379537638
test-88046,0.025509170065145217
test-88047,0.010057214961593295
test-88048,0.07896917855603469
test-88049,0.020483871052436705
test-8805,0.2160517729867294
test-88050,0.11240302101617002
test-88051,0.013750835097830537
test-88052,0.01731954028191702
test-88053,0.021040873891020342
test-88054,0.013406594352354084
test-88055,0.016645629680255267
test-88056,0.024597516504829907
test-88057,0.014236250470800828
test-88058,0.2148442952440062
test-88059,0.057972615754059396
test-8806,0.04371739997126556
test-88060,0.11992865485900006
test-88061,0.02325866809693862
test-88062,0.008445323584903503
test-88063,0.03275754445374959
test-88064,0.03356989327243176
test-88065,0.038353391117821135
test-88066,0.021700944982932895
test-88067,0.01031664283071258
test-88068,0.03605421018361057
test-88069,0.03208654931611094
test-8807,0.020290532282147705
test-88070,0.026040405474379993
test-88071,0.024751064944897656
test-88072,0.019326937525337786
test-88073,0.025148301981319555
test-88074,0.010659898690639335
test-88075,0.20813853482740824
test-88076,0.018577706371950747
test-88077,0.11040696349941045
test-88078,0.18360177011955472
test-88079,0.02114740725879859
test-8808,0.024468009455700653
test-88080,0.0075944563816811176
test-88081,0.1023693404933074
test-88082,0.03517554983071838
test-88083,0.0707119985986715
test-88084,0.16320092688270313
test-88085,0.02433213572329047
test-88086,0.018322442939750865
test-88087,0.02961936100554334
test-88088,0.18275950241815792
test-88089,0.021835974180061942
test-8809,0.010052132553226317
test-88090,0.12669521753714805
test-88091,0.012924771305930775
test-88092,0.04252105837468247
test-88093,0.11640231571006414
test-88094,0.01764282108829815
test-88095,0.01288682404724962
test-88096,0.019828277784809414
test-88097,0.03559431518427349
test-88098,0.2505730663753955
test-88099,0.016719129736581767
test-881,0.11246601556151103
test-8810,0.10016106950207247
test-88100,0.01116444092906715
test-88101,0.028823352905097358
test-88102,0.01897242828606192
test-88103,0.010823358649941982
test-88104,0.02420958048977002
test-88105,0.007951617407491823
test-88106,0.03583805997628452
test-88107,0.012471422159022128
test-88108,0.12944773493463035
test-88109,0.13917118428459713
test-8811,0.01557438856221809
test-88110,0.020886086336706022
test-88111,0.15338201925055583
test-88112,0.0162893701042809
test-88113,0.08855448568457788
test-88114,0.014606832165642208
test-88115,0.02408779942916157
test-88116,0.010904980538998623
test-88117,0.03180400827475499
test-88118,0.009738410173290619
test-88119,0.030874113281043728
test-8812,0.04674766287810895
test-88120,0.1121843011151068
test-88121,0.31550847351172256
test-88122,0.2660160677032234
test-88123,0.02568131200954602
test-88124,0.014008075504383237
test-88125,0.22114811925011757
test-88126,0.02449644764351692
test-88127,0.07406179485738844
test-88128,0.02423757797379107
test-88129,0.08849578352119367
test-8813,0.16800936048601772
test-88130,0.020690612850842293
test-88131,0.04937716234769883
test-88132,0.010917411568217045
test-88133,0.02662779236944409
test-88134,0.015815965962645877
test-88135,0.014399707778487845
test-88136,0.08354428312048622
test-88137,0.14007787269369287
test-88138,0.09144614864142239
test-88139,0.02663298210448609
test-8814,0.025935357448621042
test-88140,0.011208056652621264
test-88141,0.010893843587264005
test-88142,0.024002282330869602
test-88143,0.018227524937774294
test-88144,0.12049039650739697
test-88145,0.08091840458510943
test-88146,0.054000364409405574
test-88147,0.010604843825374376
test-88148,0.016993546933886845
test-88149,0.009482856086595772
test-8815,0.04049860151896432
test-88150,0.02661811586773534
test-88151,0.02126560026085898
test-88152,0.011017340597092435
test-88153,0.016622352651816445
test-88154,0.07486656816715283
test-88155,0.010293197285930077
test-88156,0.00880067725196279
test-88157,0.012529662670664195
test-88158,0.022748332946238063
test-88159,0.031586737983783704
test-8816,0.10849311745818162
test-88160,0.01148996846995849
test-88161,0.018460160703122282
test-88162,0.02471153175408407
test-88163,0.0260438042292772
test-88164,0.018987190051375304
test-88165,0.010518515789053254
test-88166,0.1285727876993293
test-88167,0.031198224452785042
test-88168,0.029890376892379462
test-88169,0.007971471101093905
test-8817,0.16695447271917302
test-88170,0.05741266304492197
test-88171,0.04091251573467997
test-88172,0.0669392073111586
test-88173,0.24555321281612957
test-88174,0.013939369033710135
test-88175,0.010133022899862969
test-88176,0.01162002255737999
test-88177,0.026301302825755168
test-88178,0.07723751110542583
test-88179,0.029022194395581277
test-8818,0.02725827417866087
test-88180,0.027834121344602537
test-88181,0.07492813549275337
test-88182,0.01454473834414496
test-88183,0.010815139353976839
test-88184,0.026424429060477466
test-88185,0.042172315621939446
test-88186,0.06803412447426488
test-88187,0.024973833777818692
test-88188,0.011312454495332344
test-88189,0.025992353871990375
test-8819,0.36924366150896065
test-88190,0.006261120288745236
test-88191,0.02808957570208602
test-88192,0.013872134298088324
test-88193,0.010325175883333215
test-88194,0.024419977396123817
test-88195,0.017186456114691155
test-88196,0.00979400015685793
test-88197,0.016788261964655358
test-88198,0.15096575519086872
test-88199,0.010715963218585018
test-882,0.0316438535469706
test-8820,0.15203904657541262
test-88200,0.045734097995130764
test-88201,0.07788646983007862
test-88202,0.02715081174475482
test-88203,0.11140168642642115
test-88204,0.029502441447091132
test-88205,0.011841520233121856
test-88206,0.016160909900064323
test-88207,0.008983746185132039
test-88208,0.031719140826544895
test-88209,0.14306010820841433
test-8821,0.022836776208534863
test-88210,0.017759253593057432
test-88211,0.042666327642877505
test-88212,0.020046699504640306
test-88213,0.11259720249794637
test-88214,0.011465152755054046
test-88215,0.1794910376344284
test-88216,0.0370178999960362
test-88217,0.03787570959926973
test-88218,0.015417279176954164
test-88219,0.025424960424923388
test-8822,0.3057175839488521
test-88220,0.05518056757966165
test-88221,0.02603801234091004
test-88222,0.03722215104813557
test-88223,0.011690350046687394
test-88224,0.009926168162735718
test-88225,0.01098793396604201
test-88226,0.12796851635119139
test-88227,0.03219798668480726
test-88228,0.021700944982932895
test-88229,0.00986692341770471
test-8823,0.08110413393213176
test-88230,0.059793372321514666
test-88231,0.02064984643977935
test-88232,0.050415637044265625
test-88233,0.027148237276201435
test-88234,0.13988424692881987
test-88235,0.010663423301942157
test-88236,0.030335608896396832
test-88237,0.00963481058457427
test-88238,0.03813944697403913
test-88239,0.0752251019273331
test-8824,0.021228302450481917
test-88240,0.0669392073111586
test-88241,0.01970091590381295
test-88242,0.029464430150035102
test-88243,0.07283857716050303
test-88244,0.2600372097738678
test-88245,0.024002282330869602
test-88246,0.017694712729838937
test-88247,0.018242833628021118
test-88248,0.10775224707145398
test-88249,0.01603454496127509
test-8825,0.2706801743346109
test-88250,0.01779000476566912
test-88251,0.18741773273600165
test-88252,0.01726123743968007
test-88253,0.04166971932024224
test-88254,0.010823358649941982
test-88255,0.09787796055403811
test-88256,0.014254653490743948
test-88257,0.07998197518762408
test-88258,0.021869719819343273
test-88259,0.12766507797595808
test-8826,0.027623844543283038
test-88260,0.015177193228578464
test-88261,0.026704369258442252
test-88262,0.016186416369884243
test-88263,0.1790649654737557
test-88264,0.07889068563371673
test-88265,0.24280323467699297
test-88266,0.023515954711503115
test-88267,0.013663271953862799
test-88268,0.0205711023221285
test-88269,0.10230256088136595
test-8827,0.009328593077065213
test-88270,0.06406681876978015
test-88271,0.17884041838722128
test-88272,0.14842351771471976
test-88273,0.007830037998292384
test-88274,0.037278511598783384
test-88275,0.021897757146381508
test-88276,0.00958483757738907
test-88277,0.00899991489377161
test-88278,0.05479600638541465
test-88279,0.007475948469375742
test-8828,0.14457796798817518
test-88280,0.037211025947255096
test-88281,0.009256600130851904
test-88282,0.2573827684502345
test-88283,0.19179998117049887
test-88284,0.00904398707760681
test-88285,0.014371662010114477
test-88286,0.012084274732838221
test-88287,0.0076923280727946
test-88288,0.03269320704520948
test-88289,0.07955672582119087
test-8829,0.13151085338545182
test-88290,0.009264665489114912
test-88291,0.02372289305257482
test-88292,0.026682112298197887
test-88293,0.02403795424937874
test-88294,0.011257661185037569
test-88295,0.07487722538896265
test-88296,0.00967846089560349
test-88297,0.07456957949526385
test-88298,0.010078712906788054
test-88299,0.01617223722163442
test-883,0.016637282200772784
test-8830,0.1749678824801583
test-88300,0.021760638298499314
test-88301,0.01164849827627573
test-88302,0.019282984525144174
test-88303,0.04186518403540623
test-88304,0.06101801007581704
test-88305,0.01213298158083581
test-88306,0.0091119697118891
test-88307,0.23816691050534183
test-88308,0.014321989434331162
test-88309,0.010745448128978348
test-8831,0.014080232656244744
test-88310,0.021917468811671503
test-88311,0.02091222384290852
test-88312,0.019966441443603728
test-88313,0.0376155050181073
test-88314,0.01681085626989673
test-88315,0.05015468531813707
test-88316,0.052587175427313934
test-88317,0.04787331520676054
test-88318,0.15683410776034584
test-88319,0.009852807965425068
test-8832,0.4073171871986317
test-88320,0.02907702845027403
test-88321,0.014178545104405003
test-88322,0.29087931956811774
test-88323,0.014826703789645164
test-88324,0.008526733918957686
test-88325,0.028981466640971454
test-88326,0.013798333689552196
test-88327,0.24210944640440804
test-88328,0.010196066518519007
test-88329,0.0765176442062777
test-8833,0.03827973043172434
test-88330,0.07219192785820801
test-88331,0.013444946971638425
test-88332,0.041994584683696344
test-88333,0.07767950584542962
test-88334,0.009482856086595772
test-88335,0.1368064526262009
test-88336,0.0243971915364294
test-88337,0.02765909158962905
test-88338,0.010871437002386403
test-88339,0.011030138218203044
test-8834,0.131366040423907
test-88340,0.06866260127631668
test-88341,0.08227449316788707
test-88342,0.01585757948881839
test-88343,0.1343478038325323
test-88344,0.02211089486991527
test-88345,0.009915839647454561
test-88346,0.17261752591391524
test-88347,0.01998071512430176
test-88348,0.15275431542714896
test-88349,0.008584263635107208
test-8835,0.09673533330374554
test-88350,0.023099212648481113
test-88351,0.02160678382988693
test-88352,0.24399789090788812
test-88353,0.019855157490167967
test-88354,0.023529249498726874
test-88355,0.02925157483134826
test-88356,0.047568442819313585
test-88357,0.0787718604191346
test-88358,0.16082679154715923
test-88359,0.15314007854052042
test-8836,0.022073572992487658
test-88360,0.12954064052101308
test-88361,0.015297839815188513
test-88362,0.02436531142295488
test-88363,0.009154938317533024
test-88364,0.017668780436788906
test-88365,0.011929969105928384
test-88366,0.02859238037332473
test-88367,0.016778284688104713
test-88368,0.012694993520639703
test-88369,0.025758114360300347
test-8837,0.015264750464702478
test-88370,0.015258389464753865
test-88371,0.013659514988185578
test-88372,0.03517554983071838
test-88373,0.19112276911442277
test-88374,0.015601370124360518
test-88375,0.0180615437198935
test-88376,0.1407761462640814
test-88377,0.007901103370237654
test-88378,0.02017732682571814
test-88379,0.08197338168541957
test-8838,0.06007031728018209
test-88380,0.12796851635119139
test-88381,0.09565738887597387
test-88382,0.015681184739320828
test-88383,0.01786735337235956
test-88384,0.2762814501491187
test-88385,0.09126805270809048
test-88386,0.021524950544356207
test-88387,0.04370574246874612
test-88388,0.03808926221621729
test-88389,0.008443481737337723
test-8839,0.016386197940129774
test-88390,0.2767558218187672
test-88391,0.036882835219586484
test-88392,0.015660060785373967
test-88393,0.010202299175626968
test-88394,0.073027340999231
test-88395,0.012732960263804157
test-88396,0.009461553684584335
test-88397,0.04252105837468247
test-88398,0.018628539040674744
test-88399,0.022577654216043946
test-884,0.0940313034893328
test-8840,0.3378408958024599
test-88400,0.02247169137191558
test-88401,0.14971178280823622
test-88402,0.040036434232552064
test-88403,0.07995118387683771
test-88404,0.036533864241697536
test-88405,0.0322560369895652
test-88406,0.07806443892272137
test-88407,0.041505887048189326
test-88408,0.12431716947007339
test-88409,0.0442464126717622
test-8841,0.08782814312540718
test-88410,0.030759398967464758
test-88411,0.03697906117163682
test-88412,0.0173761038898696
test-88413,0.12784867265642416
test-88414,0.051634777003623795
test-88415,0.023365772919033252
test-88416,0.0744759739511813
test-88417,0.02078762360595993
test-88418,0.10123556368957942
test-88419,0.09435854111353265
test-8842,0.027046881388020673
test-88420,0.03975702713282615
test-88421,0.008728513773104405
test-88422,0.029938427210117434
test-88423,0.0707119985986715
test-88424,0.08183123166000783
test-88425,0.01074635737178932
test-88426,0.0707119985986715
test-88427,0.03280236076672631
test-88428,0.016387478579201618
test-88429,0.011214326912901211
test-8843,0.013889298445255698
test-88430,0.01857482603126428
test-88431,0.049744957843033503
test-88432,0.010893843587264005
test-88433,0.13130022451540993
test-88434,0.03326765711220748
test-88435,0.008573758194328727
test-88436,0.018743344907548583
test-88437,0.02556035589781331
test-88438,0.0388150545479054
test-88439,0.029258086834234535
test-8844,0.12643150184150462
test-88440,0.13877500490081215
test-88441,0.019046120479644
test-88442,0.021698664605298852
test-88443,0.0994005972965409
test-88444,0.024973319500402068
test-88445,0.013347766337239511
test-88446,0.0669392073111586
test-88447,0.04523281097174513
test-88448,0.08007682649113798
test-88449,0.0362044282532746
test-8845,0.025743047384927036
test-88450,0.009056978631900038
test-88451,0.025448306330760756
test-88452,0.06002598762543464
test-88453,0.06769089613322582
test-88454,0.04969279491696665
test-88455,0.036400905953909116
test-88456,0.025761140132021805
test-88457,0.01781423114952014
test-88458,0.017645380032289507
test-88459,0.24823816569788765
test-8846,0.060356192116148476
test-88460,0.009717981369202747
test-88461,0.011082051018715226
test-88462,0.020708021363024128
test-88463,0.10016851321110637
test-88464,0.01090978198911685
test-88465,0.02883466230565798
test-88466,0.1566146391559097
test-88467,0.06108085344638038
test-88468,0.23637669351972465
test-88469,0.017412464826332057
test-8847,0.01575935811746634
test-88470,0.0858843580568705
test-88471,0.015514309943200636
test-88472,0.027087754561978684
test-88473,0.014744564370080336
test-88474,0.011263698770524916
test-88475,0.06601144689545808
test-88476,0.0070255302413999654
test-88477,0.05339307069340168
test-88478,0.020595929113816736
test-88479,0.10518758840254525
test-8848,0.06803412447426488
test-88480,0.0669392073111586
test-88481,0.025271041215405944
test-88482,0.13303168498245135
test-88483,0.09519680221361382
test-88484,0.01285659804571087
test-88485,0.026372372374516787
test-88486,0.04335164305581543
test-88487,0.03612832324941854
test-88488,0.008817404750054759
test-88489,0.2035683834718002
test-8849,0.006207363585857187
test-88490,0.019706195253330887
test-88491,0.0165877238589325
test-88492,0.022212951306708403
test-88493,0.04526910096224766
test-88494,0.024524834997509154
test-88495,0.029688487893000406
test-88496,0.043447753026877894
test-88497,0.029129000577523205
test-88498,0.025324319870253253
test-88499,0.2891647895704211
test-885,0.07765455894284956
test-8850,0.16948764875643343
test-88500,0.011730224374831604
test-88501,0.009368847269804696
test-88502,0.023505039789310376
test-88503,0.02321290596771312
test-88504,0.009461553684584335
test-88505,0.19012374795496537
test-88506,0.14289740527655467
test-88507,0.09526063506268198
test-88508,0.03773532169957521
test-88509,0.01863359767091882
test-8851,0.01465977632923049
test-88510,0.011177145736505046
test-88511,0.020687851181157867
test-88512,0.05875845529076205
test-88513,0.33527117669315787
test-88514,0.13584648180255504
test-88515,0.2110557783149956
test-88516,0.008222918836796158
test-88517,0.015229256364803543
test-88518,0.014486103609532884
test-88519,0.02325866809693862
test-8852,0.034749828524961286
test-88520,0.012898133813180626
test-88521,0.02678227691727081
test-88522,0.04301208359899352
test-88523,0.00724894877702818
test-88524,0.13775918575813118
test-88525,0.007081734231228839
test-88526,0.015449936841909206
test-88527,0.08124040518273115
test-88528,0.03539918405927811
test-88529,0.008334296995401601
test-8853,0.1335014717276405
test-88530,0.03566029769657945
test-88531,0.017813344567284457
test-88532,0.1722527476256214
test-88533,0.20274662817708122
test-88534,0.045691371009418176
test-88535,0.017101028369529
test-88536,0.10969843563390996
test-88537,0.14136471969202788
test-88538,0.017101028369529
test-88539,0.04436925249107653
test-8854,0.03513264788487959
test-88540,0.007630676519785834
test-88541,0.025639515614848604
test-88542,0.019941557735614394
test-88543,0.028384723230153872
test-88544,0.006816217770489979
test-88545,0.15129402778360765
test-88546,0.15490665054996652
test-88547,0.07765548192385864
test-88548,0.009886445519888728
test-88549,0.01667627631501256
test-8855,0.02708100298546086
test-88550,0.1448421222058924
test-88551,0.040497166050827434
test-88552,0.01712286701776751
test-88553,0.20111649159628886
test-88554,0.013803322894367847
test-88555,0.011529158977073187
test-88556,0.11054617208223962
test-88557,0.009528801957913828
test-88558,0.019333018657312497
test-88559,0.06236791454067601
test-8856,0.009896953230597295
test-88560,0.08810681601826603
test-88561,0.009019432199058054
test-88562,0.015554737135405967
test-88563,0.01274949910539129
test-88564,0.009538998399251233
test-88565,0.00723971997134929
test-88566,0.009888217339431307
test-88567,0.021881752834928686
test-88568,0.009865525462219096
test-88569,0.02907818370491716
test-8857,0.01845126869604938
test-88570,0.017910093508333967
test-88571,0.10005291525542562
test-88572,0.029074600680547947
test-88573,0.11325018132853433
test-88574,0.03692990512531764
test-88575,0.12819412947753134
test-88576,0.17213889241737013
test-88577,0.031344036136947924
test-88578,0.05548035999624712
test-88579,0.015224312249784357
test-8858,0.014485153509894802
test-88580,0.1275450857223528
test-88581,0.12954064052101308
test-88582,0.01437419142928627
test-88583,0.04004999043919724
test-88584,0.011695377610969676
test-88585,0.06182439910161281
test-88586,0.04677493988194868
test-88587,0.02779380223213587
test-88588,0.12663596937894922
test-88589,0.0270610776583193
test-8859,0.024045553567493636
test-88590,0.04002038979360801
test-88591,0.022644054828788358
test-88592,0.19391261682361802
test-88593,0.016938367730130778
test-88594,0.07013717606758778
test-88595,0.1582643329359579
test-88596,0.10660447884766662
test-88597,0.33638974456817866
test-88598,0.008443481737337723
test-88599,0.04725275921231876
test-886,0.006213346843515308
test-8860,0.23182491899227264
test-88600,0.011608315057116078
test-88601,0.0736810302317079
test-88602,0.05638485322486823
test-88603,0.013102429018510749
test-88604,0.014338054022953638
test-88605,0.02620168067784183
test-88606,0.056719954711376405
test-88607,0.011359659525609973
test-88608,0.05069920344644497
test-88609,0.0157691741328382
test-8861,0.26956774951507007
test-88610,0.02314706934961257
test-88611,0.034462792400414846
test-88612,0.0620752839523736
test-88613,0.008177186226984243
test-88614,0.013063690902990964
test-88615,0.024116695073606427
test-88616,0.022105492935266962
test-88617,0.03753756965568077
test-88618,0.01517857851761517
test-88619,0.14792311164014832
test-8862,0.02372289305257482
test-88620,0.17211764451701694
test-88621,0.033767770849542925
test-88622,0.01434380218778728
test-88623,0.01619704905987679
test-88624,0.03393458004354385
test-88625,0.12796851635119139
test-88626,0.18163835559813624
test-88627,0.014024614918929429
test-88628,0.12758786262445412
test-88629,0.02751436797595237
test-8863,0.028703508075175424
test-88630,0.22601567224141977
test-88631,0.08572687600657186
test-88632,0.018410936076810394
test-88633,0.011540577760458557
test-88634,0.018043169350942287
test-88635,0.011942102509070482
test-88636,0.008330643664849056
test-88637,0.023127028209597333
test-88638,0.021386102617391822
test-88639,0.021042058785937758
test-8864,0.05138039537809638
test-88640,0.021639263115634133
test-88641,0.01434380218778728
test-88642,0.018487811456801444
test-88643,0.008811167213951044
test-88644,0.015514309943200636
test-88645,0.01360477111250812
test-88646,0.01571094712622559
test-88647,0.014224320391124848
test-88648,0.009134457581272811
test-88649,0.022520725973834373
test-8865,0.016381347828667
test-88650,0.21921854441644056
test-88651,0.0315030267055067
test-88652,0.040036434232552064
test-88653,0.023280186024377793
test-88654,0.06587580615782769
test-88655,0.031726098715559745
test-88656,0.03777418067477202
test-88657,0.008850157762191977
test-88658,0.13844485831116107
test-88659,0.00986692341770471
test-8866,0.012286325715706915
test-88660,0.16921040717264332
test-88661,0.22489819012225123
test-88662,0.040588209655930005
test-88663,0.08290872674684348
test-88664,0.0669392073111586
test-88665,0.12547337269010012
test-88666,0.008244710368456244
test-88667,0.16499083353915778
test-88668,0.30902669917001296
test-88669,0.02529972967043639
test-8867,0.13775918575813118
test-88670,0.013450442458460816
test-88671,0.052244835546551904
test-88672,0.08003083037374147
test-88673,0.045655951357548165
test-88674,0.02372289305257482
test-88675,0.0845224962134049
test-88676,0.032049130872014046
test-88677,0.03020259652306372
test-88678,0.1590421283934835
test-88679,0.008554307792702375
test-8868,0.04347682087556267
test-88680,0.14045666954397498
test-88681,0.03958471858137933
test-88682,0.055874069678319045
test-88683,0.03957797408190487
test-88684,0.15757868328801194
test-88685,0.007670107894692098
test-88686,0.00885714230540158
test-88687,0.1659628377117618
test-88688,0.0313303023864748
test-88689,0.12944892012576575
test-8869,0.03385892905145002
test-88690,0.021409478728277614
test-88691,0.04504776287814954
test-88692,0.016915186370289215
test-88693,0.012887080026620189
test-88694,0.0315628059479998
test-88695,0.017170796634443604
test-88696,0.09269788469745896
test-88697,0.027432110754632012
test-88698,0.01485024352815566
test-88699,0.005140670177879403
test-887,0.0105448410564779
test-8870,0.036091364917688794
test-88700,0.2762814501491187
test-88701,0.04699194681154814
test-88702,0.06803412447426488
test-88703,0.014973401578261264
test-88704,0.009290085696182473
test-88705,0.017753693905708887
test-88706,0.012282688210997351
test-88707,0.025645054212251574
test-88708,0.01977337377860594
test-88709,0.01396312867827876
test-8871,0.06188478619566265
test-88710,0.06709655547553042
test-88711,0.05015468531813707
test-88712,0.02688507386025313
test-88713,0.015971730145302128
test-88714,0.06855538111828655
test-88715,0.017138728302431634
test-88716,0.0687732139720173
test-88717,0.016438707203413474
test-88718,0.021897757146381508
test-88719,0.25734676308463034
test-8872,0.04032791659923147
test-88720,0.014507029807854748
test-88721,0.17056737353958626
test-88722,0.020278560763816317
test-88723,0.0669392073111586
test-88724,0.013612636179506817
test-88725,0.011721218116528508
test-88726,0.09190347815048618
test-88727,0.008340470268922318
test-88728,0.1398817640174991
test-88729,0.025986275129448486
test-8873,0.01074635737178932
test-88730,0.019011054333485176
test-88731,0.024749238794340253
test-88732,0.02849137936372982
test-88733,0.01832155013394861
test-88734,0.01024817858711763
test-88735,0.12571719997453007
test-88736,0.011196794005503902
test-88737,0.0734238194770512
test-88738,0.0321158261533553
test-88739,0.03278102222504322
test-8874,0.09787796055403811
test-88740,0.012256364657808176
test-88741,0.12734071354506094
test-88742,0.0153327059489336
test-88743,0.08219192647824698
test-88744,0.02472234266890168
test-88745,0.05999522700022085
test-88746,0.05339307069340168
test-88747,0.02270648424775627
test-88748,0.09600186930434819
test-88749,0.20080823183622565
test-8875,0.06605530109487592
test-88750,0.010805139584968716
test-88751,0.14895827346663368
test-88752,0.08164249106353495
test-88753,0.0902422755812636
test-88754,0.01804207926987005
test-88755,0.29893953745884416
test-88756,0.010199442833388452
test-88757,0.11208626869723058
test-88758,0.014572723371870834
test-88759,0.04162157368840214
test-8876,0.010742631689708614
test-88760,0.051951544119030156
test-88761,0.08886963901511832
test-88762,0.01946265490857582
test-88763,0.0089904797416106
test-88764,0.07184354683521023
test-88765,0.03562798081380685
test-88766,0.012584950955687528
test-88767,0.015491663242639678
test-88768,0.021911086309867264
test-88769,0.11827713214006923
test-8877,0.09139753198058895
test-88770,0.014606832165642208
test-88771,0.01699296175221749
test-88772,0.010303067131273939
test-88773,0.11992942967420225
test-88774,0.01418250572834949
test-88775,0.03191456421029537
test-88776,0.0731728222952902
test-88777,0.06556612959170169
test-88778,0.0193266827738856
test-88779,0.02210561276560214
test-8878,0.01421031531254988
test-88780,0.0707119985986715
test-88781,0.033632606721761736
test-88782,0.014998950325453238
test-88783,0.050094965826288834
test-88784,0.03772602744550985
test-88785,0.1639977826376829
test-88786,0.010467527392023635
test-88787,0.019494095274232074
test-88788,0.02371431689878624
test-88789,0.07717285521058849
test-8879,0.016519334337954064
test-88790,0.018173265281315167
test-88791,0.03544080451276304
test-88792,0.08643564552180881
test-88793,0.04063000466881594
test-88794,0.027148040969383867
test-88795,0.07802819961977205
test-88796,0.012160587770491227
test-88797,0.0638061060051986
test-88798,0.02512044953792001
test-88799,0.007776406053238819
test-888,0.03170912372369171
test-8880,0.123817286149575
test-88800,0.04301208359899352
test-88801,0.07382005570899727
test-88802,0.026219967334275625
test-88803,0.010808616082146366
test-88804,0.016972071243976473
test-88805,0.013987217844320393
test-88806,0.01935262351733196
test-88807,0.05476319242898042
test-88808,0.009143517798907519
test-88809,0.0788954685496859
test-8881,0.01402381369646766
test-88810,0.09603672004229713
test-88811,0.06992106261042402
test-88812,0.018782770559949535
test-88813,0.022714911625541786
test-88814,0.011082051018715226
test-88815,0.009622280778109686
test-88816,0.011352532344506085
test-88817,0.17909856925714268
test-88818,0.044134182722401695
test-88819,0.020046716966065397
test-8882,0.013297670862006596
test-88820,0.009309036998174775
test-88821,0.010519569833569997
test-88822,0.3271828421079376
test-88823,0.014020276648734667
test-88824,0.007294107420947109
test-88825,0.11980828889811962
test-88826,0.020435944047328285
test-88827,0.017198997462388923
test-88828,0.017402923125412428
test-88829,0.26496983238773103
test-8883,0.09755853359459878
test-88830,0.019511129130500432
test-88831,0.025614963376232657
test-88832,0.11743189917533868
test-88833,0.20513364803498133
test-88834,0.017204870320374772
test-88835,0.011334403721850954
test-88836,0.025911829677450007
test-88837,0.10858751279552002
test-88838,0.03849385307396757
test-88839,0.029929044446866847
test-8884,0.08890115724917734
test-88840,0.022467301758424173
test-88841,0.030517236185282452
test-88842,0.023593279674420375
test-88843,0.027661808587555743
test-88844,0.11776497666400512
test-88845,0.12664058815468698
test-88846,0.017759020963952623
test-88847,0.059501922873155644
test-88848,0.13838467064907242
test-88849,0.10172224714343846
test-8885,0.16695447271917302
test-88850,0.014573862144264121
test-88851,0.03371709720556654
test-88852,0.0105448410564779
test-88853,0.019769992326914735
test-88854,0.009781861533288918
test-88855,0.009160252336922024
test-88856,0.014373519140078523
test-88857,0.05022514558323981
test-88858,0.012641155315920888
test-88859,0.041557175529918444
test-8886,0.3267316099443742
test-88860,0.01660752437204639
test-88861,0.011996300655044008
test-88862,0.03509823928178021
test-88863,0.016346092051036296
test-88864,0.14369326405350588
test-88865,0.019626563946861776
test-88866,0.01700697063035707
test-88867,0.008148176445494504
test-88868,0.03908480057061414
test-88869,0.16037023255753552
test-8887,0.0090483122735269
test-88870,0.1009180238708417
test-88871,0.10290855152442935
test-88872,0.00833510480875362
test-88873,0.014621183342873555
test-88874,0.09884898042355647
test-88875,0.12612361720707502
test-88876,0.011187251021973528
test-88877,0.05015468531813707
test-88878,0.03991427570930743
test-88879,0.04709531505678081
test-8888,0.02109617402617837
test-88880,0.014359458099615283
test-88881,0.055160582134932176
test-88882,0.008699906563908108
test-88883,0.04385276950127944
test-88884,0.12412792103955102
test-88885,0.009399875120792439
test-88886,0.017759020963952623
test-88887,0.018015667510272025
test-88888,0.022982301347993814
test-88889,0.01536387761770839
test-8889,0.31397646530619067
test-88890,0.027195427497982854
test-88891,0.010388978101442018
test-88892,0.009686133284585799
test-88893,0.015985278423946498
test-88894,0.11399716334043017
test-88895,0.024186298924251688
test-88896,0.03088099828379269
test-88897,0.02140662486596957
test-88898,0.08826070006666069
test-88899,0.031189105334535148
test-889,0.09059850552170869
test-8890,0.2240368758708729
test-88900,0.15290169861390634
test-88901,0.0127080356158872
test-88902,0.06769227346933265
test-88903,0.01526342646941487
test-88904,0.006445164047815541
test-88905,0.02906383106043203
test-88906,0.20111649159628886
test-88907,0.026594597235708783
test-88908,0.087317691935635
test-88909,0.15309714430019078
test-8891,0.017303209194273885
test-88910,0.012584950955687528
test-88911,0.027761082383834734
test-88912,0.011631326680156174
test-88913,0.17773312833867352
test-88914,0.025958429582546107
test-88915,0.16956913777859717
test-88916,0.07154554671561687
test-88917,0.031149727427266374
test-88918,0.20540290854158405
test-88919,0.01370510801102209
test-8892,0.20021641844518173
test-88920,0.2841424532080159
test-88921,0.022262413274452504
test-88922,0.011206606047868897
test-88923,0.03486415065020565
test-88924,0.0669392073111586
test-88925,0.01403654881563795
test-88926,0.012613963942120826
test-88927,0.029464430150035102
test-88928,0.14421933081605925
test-88929,0.040695030576269844
test-8893,0.10593219185567619
test-88930,0.3613281496916453
test-88931,0.35038306184648205
test-88932,0.015411394695231262
test-88933,0.13781740265302378
test-88934,0.09697256493189678
test-88935,0.009886445519888728
test-88936,0.015990465751991603
test-88937,0.0914367626550496
test-88938,0.013628371249057938
test-88939,0.043447753026877894
test-8894,0.20875932129716152
test-88940,0.1156600129546559
test-88941,0.057510123670002716
test-88942,0.09354372375014361
test-88943,0.2885608152309165
test-88944,0.010700744377942424
test-88945,0.01624005372964278
test-88946,0.3177209780356649
test-88947,0.014561595977396728
test-88948,0.17568755017417642
test-88949,0.023146011113803794
test-8895,0.00944840316476947
test-88950,0.011452462859885637
test-88951,0.020100579710387468
test-88952,0.018396148591901633
test-88953,0.017801410496543938
test-88954,0.019269537794246668
test-88955,0.012345016665153011
test-88956,0.020333891084279933
test-88957,0.0371585483065821
test-88958,0.025398174757732293
test-88959,0.009332977663233174
test-8896,0.03081739430338347
test-88960,0.017490115297595168
test-88961,0.00966437869366505
test-88962,0.019642925048703592
test-88963,0.0158047779069889
test-88964,0.03998205504709045
test-88965,0.014654079341217105
test-88966,0.0863394679713487
test-88967,0.02648290178332952
test-88968,0.177093944498043
test-88969,0.009772940216851206
test-8897,0.14759888162153112
test-88970,0.017834899989569032
test-88971,0.02575288041603191
test-88972,0.09967505524039096
test-88973,0.1512373538146813
test-88974,0.035367349057809326
test-88975,0.009141933913656107
test-88976,0.011242951009948638
test-88977,0.01968365568726533
test-88978,0.020413462854034413
test-88979,0.034887937563637984
test-8898,0.19599201878998845
test-88980,0.01748662523700264
test-88981,0.09864722484614578
test-88982,0.021168903045602372
test-88983,0.031248190322532475
test-88984,0.013416548854179488
test-88985,0.07896917855603469
test-88986,0.17965026137605122
test-88987,0.019925271711729236
test-88988,0.034462792400414846
test-88989,0.26261373881755745
test-8899,0.034269109464174954
test-88990,0.05198738987201947
test-88991,0.010718529936196073
test-88992,0.029282313310026325
test-88993,0.1750381737929144
test-88994,0.026594597235708783
test-88995,0.024598278785606068
test-88996,0.017303209194273885
test-88997,0.027266705203918936
test-88998,0.05339307069340168
test-88999,0.09860381645007209
test-89,0.07802819961977205
test-890,0.14688498052582163
test-8900,0.3267316099443742
test-89000,0.009883207207340289
test-89001,0.02321202545382747
test-89002,0.014003437494623575
test-89003,0.013295647523306378
test-89004,0.03087718292486914
test-89005,0.010007901241811017
test-89006,0.011138283927464692
test-89007,0.1377979397837487
test-89008,0.17179310681148527
test-89009,0.011054110699732047
test-8901,0.04551964645457474
test-89010,0.014008075504383237
test-89011,0.07577503342376453
test-89012,0.0246512310294815
test-89013,0.15118304133665392
test-89014,0.017588122600379397
test-89015,0.010717944192025724
test-89016,0.013653530093672659
test-89017,0.06687591078501293
test-89018,0.016329930258026093
test-89019,0.019695397058016748
test-8902,0.20821899020095475
test-89020,0.014735827358361892
test-89021,0.06854243023291431
test-89022,0.00853616361897852
test-89023,0.13042986380582072
test-89024,0.01397212325067908
test-89025,0.18931591698277478
test-89026,0.09577148861252165
test-89027,0.02180285441204353
test-89028,0.018027315011020038
test-89029,0.01665359921116206
test-8903,0.007747788229326527
test-89030,0.019526345549771444
test-89031,0.021137227181848194
test-89032,0.12456179376616706
test-89033,0.03562798081380685
test-89034,0.10135147787955867
test-89035,0.0744759739511813
test-89036,0.03850436887922113
test-89037,0.012816568901424482
test-89038,0.03958471858137933
test-89039,0.21714865958780308
test-8904,0.012740458604799696
test-89040,0.01300453845490553
test-89041,0.01325414891969674
test-89042,0.042253281181153235
test-89043,0.12663596937894922
test-89044,0.0751202642415626
test-89045,0.019517587153671283
test-89046,0.13064768740628338
test-89047,0.057330631671462504
test-89048,0.08260182777979576
test-89049,0.06359246522768802
test-8905,0.09526063506268198
test-89050,0.01147819579155948
test-89051,0.02262505178854656
test-89052,0.030614806280673774
test-89053,0.013706386216961542
test-89054,0.015242521537714888
test-89055,0.016104912334012834
test-89056,0.012869919668844751
test-89057,0.04252105837468247
test-89058,0.01734324474857873
test-89059,0.016853598286197955
test-8906,0.13042859879859986
test-89060,0.013853049780039983
test-89061,0.01914087891562523
test-89062,0.16217904399704933
test-89063,0.03905076137803713
test-89064,0.08164249106353495
test-89065,0.017535870463927662
test-89066,0.0741414003983916
test-89067,0.2202850617192033
test-89068,0.007785501302675856
test-89069,0.01071999890877113
test-8907,0.1144163214640062
test-89070,0.19760923962797416
test-89071,0.11175464206140533
test-89072,0.016084734390601457
test-89073,0.021680426991290556
test-89074,0.010823358649941982
test-89075,0.1346437455193104
test-89076,0.006838136431246053
test-89077,0.017344705531218585
test-89078,0.022725001160574902
test-89079,0.010221819039334714
test-8908,0.011231853113634529
test-89080,0.024690438571479983
test-89081,0.02576253633520363
test-89082,0.016020232182825667
test-89083,0.1285727876993293
test-89084,0.10059935634470402
test-89085,0.016990393261142545
test-89086,0.26127921719601577
test-89087,0.27571023474230727
test-89088,0.031509287509782935
test-89089,0.016515546354808678
test-8909,0.027868049155398575
test-89090,0.02695036692577566
test-89091,0.025883695726379646
test-89092,0.10831806107432268
test-89093,0.03563965779772
test-89094,0.08652531572190185
test-89095,0.123817286149575
test-89096,0.009660926348260017
test-89097,0.014080232656244744
test-89098,0.01764282108829815
test-89099,0.02228365685687734
test-891,0.01130390013150329
test-8910,0.10061140798356767
test-89100,0.08048094687824975
test-89101,0.182513103393058
test-89102,0.13940423307576105
test-89103,0.27433060966894
test-89104,0.018442600337142883
test-89105,0.15882191238033116
test-89106,0.006949936362914484
test-89107,0.011769321545542822
test-89108,0.0249233364865541
test-89109,0.04205098404100263
test-8911,0.16534757749130674
test-89110,0.02734672370696512
test-89111,0.01651918547737085
test-89112,0.024791523082528577
test-89113,0.013628959187246449
test-89114,0.010332491040065879
test-89115,0.019005111624465512
test-89116,0.05997031636792433
test-89117,0.029106821458700364
test-89118,0.18672172455475006
test-89119,0.020737387168123053
test-8912,0.0132213844893372
test-89120,0.02238841494641587
test-89121,0.009544481137318542
test-89122,0.008756645089137921
test-89123,0.03269320704520948
test-89124,0.015746739307303116
test-89125,0.1394463013726253
test-89126,0.2642735502722462
test-89127,0.00928812140400781
test-89128,0.19112276911442277
test-89129,0.012976112042562143
test-8913,0.1923691299926231
test-89130,0.19377674548215085
test-89131,0.042713587843248
test-89132,0.03280236076672631
test-89133,0.03548991158333879
test-89134,0.013750835097830537
test-89135,0.052587175427313934
test-89136,0.02184460843247334
test-89137,0.00848390841339102
test-89138,0.10812230317096443
test-89139,0.04122684860232754
test-8914,0.01147819579155948
test-89140,0.017337649962497866
test-89141,0.012600883775650369
test-89142,0.019282984525144174
test-89143,0.008416174366456418
test-89144,0.03598784573739425
test-89145,0.02046323567396794
test-89146,0.01708795377307525
test-89147,0.021514537030673925
test-89148,0.07451841060157445
test-89149,0.026112503498841054
test-8915,0.046226524915842976
test-89150,0.007101370968063453
test-89151,0.06769227346933265
test-89152,0.01619704905987679
test-89153,0.07885370404606426
test-89154,0.1408487658022275
test-89155,0.07825494205883345
test-89156,0.012164419460529647
test-89157,0.01893489914402596
test-89158,0.19201003877568704
test-89159,0.07653322112638708
test-8916,0.07896917855603469
test-89160,0.042263346044175865
test-89161,0.00885714230540158
test-89162,0.0098393863085063
test-89163,0.05003697088968722
test-89164,0.01636078025719428
test-89165,0.028562276380827197
test-89166,0.04301208359899352
test-89167,0.030874113281043728
test-89168,0.014623885793460552
test-89169,0.018331905623514288
test-8917,0.009501418558876843
test-89170,0.04252105837468247
test-89171,0.015153001926340002
test-89172,0.16895354049879524
test-89173,0.13941771726776428
test-89174,0.1028348815355143
test-89175,0.1540980392846813
test-89176,0.01171187610052717
test-89177,0.01415175627606109
test-89178,0.05336771120405252
test-89179,0.014561595977396728
test-8918,0.02695577323631822
test-89180,0.058810661049487026
test-89181,0.07149620150340061
test-89182,0.02628584579627978
test-89183,0.019499581489345538
test-89184,0.0765176442062777
test-89185,0.030716662008085382
test-89186,0.09787796055403811
test-89187,0.018455224123358014
test-89188,0.11380477524097334
test-89189,0.03831337699614898
test-8919,0.06537638557388602
test-89190,0.009624169486217608
test-89191,0.02953072867181312
test-89192,0.12345083695403876
test-89193,0.007767843001995947
test-89194,0.05093194459564834
test-89195,0.11803087843920418
test-89196,0.009423492846579465
test-89197,0.007502152466879437
test-89198,0.015224725858106407
test-89199,0.1416529071626072
test-892,0.1518186660957838
test-8920,0.04799833598336452
test-89200,0.008965228735469124
test-89201,0.023529249498726874
test-89202,0.009526935877311302
test-89203,0.2360844219309243
test-89204,0.040204081178651936
test-89205,0.020739379941251388
test-89206,0.06108085344638038
test-89207,0.017576507669825457
test-89208,0.01845570598648961
test-89209,0.11055382931435498
test-8921,0.025880194071519584
test-89210,0.02819717601219176
test-89211,0.09339499387833253
test-89212,0.010913517230400275
test-89213,0.010456951757063192
test-89214,0.02091222384290852
test-89215,0.015606271968476674
test-89216,0.023356840169568537
test-89217,0.04801456209431851
test-89218,0.01619704905987679
test-89219,0.008071617195472653
test-8922,0.03440634390839267
test-89220,0.0797566300770968
test-89221,0.011171684817864626
test-89222,0.2920032221413379
test-89223,0.021942765721632698
test-89224,0.03579016636834026
test-89225,0.011001007149957468
test-89226,0.02716495242444251
test-89227,0.023416675782685338
test-89228,0.011515784692565645
test-89229,0.01865787370361651
test-8923,0.013994194309783421
test-89230,0.010572210130351858
test-89231,0.01065039375598736
test-89232,0.023845503690865556
test-89233,0.01828368464155766
test-89234,0.010792309895153169
test-89235,0.01808395765809537
test-89236,0.05332505019451868
test-89237,0.010197913471179846
test-89238,0.033768648609513965
test-89239,0.011047340402744483
test-8924,0.0937870258290184
test-89240,0.028564516227121226
test-89241,0.007383347351553944
test-89242,0.015190256554077098
test-89243,0.014359837642322602
test-89244,0.14309621862956082
test-89245,0.009757508628766438
test-89246,0.012788406457983244
test-89247,0.00871438085054481
test-89248,0.02790333905462896
test-89249,0.02157532255535422
test-8925,0.023003558724745313
test-89250,0.02650752120456217
test-89251,0.0661851066358549
test-89252,0.03544080451276304
test-89253,0.013295647523306378
test-89254,0.025906432448727895
test-89255,0.26127518769823077
test-89256,0.01492761066681292
test-89257,0.012231573814631577
test-89258,0.09173422266418026
test-89259,0.26012883756934163
test-8926,0.2146944748382324
test-89260,0.018507149234957353
test-89261,0.09528380793254176
test-89262,0.021166939412477433
test-89263,0.2275289694672122
test-89264,0.12783303457660777
test-89265,0.01146826796517057
test-89266,0.06590424989327628
test-89267,0.016440301527120803
test-89268,0.025516295754530807
test-89269,0.045948105535069006
test-8927,0.047638341290838555
test-89270,0.03597809573460118
test-89271,0.2631952838259723
test-89272,0.03066551109823678
test-89273,0.007462639223248822
test-89274,0.017759020963952623
test-89275,0.012839121869208391
test-89276,0.019964735654372307
test-89277,0.010046792228448459
test-89278,0.05640210862092474
test-89279,0.02635051808431231
test-8928,0.0688376526721422
test-89280,0.018242833628021118
test-89281,0.01729058597311177
test-89282,0.027852926710175942
test-89283,0.022641735077911028
test-89284,0.032693960503851635
test-89285,0.009644095471519582
test-89286,0.02779380223213587
test-89287,0.2089546692829316
test-89288,0.14111884350957382
test-89289,0.019998255734171633
test-8929,0.14598182313838023
test-89290,0.019920390034463494
test-89291,0.04959613128988525
test-89292,0.02372289305257482
test-89293,0.056880996089049694
test-89294,0.08903621495673845
test-89295,0.014373814663533477
test-89296,0.08303303614971605
test-89297,0.014373814663533477
test-89298,0.015362122784543573
test-89299,0.033974568633155115
test-893,0.03819704253040531
test-8930,0.10135147787955867
test-89300,0.1678761310230531
test-89301,0.13166024345704994
test-89302,0.011413886321069105
test-89303,0.055168351709907304
test-89304,0.01184861274720649
test-89305,0.022289287849379835
test-89306,0.17848494346699345
test-89307,0.009564801761602647
test-89308,0.04937716234769883
test-89309,0.02559303365934332
test-8931,0.012190181946880914
test-89310,0.008161973567520495
test-89311,0.05241635520461949
test-89312,0.03666379558278692
test-89313,0.15218055205702272
test-89314,0.019079236810211717
test-89315,0.00880067725196279
test-89316,0.08091840458510943
test-89317,0.04948990482598434
test-89318,0.01260881209101552
test-89319,0.03897666591629338
test-8932,0.020799072885744556
test-89320,0.022225753494203995
test-89321,0.010101390654017538
test-89322,0.07775351051124815
test-89323,0.050445208924716496
test-89324,0.05596789900582141
test-89325,0.014455064136452336
test-89326,0.12735968326182798
test-89327,0.02539997463801344
test-89328,0.029129000577523205
test-89329,0.17587305449668356
test-8933,0.03527298284287583
test-89330,0.3302663380835255
test-89331,0.08736523878589683
test-89332,0.02712610431248483
test-89333,0.05143341550618335
test-89334,0.010976332147110976
test-89335,0.016515546354808678
test-89336,0.02403168801781399
test-89337,0.016730555571608935
test-89338,0.20737734328226967
test-89339,0.013428843715478823
test-8934,0.022891237044561807
test-89340,0.0767134714089047
test-89341,0.11262005115775732
test-89342,0.14185712301943765
test-89343,0.17461801604772564
test-89344,0.024096545365370942
test-89345,0.030174160685397192
test-89346,0.150267969469752
test-89347,0.021307844945815915
test-89348,0.09890388187688982
test-89349,0.009977395786388659
test-8935,0.06179538536825855
test-89350,0.08676426786931425
test-89351,0.008388692918910399
test-89352,0.010745448128978348
test-89353,0.028869001239528406
test-89354,0.011813462758703545
test-89355,0.04630062415645015
test-89356,0.16333883943553862
test-89357,0.016295546512597167
test-89358,0.12734892181441665
test-89359,0.17820205542073778
test-8936,0.3183313485598758
test-89360,0.13941771726776428
test-89361,0.010193406060164481
test-89362,0.22939619526115346
test-89363,0.010638887807136403
test-89364,0.008677980613059542
test-89365,0.02361238819042936
test-89366,0.12231909602370386
test-89367,0.04475299914239426
test-89368,0.02073150699163673
test-89369,0.02325866809693862
test-8937,0.11822507391225319
test-89370,0.012300702005935756
test-89371,0.36789469605311
test-89372,0.01838704455159307
test-89373,0.11018361871271214
test-89374,0.2891647895704211
test-89375,0.02226686912728227
test-89376,0.04612737666399176
test-89377,0.04025040055988446
test-89378,0.027471521470755177
test-89379,0.01959321079232005
test-8938,0.02606749124652009
test-89380,0.14393899795396967
test-89381,0.05339307069340168
test-89382,0.014452084949750773
test-89383,0.024476872509156093
test-89384,0.04127038355718427
test-89385,0.01671894270139878
test-89386,0.10131017876088283
test-89387,0.010319800072812451
test-89388,0.019952662178798746
test-89389,0.012953702563227538
test-8939,0.13886988500688188
test-89390,0.01671561609421118
test-89391,0.010042658747725372
test-89392,0.009212903155967869
test-89393,0.012266983999878953
test-89394,0.009480074856998148
test-89395,0.34223675852065555
test-89396,0.007811853858702437
test-89397,0.011063812869711262
test-89398,0.11581318795710488
test-89399,0.16695447271917302
test-894,0.061577899304617906
test-8940,0.0707119985986715
test-89400,0.04541140175949705
test-89401,0.016065449945019263
test-89402,0.01383687237041591
test-89403,0.12608308344441232
test-89404,0.02247169137191558
test-89405,0.012276425946694076
test-89406,0.12642001962023464
test-89407,0.02029769790982778
test-89408,0.018841852694408735
test-89409,0.13662969204697786
test-8941,0.33358154073896457
test-89410,0.015332351262243802
test-89411,0.01989820626688179
test-89412,0.03254705391801379
test-89413,0.07825714499228684
test-89414,0.04712737308156736
test-89415,0.29355834921402396
test-89416,0.04519720735928931
test-89417,0.01806887523109055
test-89418,0.10707288421980055
test-89419,0.02385323690422138
test-8942,0.007957743098263416
test-89420,0.019011054333485176
test-89421,0.011872946761267678
test-89422,0.046997866142649794
test-89423,0.022220175591269875
test-89424,0.036033333032878846
test-89425,0.010053780195059009
test-89426,0.03217148106861156
test-89427,0.0941231577649889
test-89428,0.0853103464573093
test-89429,0.018241812224990703
test-8943,0.33635535843854614
test-89430,0.025385233605450495
test-89431,0.016853598286197955
test-89432,0.18773189571157256
test-89433,0.04734673400484741
test-89434,0.014338054022953638
test-89435,0.01835230521937107
test-89436,0.17640449283319545
test-89437,0.2610851800371441
test-89438,0.21101561564328697
test-89439,0.012448484886248385
test-8944,0.14013023525909876
test-89440,0.03729854280145571
test-89441,0.1237016816449388
test-89442,0.04657418289117229
test-89443,0.00900513510810355
test-89444,0.09985649801372733
test-89445,0.012710085622740726
test-89446,0.02347612516033394
test-89447,0.13844485831116107
test-89448,0.07558167538416652
test-89449,0.024364907621110064
test-8945,0.07073873962464466
test-89450,0.019819414099435575
test-89451,0.0862615642753803
test-89452,0.06769227346933265
test-89453,0.013112702693462654
test-89454,0.011629002059917903
test-89455,0.03957797408190487
test-89456,0.1117896716717694
test-89457,0.031189105334535148
test-89458,0.1428997811561838
test-89459,0.02368819220888637
test-8946,0.2174459331459877
test-89460,0.009106761341446506
test-89461,0.03664382764195204
test-89462,0.019568933101762748
test-89463,0.020498774615011033
test-89464,0.04491578879055678
test-89465,0.12819412947753134
test-89466,0.03320522624836915
test-89467,0.03217148106861156
test-89468,0.19711594413010783
test-89469,0.2743223799859673
test-8947,0.14758575941404387
test-89470,0.007866759959946528
test-89471,0.020343200029517464
test-89472,0.2866960099543693
test-89473,0.028333987568507853
test-89474,0.022709669503999576
test-89475,0.020569521035615504
test-89476,0.01611093954665897
test-89477,0.01984083728220699
test-89478,0.037211025947255096
test-89479,0.013453465225895148
test-8948,0.19041612049589932
test-89480,0.04837235402503168
test-89481,0.011510743328953188
test-89482,0.030781103620546018
test-89483,0.011059963265383428
test-89484,0.020930880705045857
test-89485,0.11324371817082897
test-89486,0.01935059235549814
test-89487,0.0886173208862934
test-89488,0.014985487148036304
test-89489,0.019879941052391728
test-8949,0.03137599575682596
test-89490,0.01621876901485239
test-89491,0.0358088112087524
test-89492,0.022460614183830573
test-89493,0.011947765873295393
test-89494,0.14865992126850122
test-89495,0.013419676280618999
test-89496,0.1080269657930927
test-89497,0.027623844543283038
test-89498,0.022084703046945788
test-89499,0.031776322086618874
test-895,0.0669392073111586
test-8950,0.08757612459737206
test-89500,0.12712093426728782
test-89501,0.016112452789944248
test-89502,0.01636683713653106
test-89503,0.014999877545133095
test-89504,0.19385108497186285
test-89505,0.022922439724264162
test-89506,0.016885287257782655
test-89507,0.006616974002233468
test-89508,0.0165220124209758
test-89509,0.017671344275954324
test-8951,0.014446851431957402
test-89510,0.017460843422856715
test-89511,0.036242497691780964
test-89512,0.2704470073035127
test-89513,0.12756464018589395
test-89514,0.04625170945792475
test-89515,0.019928384331973224
test-89516,0.012872286283190216
test-89517,0.01789519939187395
test-89518,0.021801357634120708
test-89519,0.027940201429365704
test-8952,0.020512819225445133
test-89520,0.08942191798566668
test-89521,0.11519628297235308
test-89522,0.2711447919507785
test-89523,0.030030487840311603
test-89524,0.02265433724053857
test-89525,0.0185830590928125
test-89526,0.07896917855603469
test-89527,0.02132601288839089
test-89528,0.02407484226388213
test-89529,0.016157961477912434
test-8953,0.028859111251756577
test-89530,0.054883394423102895
test-89531,0.011082862595289327
test-89532,0.06406063117748372
test-89533,0.020331652730733653
test-89534,0.07273349546154126
test-89535,0.015204303966514081
test-89536,0.013989875449759624
test-89537,0.018290469515622607
test-89538,0.010297278030408873
test-89539,0.05791007671304356
test-8954,0.08898005331338218
test-89540,0.010886057467014983
test-89541,0.16389686144280036
test-89542,0.01660595182621114
test-89543,0.02712610431248483
test-89544,0.017259871510945584
test-89545,0.01664390359376632
test-89546,0.01845754794989019
test-89547,0.010823358649941982
test-89548,0.01147819579155948
test-89549,0.020285636494756752
test-8955,0.19569162873641188
test-89550,0.021517883435569488
test-89551,0.011841520233121856
test-89552,0.01941890285052107
test-89553,0.0756093640528308
test-89554,0.019104881493188286
test-89555,0.15579353047445355
test-89556,0.014895359673543263
test-89557,0.25616378331516454
test-89558,0.07550359341995365
test-89559,0.16503503580434714
test-8956,0.05015468531813707
test-89560,0.04529309423673647
test-89561,0.15530576580595246
test-89562,0.03603062294911097
test-89563,0.013131820067274274
test-89564,0.019378236130760087
test-89565,0.0123727300054905
test-89566,0.006904411052836801
test-89567,0.0203539526822755
test-89568,0.020768010008371522
test-89569,0.11516195247315417
test-8957,0.1448985328239598
test-89570,0.04083618902370542
test-89571,0.019494095274232074
test-89572,0.024898200645483898
test-89573,0.013341458467498775
test-89574,0.09007197632928393
test-89575,0.03779625655906954
test-89576,0.008320662424961694
test-89577,0.00887709608893385
test-89578,0.024509097363587435
test-89579,0.009607089974996631
test-8958,0.011894316373922255
test-89580,0.00969299610662912
test-89581,0.021897757146381508
test-89582,0.041644692851619175
test-89583,0.13584648180255504
test-89584,0.00888059125797221
test-89585,0.1031888486813785
test-89586,0.2520604467104314
test-89587,0.017198997462388923
test-89588,0.10849311745818162
test-89589,0.011061180659624798
test-8959,0.27818210390943143
test-89590,0.020867971658522076
test-89591,0.040852119305646396
test-89592,0.01935332531553164
test-89593,0.0349580146256558
test-89594,0.0091119697118891
test-89595,0.021698664605298852
test-89596,0.010122973613175596
test-89597,0.010822435501440391
test-89598,0.04593499044770589
test-89599,0.036592687707977335
test-896,0.024087804505376134
test-8960,0.07692070954362838
test-89600,0.011818832719693981
test-89601,0.060945237209066486
test-89602,0.016506990691146632
test-89603,0.40488090275449135
test-89604,0.03603062294911097
test-89605,0.011082051018715226
test-89606,0.02398527353828357
test-89607,0.019298590750526576
test-89608,0.03989725718835647
test-89609,0.03505033294764088
test-8961,0.0669392073111586
test-89610,0.011374594655167198
test-89611,0.08719579641282776
test-89612,0.01383336996684754
test-89613,0.012788406457983244
test-89614,0.01607917673861523
test-89615,0.1734227391885646
test-89616,0.02105224151992337
test-89617,0.03195476131184752
test-89618,0.04572474003284644
test-89619,0.04383546105420468
test-8962,0.02058487662016716
test-89620,0.13924898768105945
test-89621,0.012130623037202807
test-89622,0.07561454541455966
test-89623,0.01711345289173988
test-89624,0.1445444217818064
test-89625,0.034462792400414846
test-89626,0.01786735337235956
test-89627,0.13775918575813118
test-89628,0.03485420203605199
test-89629,0.01986950511112847
test-8963,0.011135278064453623
test-89630,0.018706727508961466
test-89631,0.10661495678808211
test-89632,0.01164849827627573
test-89633,0.1264886079656457
test-89634,0.019027674301522208
test-89635,0.010664213021452358
test-89636,0.012750078353881809
test-89637,0.034832267471341424
test-89638,0.22955731461885837
test-89639,0.014143217020739942
test-8964,0.1433214894941059
test-89640,0.02375127621499394
test-89641,0.03202525255299477
test-89642,0.01424436537210549
test-89643,0.030011632943187212
test-89644,0.017966695123158863
test-89645,0.2342746958297845
test-89646,0.03031289208457089
test-89647,0.026294456367192843
test-89648,0.01935960897456367
test-89649,0.03851045643081062
test-8965,0.04474287013096421
test-89650,0.04350990684298701
test-89651,0.09860381645007209
test-89652,0.21435462393993437
test-89653,0.13654664811158346
test-89654,0.29605400147907684
test-89655,0.040532793689842556
test-89656,0.09863496212814839
test-89657,0.022229904816657205
test-89658,0.015652236380238407
test-89659,0.019229510181679538
test-8966,0.02424455288895962
test-89660,0.021396773458146712
test-89661,0.061577899304617906
test-89662,0.01458786568342659
test-89663,0.03563965779772
test-89664,0.018771135681529497
test-89665,0.03082851082155756
test-89666,0.02258073912424957
test-89667,0.024652075544396235
test-89668,0.022603990804351007
test-89669,0.20628432976979502
test-8967,0.006876499274784596
test-89670,0.02596880771394803
test-89671,0.019060565483802472
test-89672,0.09190492679869898
test-89673,0.019837740351841396
test-89674,0.03605421018361057
test-89675,0.03167663658381392
test-89676,0.033659712835553204
test-89677,0.0277009013902113
test-89678,0.08003083037374147
test-89679,0.05428759098261145
test-8968,0.01295210511041841
test-89680,0.01397994003321764
test-89681,0.018286383554299002
test-89682,0.08793663913231468
test-89683,0.013661636577303285
test-89684,0.02152295109203292
test-89685,0.014008075504383237
test-89686,0.07984600052248031
test-89687,0.022503564255948655
test-89688,0.040036434232552064
test-89689,0.10509029641039076
test-8969,0.30542668194311057
test-89690,0.03901644546744246
test-89691,0.011592937253073138
test-89692,0.014448990240790775
test-89693,0.014561595977396728
test-89694,0.025029132699797278
test-89695,0.015227587877716078
test-89696,0.024763415686314332
test-89697,0.011180074806636936
test-89698,0.01580251934136708
test-89699,0.021577746592835352
test-897,0.06161494978672282
test-8970,0.07777726869491958
test-89700,0.02800323496380203
test-89701,0.038901383869586525
test-89702,0.025560280498128734
test-89703,0.035781774805938325
test-89704,0.20557351254148754
test-89705,0.014586038415361624
test-89706,0.015681184739320828
test-89707,0.04526910096224766
test-89708,0.020831674597101373
test-89709,0.10180061555576707
test-8971,0.10360624761068615
test-89710,0.10488782583202624
test-89711,0.06396003375797323
test-89712,0.11383885248777796
test-89713,0.017933589827882738
test-89714,0.0176891887080294
test-89715,0.06100576786796099
test-89716,0.0279928023704105
test-89717,0.0117237394021366
test-89718,0.06986194723583708
test-89719,0.011385186335865567
test-8972,0.1850450631203268
test-89720,0.12728505303447904
test-89721,0.05408971332248936
test-89722,0.01982600331489965
test-89723,0.23831873593870215
test-89724,0.12322614119247444
test-89725,0.1035605372983855
test-89726,0.010313249723489949
test-89727,0.02758222031628137
test-89728,0.012178596996434624
test-89729,0.05662032233882955
test-8973,0.042046810984252295
test-89730,0.021022754670082522
test-89731,0.0955966801524942
test-89732,0.28064474677832285
test-89733,0.03172840984205271
test-89734,0.012479258453410464
test-89735,0.11308017307107969
test-89736,0.17322295813697142
test-89737,0.04036895594194661
test-89738,0.011515784692565645
test-89739,0.018803013439376615
test-8974,0.06108085344638038
test-89740,0.21078825529384387
test-89741,0.01325354161366294
test-89742,0.041557175529918444
test-89743,0.025419054846309422
test-89744,0.11546983543547981
test-89745,0.017759020963952623
test-89746,0.15866131731735095
test-89747,0.025685682497679295
test-89748,0.06803412447426488
test-89749,0.06803412447426488
test-8975,0.04341992936456531
test-89750,0.011608315057116078
test-89751,0.015616290434739792
test-89752,0.0741414003983916
test-89753,0.011951027365386328
test-89754,0.03072678111976642
test-89755,0.01812545311912452
test-89756,0.022128015800280492
test-89757,0.016505510014765957
test-89758,0.1864019905562825
test-89759,0.15374361549112064
test-8976,0.012314683742205445
test-89760,0.04762418780109414
test-89761,0.012148053904424335
test-89762,0.029597164184308203
test-89763,0.020632377227135665
test-89764,0.020684841327016514
test-89765,0.014373814663533477
test-89766,0.4225765452790709
test-89767,0.14742470073460895
test-89768,0.036695794597150604
test-89769,0.16029905213898119
test-8977,0.04892144721250467
test-89770,0.060670997627618344
test-89771,0.012788406457983244
test-89772,0.03301879936146694
test-89773,0.027726568919742144
test-89774,0.032050199707510954
test-89775,0.011125577026466504
test-89776,0.022606455242226504
test-89777,0.07802819961977205
test-89778,0.29268335947399177
test-89779,0.05326502056180392
test-8978,0.042635204231107844
test-89780,0.1983525008102942
test-89781,0.09985649801372733
test-89782,0.14811326198206934
test-89783,0.06003577466799378
test-89784,0.07512180394517347
test-89785,0.021700944982932895
test-89786,0.023528766011266827
test-89787,0.05871178453702392
test-89788,0.08219192647824698
test-89789,0.04188633545072148
test-8979,0.03227742239661767
test-89790,0.01637697474636509
test-89791,0.011545633141354171
test-89792,0.03591929854540952
test-89793,0.010052015532407362
test-89794,0.3169863496123497
test-89795,0.0280424272385744
test-89796,0.019236044730594048
test-89797,0.08855448568457788
test-89798,0.01771081809340238
test-89799,0.3716992752295057
test-898,0.019453960016562997
test-8980,0.013588788558209382
test-89800,0.01864663125139559
test-89801,0.02849194652023796
test-89802,0.025420093593507078
test-89803,0.032555325681088695
test-89804,0.01269283439612187
test-89805,0.06108085344638038
test-89806,0.1377979397837487
test-89807,0.04177270469745818
test-89808,0.007990455746086792
test-89809,0.010564186264523193
test-8981,0.025209990863304305
test-89810,0.05383461308725921
test-89811,0.061577899304617906
test-89812,0.012428635267647765
test-89813,0.03223269245735937
test-89814,0.0369039474412254
test-89815,0.00887709608893385
test-89816,0.04169598599638017
test-89817,0.01375750049880905
test-89818,0.024209620919761348
test-89819,0.018706727508961466
test-8982,0.0299413033772697
test-89820,0.06615859790930984
test-89821,0.05283387089823525
test-89822,0.29530594973997143
test-89823,0.0845112706904508
test-89824,0.25925226576613614
test-89825,0.13629203507739593
test-89826,0.09572849921742603
test-89827,0.013628959187246449
test-89828,0.008669423564269025
test-89829,0.010356216762989777
test-8983,0.01954524277820343
test-89830,0.09004762885753094
test-89831,0.20790840673921557
test-89832,0.31615508057445774
test-89833,0.008878065461181594
test-89834,0.0076029027829387225
test-89835,0.010835658011276925
test-89836,0.027058940842063294
test-89837,0.032687386537040404
test-89838,0.08046310382999218
test-89839,0.009666421781969454
test-8984,0.039086452581574595
test-89840,0.009022128735639678
test-89841,0.05338624563453429
test-89842,0.016874110572868216
test-89843,0.0062619196577762505
test-89844,0.06991746103431469
test-89845,0.0856126670612278
test-89846,0.03415759463617433
test-89847,0.009019432199058054
test-89848,0.014406393620427352
test-89849,0.043447753026877894
test-8985,0.12300792670797227
test-89850,0.012803290350664956
test-89851,0.013399030510781047
test-89852,0.013647571363972098
test-89853,0.027118544647281816
test-89854,0.0077184267946181495
test-89855,0.019008948122951962
test-89856,0.03146556216399923
test-89857,0.03277892166768839
test-89858,0.08041720625503929
test-89859,0.014859168688621615
test-8986,0.09280913064369085
test-89860,0.011994329730444796
test-89861,0.04969371641733201
test-89862,0.01862895911694901
test-89863,0.018487811456801444
test-89864,0.012065318072023715
test-89865,0.10941006061824321
test-89866,0.02161785983267246
test-89867,0.029053293843747312
test-89868,0.07550527056706126
test-89869,0.03991427570930743
test-8987,0.040577356534340865
test-89870,0.011105825655970193
test-89871,0.032147435043153
test-89872,0.013148246900558297
test-89873,0.1015990729615897
test-89874,0.030690429230251847
test-89875,0.02278439618972153
test-89876,0.022999769184318293
test-89877,0.1145562784460311
test-89878,0.12265525070614776
test-89879,0.03670189167955589
test-8988,0.15127744507002794
test-89880,0.012898327825379101
test-89881,0.023731827990086028
test-89882,0.01592676679662773
test-89883,0.03280544496498395
test-89884,0.024462252927024745
test-89885,0.07907073386399625
test-89886,0.016515546354808678
test-89887,0.00511029877466855
test-89888,0.0114484512596395
test-89889,0.027236872479223254
test-8989,0.1300152996843655
test-89890,0.14341590628354015
test-89891,0.010401620085706028
test-89892,0.011030138218203044
test-89893,0.03451052847184725
test-89894,0.009672986816219831
test-89895,0.00885714230540158
test-89896,0.013063315672492576
test-89897,0.014568011649625498
test-89898,0.01870791940350425
test-89899,0.009705203620655195
test-899,0.15983137141218678
test-8990,0.01943986747308439
test-89900,0.008443481737337723
test-89901,0.01155249228858626
test-89902,0.01224405563214555
test-89903,0.03403254564709647
test-89904,0.015224312249784357
test-89905,0.018857705885819854
test-89906,0.02157784496051921
test-89907,0.11635106144084761
test-89908,0.021819508379241258
test-89909,0.06834866805820349
test-8991,0.02663298210448609
test-89910,0.034462792400414846
test-89911,0.13520963756398394
test-89912,0.023814561922869338
test-89913,0.027940201429365704
test-89914,0.03223616559043307
test-89915,0.018101902152020698
test-89916,0.07357265692355214
test-89917,0.034804576696822555
test-89918,0.011870984466557554
test-89919,0.02247169137191558
test-8992,0.008505641853276777
test-89920,0.02984888469211522
test-89921,0.009584517339131559
test-89922,0.020466084595071966
test-89923,0.02487575035458391
test-89924,0.06828561504313155
test-89925,0.07716995342333492
test-89926,0.010109344359751912
test-89927,0.016056525035177675
test-89928,0.014123428877224146
test-89929,0.21102953781995976
test-8993,0.012075704752698844
test-89930,0.022113075602564113
test-89931,0.024002282330869602
test-89932,0.009225025028650621
test-89933,0.01147819579155948
test-89934,0.023138329335271074
test-89935,0.02252088524874422
test-89936,0.15119001075292887
test-89937,0.021354145125741304
test-89938,0.017855450826340245
test-89939,0.01803022951302769
test-8994,0.17210092200208751
test-89940,0.024033082590376727
test-89941,0.011698065364121064
test-89942,0.04252105837468247
test-89943,0.056433894041589154
test-89944,0.016756495931534946
test-89945,0.06053874304612852
test-89946,0.02173620410754595
test-89947,0.0284473869915343
test-89948,0.021238837366525185
test-89949,0.09666276030970117
test-8995,0.02678592059324868
test-89950,0.007152636578886308
test-89951,0.05258257621161047
test-89952,0.008837974183006842
test-89953,0.008583287891244056
test-89954,0.01677523846844686
test-89955,0.012334855066732818
test-89956,0.02698112225151967
test-89957,0.018945573384980072
test-89958,0.13830406861014471
test-89959,0.008523297695770095
test-8996,0.31800583173080965
test-89960,0.04237543999302566
test-89961,0.08049301952342162
test-89962,0.015940056777078004
test-89963,0.01930468556229207
test-89964,0.012256364657808176
test-89965,0.018985821438623575
test-89966,0.2507416174017256
test-89967,0.012256559785211393
test-89968,0.011082051018715226
test-89969,0.3904186118225203
test-8997,0.01828303728080674
test-89970,0.08446298650961538
test-89971,0.06568645201472245
test-89972,0.01023933070571304
test-89973,0.17468864527172331
test-89974,0.03471623652169872
test-89975,0.019628866705333318
test-89976,0.04394898835021791
test-89977,0.009351547975542168
test-89978,0.06822204162083569
test-89979,0.008562357470974514
test-8998,0.022696893984752834
test-89980,0.016200108275388873
test-89981,0.13584648180255504
test-89982,0.022086790564209067
test-89983,0.07439290893707132
test-89984,0.022151939369022294
test-89985,0.012059379896954355
test-89986,0.1559335947906334
test-89987,0.022185549664788584
test-89988,0.026793544772967578
test-89989,0.22059514670179892
test-8999,0.07996334283829358
test-89990,0.04626574158376681
test-89991,0.01805813359726327
test-89992,0.015499451200918276
test-89993,0.06217796207499681
test-89994,0.03668124765553339
test-89995,0.21960983940137785
test-89996,0.12372651010079236
test-89997,0.0088708194752094
test-89998,0.11945002201915475
test-89999,0.1842466020027567
test-9,0.042840979956758195
test-90,0.20327761173955214
test-900,0.011585485383884684
test-9000,0.01263221411230989
test-90000,0.023175065027937116
test-90001,0.046471648982552474
test-90002,0.02403168801781399
test-90003,0.020610296980036316
test-90004,0.04337036294948136
test-90005,0.07464466588618396
test-90006,0.13474939582054718
test-90007,0.011072094359514197
test-90008,0.1814248421326534
test-90009,0.021841517436007988
test-9001,0.03366858720275121
test-90010,0.3853500123223105
test-90011,0.006790691057793999
test-90012,0.02109569706418708
test-90013,0.018667356658792097
test-90014,0.007887300758473602
test-90015,0.09183601937379139
test-90016,0.01485358629993815
test-90017,0.019837740351841396
test-90018,0.04166971932024224
test-90019,0.13924586971430325
test-9002,0.015392023497473272
test-90020,0.01708534980580347
test-90021,0.011374594655167198
test-90022,0.05339307069340168
test-90023,0.03332210063103363
test-90024,0.021515876860348993
test-90025,0.016020232182825667
test-90026,0.24235638623708977
test-90027,0.015058313311995275
test-90028,0.016056061891928687
test-90029,0.03126238285131113
test-9003,0.009793663263356794
test-90030,0.21706054981832693
test-90031,0.055965994188159215
test-90032,0.0507322091222483
test-90033,0.025299125562566287
test-90034,0.10217634430616003
test-90035,0.260467413714071
test-90036,0.09421916479690533
test-90037,0.032396486137989185
test-90038,0.09087256486090924
test-90039,0.14369326405350588
test-9004,0.0450880810291684
test-90040,0.013848572851861475
test-90041,0.008837974183006842
test-90042,0.01845890342715518
test-90043,0.008258239214989851
test-90044,0.01652463054982521
test-90045,0.011030138218203044
test-90046,0.0719961942903924
test-90047,0.03722215104813557
test-90048,0.034462792400414846
test-90049,0.04301208359899352
test-9005,0.17820205542073778
test-90050,0.03737731370053662
test-90051,0.026573036685805806
test-90052,0.029296940340630254
test-90053,0.01998280457781878
test-90054,0.16586019097477575
test-90055,0.01684310659794093
test-90056,0.009106761341446506
test-90057,0.044651078812608436
test-90058,0.13830406861014471
test-90059,0.03278203087620668
test-9006,0.04019021680370059
test-90060,0.008071617195472653
test-90061,0.014726175946521314
test-90062,0.11789892571785307
test-90063,0.014639547795696923
test-90064,0.30990552146298733
test-90065,0.1071147831866613
test-90066,0.0669392073111586
test-90067,0.01845890342715518
test-90068,0.0955966801524942
test-90069,0.013526349881837383
test-9007,0.014939718917494947
test-90070,0.013131820067274274
test-90071,0.024804396622041116
test-90072,0.019027674301522208
test-90073,0.18334291983547038
test-90074,0.0091119697118891
test-90075,0.017520046657675693
test-90076,0.3327859754532104
test-90077,0.02614754215957516
test-90078,0.0816165743084751
test-90079,0.13844742025940465
test-9008,0.1508126009690024
test-90080,0.013117979710711396
test-90081,0.023402073619303822
test-90082,0.3203868204994877
test-90083,0.07996334283829358
test-90084,0.025464953001948874
test-90085,0.12519961014559527
test-90086,0.03019575210638419
test-90087,0.04954421015323686
test-90088,0.0353258761066211
test-90089,0.0384335481008759
test-9009,0.018238209547875733
test-90090,0.01040352899951679
test-90091,0.041625727476597194
test-90092,0.2617372813223022
test-90093,0.02055005897253205
test-90094,0.10176697900690736
test-90095,0.12083183547384181
test-90096,0.018081011648634727
test-90097,0.12586000487440216
test-90098,0.1543693773528168
test-90099,0.009246592736016574
test-901,0.02145817602612854
test-9010,0.09066745565369258
test-90100,0.009712070475105757
test-90101,0.15175164001084288
test-90102,0.017095663604759084
test-90103,0.03957797408190487
test-90104,0.09560390218216731
test-90105,0.022683937384071578
test-90106,0.021340410030459812
test-90107,0.061577899304617906
test-90108,0.04149176617793405
test-90109,0.056043748612104614
test-9011,0.010606305787382458
test-90110,0.017719355149768044
test-90111,0.009143517798907519
test-90112,0.016450320791710393
test-90113,0.05871816869764602
test-90114,0.16381631708722744
test-90115,0.014561595977396728
test-90116,0.009559550519010265
test-90117,0.17189258574863417
test-90118,0.025859050001478916
test-90119,0.030645478682143606
test-9012,0.07851896097445257
test-90120,0.09231870597344345
test-90121,0.022629595623073314
test-90122,0.03258674984897633
test-90123,0.25631973422117427
test-90124,0.14397242639251803
test-90125,0.01989419310007183
test-90126,0.01846129537591182
test-90127,0.007584557525177105
test-90128,0.08722552421233411
test-90129,0.025495974178339768
test-9013,0.01169885135580952
test-90130,0.02563731344834238
test-90131,0.03369748106834791
test-90132,0.17053026580054967
test-90133,0.2943537819186007
test-90134,0.00880067725196279
test-90135,0.026885068306180884
test-90136,0.04315587774234556
test-90137,0.04265491067010641
test-90138,0.06687434693776961
test-90139,0.02790556688398171
test-9014,0.005874363343791298
test-90140,0.15129402778360765
test-90141,0.022609580782286233
test-90142,0.019655333540017535
test-90143,0.07984600052248031
test-90144,0.01677295279377393
test-90145,0.31436063958905125
test-90146,0.014600619165259609
test-90147,0.03336949755318752
test-90148,0.020986501015699745
test-90149,0.011818832719693981
test-9015,0.18475884503735288
test-90150,0.06221166817493644
test-90151,0.0667617332128144
test-90152,0.01399647910315832
test-90153,0.017759020963952623
test-90154,0.006549462893897641
test-90155,0.026372372374516787
test-90156,0.07554900064125386
test-90157,0.02102836935412256
test-90158,0.035887863000848605
test-90159,0.11526844423998438
test-9016,0.08973685257803019
test-90160,0.013018718046574253
test-90161,0.015028820195444319
test-90162,0.07013717606758778
test-90163,0.01671088622338089
test-90164,0.09435854111353265
test-90165,0.012116258111745616
test-90166,0.021476788180832297
test-90167,0.04252105837468247
test-90168,0.05150830224656193
test-90169,0.03066049258566402
test-9017,0.013269945488656797
test-90170,0.01838650280470525
test-90171,0.20695604740776802
test-90172,0.039195444840982294
test-90173,0.01754899910155217
test-90174,0.1779359972772958
test-90175,0.007907608456680471
test-90176,0.01229160343772414
test-90177,0.03849385307396757
test-90178,0.38757101639718483
test-90179,0.019252857530922804
test-9018,0.055874069678319045
test-90180,0.08707671289970013
test-90181,0.04301208359899352
test-90182,0.01785844501376043
test-90183,0.014233135795178153
test-90184,0.07934383128107164
test-90185,0.04270755901678209
test-90186,0.016440301527120803
test-90187,0.00704626831042366
test-90188,0.10978570762276921
test-90189,0.01147819579155948
test-9019,0.023635073110315007
test-90190,0.04526910096224766
test-90191,0.08695383990097837
test-90192,0.013987217844320393
test-90193,0.06769227346933265
test-90194,0.08890115724917734
test-90195,0.024360816315329572
test-90196,0.038254948446480606
test-90197,0.26563784062841383
test-90198,0.011431199275075531
test-90199,0.05483493380589742
test-902,0.009569115277076785
test-9020,0.014306909638246853
test-90200,0.021897757146381508
test-90201,0.02311791679835939
test-90202,0.022309694410131798
test-90203,0.0190096408383642
test-90204,0.018821851081865206
test-90205,0.022022932627505716
test-90206,0.030960080154784388
test-90207,0.01891780660188199
test-90208,0.14397242639251803
test-90209,0.07385375739095959
test-9021,0.05411673912496944
test-90210,0.016483752816318382
test-90211,0.10571099732664811
test-90212,0.07905570507484241
test-90213,0.028115430695562358
test-90214,0.10022884586803242
test-90215,0.022467151060860283
test-90216,0.07984600052248031
test-90217,0.00850036772510996
test-90218,0.014462027111490233
test-90219,0.015908456745706536
test-9022,0.0278562266623795
test-90220,0.013504650576940736
test-90221,0.02266572034796983
test-90222,0.11373149040628082
test-90223,0.025992353871990375
test-90224,0.021571676818219487
test-90225,0.026374790610121303
test-90226,0.12128796957379682
test-90227,0.027757983009152238
test-90228,0.16256192306206924
test-90229,0.009893574301169064
test-9023,0.07186520257827743
test-90230,0.01323817564959788
test-90231,0.014801266366176008
test-90232,0.0572592273430631
test-90233,0.030611239301998244
test-90234,0.020201801308730904
test-90235,0.16203924387072846
test-90236,0.019256811520005905
test-90237,0.04252105837468247
test-90238,0.01806887523109055
test-90239,0.0322560369895652
test-9024,0.023150008885512077
test-90240,0.04436925249107653
test-90241,0.018778872720955568
test-90242,0.014460972152628964
test-90243,0.08047338191401507
test-90244,0.25790134709925094
test-90245,0.03534267178760007
test-90246,0.09987131729732862
test-90247,0.2509464776231174
test-90248,0.017127517557075787
test-90249,0.026341132756667687
test-9025,0.2125336012991399
test-90250,0.13844485831116107
test-90251,0.012115900158168977
test-90252,0.02328000701428375
test-90253,0.0885930324911096
test-90254,0.08137812264076556
test-90255,0.017198997462388923
test-90256,0.024149994659521945
test-90257,0.03573518892552106
test-90258,0.009712145129709417
test-90259,0.022203643435257887
test-9026,0.017375348601108495
test-90260,0.01213298158083581
test-90261,0.025497563501958947
test-90262,0.007231727399146828
test-90263,0.05148505604204754
test-90264,0.2343729101036418
test-90265,0.034616204094207355
test-90266,0.19167939603548417
test-90267,0.0924401056975171
test-90268,0.010745448128978348
test-90269,0.04445254916949714
test-9027,0.026124969831928677
test-90270,0.021764838898174356
test-90271,0.016853598286197955
test-90272,0.040695030576269844
test-90273,0.03155358373482753
test-90274,0.09535841606863979
test-90275,0.0846182167635542
test-90276,0.022700506943769735
test-90277,0.17102474830694572
test-90278,0.020184049019556536
test-90279,0.017075093305299945
test-9028,0.08091840458510943
test-90280,0.034462792400414846
test-90281,0.023960406355158018
test-90282,0.04371739997126556
test-90283,0.22862492777119403
test-90284,0.009777352605761453
test-90285,0.021897757146381508
test-90286,0.027788018992904593
test-90287,0.008850157762191977
test-90288,0.19106956848595777
test-90289,0.014736156956357271
test-9029,0.02038093430553686
test-90290,0.014911258075798142
test-90291,0.03741570886369004
test-90292,0.23645941126905357
test-90293,0.0669392073111586
test-90294,0.011001007149957468
test-90295,0.11876969081638485
test-90296,0.01696954403051426
test-90297,0.005565645200808271
test-90298,0.024396420318120983
test-90299,0.1691720665383856
test-903,0.1589022457498061
test-9030,0.1219620369479184
test-90300,0.013495612249053037
test-90301,0.09842043686256524
test-90302,0.0922677948422432
test-90303,0.21147229077465168
test-90304,0.03667886671461944
test-90305,0.08791948390378303
test-90306,0.030906571015596726
test-90307,0.03563965779772
test-90308,0.008643671129902495
test-90309,0.022048111381601593
test-9031,0.023201096040533914
test-90310,0.07300415700059695
test-90311,0.028712603841137163
test-90312,0.029049478953865986
test-90313,0.01008649787488996
test-90314,0.0114114198851374
test-90315,0.25853573277096153
test-90316,0.023373420382206373
test-90317,0.1299318130293085
test-90318,0.02669190366696835
test-90319,0.027709030155406794
test-9032,0.08897809120045976
test-90320,0.022883111419580805
test-90321,0.06986194723583708
test-90322,0.23158500095162957
test-90323,0.020746687713132633
test-90324,0.05652636713934997
test-90325,0.018090560554904815
test-90326,0.01213298158083581
test-90327,0.03269320704520948
test-90328,0.06296695495757501
test-90329,0.20274245429682122
test-9033,0.30315255063446334
test-90330,0.00953521655962779
test-90331,0.016701863153058473
test-90332,0.12258167806532787
test-90333,0.26468880829984104
test-90334,0.011911309718069798
test-90335,0.3093113758151918
test-90336,0.11541052674476132
test-90337,0.010823358649941982
test-90338,0.01909098000130147
test-90339,0.34208807046973055
test-9034,0.006713871965944678
test-90340,0.0183336763330266
test-90341,0.006999381230389097
test-90342,0.04747676688116238
test-90343,0.1244892465673478
test-90344,0.010893843587264005
test-90345,0.12496880624726278
test-90346,0.026047462659601155
test-90347,0.023416675782685338
test-90348,0.1379960200253601
test-90349,0.01872714538928913
test-9035,0.04475351461529831
test-90350,0.018477567649154387
test-90351,0.05970793417347791
test-90352,0.01752034940491339
test-90353,0.05072130846222458
test-90354,0.01256506512414244
test-90355,0.03222155188479604
test-90356,0.017802042369100417
test-90357,0.11499578303811298
test-90358,0.007603232666518091
test-90359,0.06316150680195723
test-9036,0.009818900575629352
test-90360,0.01147819579155948
test-90361,0.023735952185145348
test-90362,0.01418369341866158
test-90363,0.01901386474516525
test-90364,0.050725774329101865
test-90365,0.2030204353071172
test-90366,0.03486415065020565
test-90367,0.010918335201384076
test-90368,0.14440040411748933
test-90369,0.014448990240790775
test-9037,0.014998950325453238
test-90370,0.08445361833807438
test-90371,0.008149002485368602
test-90372,0.012213328554131389
test-90373,0.029754307474923854
test-90374,0.24052600417000267
test-90375,0.04332041856611138
test-90376,0.11930798742934495
test-90377,0.07434226176541132
test-90378,0.3248615755797882
test-90379,0.13005220380423216
test-9038,0.014572723371870834
test-90380,0.20386551229988759
test-90381,0.07013717606758778
test-90382,0.04513097662748388
test-90383,0.02874157781611735
test-90384,0.015915168311435413
test-90385,0.010561959026239895
test-90386,0.11717351534266778
test-90387,0.014891245691149423
test-90388,0.015514811643244138
test-90389,0.03991427570930743
test-9039,0.028143239780210754
test-90390,0.031160411970340925
test-90391,0.009835718885900025
test-90392,0.09920460165096297
test-90393,0.011413886321069105
test-90394,0.018165953781475567
test-90395,0.011358913874675034
test-90396,0.01903429978942429
test-90397,0.014292568330261149
test-90398,0.041064172805087194
test-90399,0.017168807588329706
test-904,0.012634851557313025
test-9040,0.09374563336960197
test-90400,0.012788406457983244
test-90401,0.012735384704847617
test-90402,0.013541010566906833
test-90403,0.026236565442066852
test-90404,0.01767917596781319
test-90405,0.019985494823621146
test-90406,0.025607268935169295
test-90407,0.006235727174248072
test-90408,0.018741166326487313
test-90409,0.011206606047868897
test-9041,0.15336321906931644
test-90410,0.07340262774458373
test-90411,0.026135267911856174
test-90412,0.017198997462388923
test-90413,0.06402987386429246
test-90414,0.018428891433469832
test-90415,0.16367185232095097
test-90416,0.011469602235691474
test-90417,0.02055242805345505
test-90418,0.011942102509070482
test-90419,0.023219516142432516
test-9042,0.05266261909476349
test-90420,0.11900874334129155
test-90421,0.11712039160029655
test-90422,0.04456497126299324
test-90423,0.02370515550289777
test-90424,0.02372289305257482
test-90425,0.011057307202143998
test-90426,0.05910915384783372
test-90427,0.08290872674684348
test-90428,0.08825557869745343
test-90429,0.010002462056467694
test-9043,0.02500284709316463
test-90430,0.034462792400414846
test-90431,0.2435721589462524
test-90432,0.091657484912097
test-90433,0.010849167470095192
test-90434,0.029905946713622712
test-90435,0.08529991323507354
test-90436,0.30311173782463047
test-90437,0.013144372297629062
test-90438,0.009867388615050219
test-90439,0.015183545071137452
test-9044,0.019088363189456312
test-90440,0.06769227346933265
test-90441,0.2970232705986067
test-90442,0.012398764054585228
test-90443,0.01161266221382221
test-90444,0.014879190140356055
test-90445,0.007717692268511514
test-90446,0.09834476452644543
test-90447,0.0669392073111586
test-90448,0.02435639385101853
test-90449,0.2300030532832985
test-9045,0.019431108669707438
test-90450,0.044035292559043725
test-90451,0.01678709454584757
test-90452,0.04455879549956729
test-90453,0.2739332794465854
test-90454,0.032687386537040404
test-90455,0.01771081809340238
test-90456,0.11363610193851689
test-90457,0.053646075350798565
test-90458,0.013031259608640614
test-90459,0.12796851635119139
test-9046,0.043426535588116044
test-90460,0.00791279462775689
test-90461,0.011704624916375356
test-90462,0.025211907241032092
test-90463,0.008165258996352934
test-90464,0.009375981930322333
test-90465,0.06687591078501293
test-90466,0.0104253487643917
test-90467,0.020184049019556536
test-90468,0.07330231849325636
test-90469,0.006798087554014696
test-9047,0.009154938317533024
test-90470,0.03267545261003053
test-90471,0.04475351461529831
test-90472,0.010823358649941982
test-90473,0.03792655957803898
test-90474,0.07644785407897581
test-90475,0.08586705724435532
test-90476,0.013661636577303285
test-90477,0.03733338553332165
test-90478,0.10131017876088283
test-90479,0.07287513663214307
test-9048,0.02038093430553686
test-90480,0.01060098620834754
test-90481,0.010742044642731983
test-90482,0.03109036435513665
test-90483,0.00952703755644194
test-90484,0.01121282576966861
test-90485,0.009546053570412195
test-90486,0.014491569071859231
test-90487,0.0320486026440807
test-90488,0.013025561554456963
test-90489,0.021319397303405704
test-9049,0.1624549661661643
test-90490,0.008751517406364848
test-90491,0.007785501302675856
test-90492,0.013659514988185578
test-90493,0.01617223722163442
test-90494,0.03376808888379797
test-90495,0.06374488318080007
test-90496,0.12680347325514854
test-90497,0.08041034209277798
test-90498,0.03140364802854387
test-90499,0.06256640140901615
test-905,0.0179045566573871
test-9050,0.11892880046721677
test-90500,0.02698417083801916
test-90501,0.021324507880958472
test-90502,0.20983312110540459
test-90503,0.14660621249274897
test-90504,0.19998438055560008
test-90505,0.17721917457865352
test-90506,0.010017726137454937
test-90507,0.009993270656379533
test-90508,0.005556878446550724
test-90509,0.017243678870553465
test-9051,0.17496145728474022
test-90510,0.0318986976566665
test-90511,0.17097335553058116
test-90512,0.03007328048303093
test-90513,0.032926783678184
test-90514,0.029425995161472762
test-90515,0.011030138218203044
test-90516,0.4252554837280234
test-90517,0.019540247575605334
test-90518,0.2649000394734443
test-90519,0.031573277611457166
test-9052,0.0322560369895652
test-90520,0.021035137222598806
test-90521,0.018538534653501342
test-90522,0.02398527353828357
test-90523,0.019485295962674766
test-90524,0.06543582361725209
test-90525,0.034462792400414846
test-90526,0.028811690483673807
test-90527,0.07900443345243102
test-90528,0.13693604417110333
test-90529,0.01757476489493831
test-9053,0.0627917656742386
test-90530,0.04178832648561673
test-90531,0.06531357124641064
test-90532,0.1878712792752655
test-90533,0.03684667767924523
test-90534,0.030706420625541905
test-90535,0.1171583491829836
test-90536,0.019423583336081924
test-90537,0.01637697474636509
test-90538,0.02918393546636709
test-90539,0.1297815114498038
test-9054,0.19152006993565876
test-90540,0.02720842144046624
test-90541,0.013891791721646934
test-90542,0.022730992279051357
test-90543,0.018327821757427948
test-90544,0.01393947561590565
test-90545,0.03200840952905769
test-90546,0.009290085696182473
test-90547,0.023840547987375157
test-90548,0.021042058785937758
test-90549,0.01522394487126682
test-9055,0.10358190491739874
test-90550,0.01611177244346413
test-90551,0.1582643329359579
test-90552,0.07213336915033482
test-90553,0.04134448850488203
test-90554,0.012535698783560298
test-90555,0.006330678061849191
test-90556,0.01066251364764319
test-90557,0.022421871188957766
test-90558,0.009360820121051536
test-90559,0.028442331874155197
test-9056,0.17822686663796478
test-90560,0.02911011102707802
test-90561,0.009821369498539382
test-90562,0.011268218548333755
test-90563,0.020422632471294666
test-90564,0.01147819579155948
test-90565,0.010521178338860047
test-90566,0.050079920516573305
test-90567,0.012444552873791603
test-90568,0.03528078213242622
test-90569,0.013172294987314868
test-9057,0.013573817593338585
test-90570,0.044200675822435566
test-90571,0.05821483366772319
test-90572,0.011005398602143788
test-90573,0.1313780570572352
test-90574,0.06803412447426488
test-90575,0.1313395705021038
test-90576,0.026958849252965995
test-90577,0.01426054126242213
test-90578,0.03227280857944684
test-90579,0.2608475467964531
test-9058,0.07799433853261355
test-90580,0.0851413349218946
test-90581,0.07883564408434733
test-90582,0.01614848536816466
test-90583,0.03778844288804132
test-90584,0.05801386422368632
test-90585,0.011164696376767501
test-90586,0.2228100927785756
test-90587,0.017705820664604983
test-90588,0.02109276190073658
test-90589,0.028090689836742087
test-9059,0.08148207627052675
test-90590,0.027948059466553904
test-90591,0.02046323567396794
test-90592,0.06980402213660342
test-90593,0.0117237394021366
test-90594,0.1578030936211729
test-90595,0.0804500708988723
test-90596,0.008367675566287766
test-90597,0.14592097767259313
test-90598,0.140361710471817
test-90599,0.07155736569013475
test-906,0.07266311923555975
test-9060,0.03394648889383415
test-90600,0.01781668333554701
test-90601,0.33332268882771077
test-90602,0.024362264931826538
test-90603,0.053341850880775386
test-90604,0.015143997328144091
test-90605,0.049744957843033503
test-90606,0.02667176244743185
test-90607,0.024391629195563463
test-90608,0.043447753026877894
test-90609,0.02127131460051973
test-9061,0.21962385265766904
test-90610,0.037211025947255096
test-90611,0.24823816569788765
test-90612,0.10373811943857802
test-90613,0.02761891069629025
test-90614,0.16075769316058375
test-90615,0.009141933913656107
test-90616,0.0234311444723456
test-90617,0.03209564642404226
test-90618,0.04744836284985823
test-90619,0.15732002547929735
test-9062,0.30127300104104154
test-90620,0.2277544374660901
test-90621,0.01628995758942881
test-90622,0.01496676848902438
test-90623,0.006513125385054913
test-90624,0.01874233681839611
test-90625,0.015851112658670143
test-90626,0.1761842405914135
test-90627,0.023968889084445374
test-90628,0.013270211418971034
test-90629,0.015710386062030148
test-9063,0.019673288708894426
test-90630,0.009277778331457747
test-90631,0.019027674301522208
test-90632,0.030781103620546018
test-90633,0.06803412447426488
test-90634,0.034875457747988434
test-90635,0.020184049019556536
test-90636,0.008892357119978054
test-90637,0.02224177431698411
test-90638,0.021450898814542256
test-90639,0.08469207989574525
test-9064,0.17626937927815958
test-90640,0.09817904059336004
test-90641,0.1473774431602795
test-90642,0.1135174012414513
test-90643,0.02881300135202665
test-90644,0.007302235649808687
test-90645,0.024341955629038473
test-90646,0.014023528936981774
test-90647,0.08742981472721043
test-90648,0.08091840458510943
test-90649,0.031220970216712596
test-9065,0.012089649758012907
test-90650,0.01754899910155217
test-90651,0.04603476008382205
test-90652,0.01397675103601954
test-90653,0.01263221411230989
test-90654,0.021928804717426795
test-90655,0.010220972531550817
test-90656,0.014327738003587042
test-90657,0.010230055328625065
test-90658,0.018186496495156072
test-90659,0.049047845792459695
test-9066,0.11380125806609603
test-90660,0.12669521753714805
test-90661,0.08086385461013587
test-90662,0.08355063239238182
test-90663,0.016002735086915302
test-90664,0.012478942350740058
test-90665,0.03711634600553463
test-90666,0.024188514789225627
test-90667,0.015706938960062814
test-90668,0.032962403046394174
test-90669,0.06613128233036399
test-9067,0.1491659934468627
test-90670,0.02455214712729118
test-90671,0.12353379064512608
test-90672,0.01259203510675505
test-90673,0.019011054333485176
test-90674,0.013179497472467919
test-90675,0.010343889471935248
test-90676,0.187550291619094
test-90677,0.013631076096040038
test-90678,0.04301208359899352
test-90679,0.022276888005122165
test-9068,0.2651805669397652
test-90680,0.018085021481306803
test-90681,0.02399768661346707
test-90682,0.019659979474277278
test-90683,0.032483745658039596
test-90684,0.014158588795783042
test-90685,0.02240443524997358
test-90686,0.10935472743925152
test-90687,0.00816115630967677
test-90688,0.009397861561913998
test-90689,0.17161905570636626
test-9069,0.09050577405415308
test-90690,0.017969465325603052
test-90691,0.359704329431878
test-90692,0.07278892182117214
test-90693,0.18398526347552896
test-90694,0.01601343062448971
test-90695,0.013987217844320393
test-90696,0.053333529261914904
test-90697,0.1508126009690024
test-90698,0.054404800034574874
test-90699,0.02881110643102705
test-907,0.03596099894899358
test-9070,0.051002080572634674
test-90700,0.29993711275533225
test-90701,0.08913710236656078
test-90702,0.22641718390997848
test-90703,0.1521103761092742
test-90704,0.08584331115497044
test-90705,0.12664058815468698
test-90706,0.08003083037374147
test-90707,0.08536489856538218
test-90708,0.027432110754632012
test-90709,0.04272142126375907
test-9071,0.015583691314316495
test-90710,0.027070496517110545
test-90711,0.06580176197303123
test-90712,0.03800463528908816
test-90713,0.029908283861302135
test-90714,0.020622359761128434
test-90715,0.04315587774234556
test-90716,0.01026917100739405
test-90717,0.023478129289319888
test-90718,0.00986692341770471
test-90719,0.0179922235944473
test-9072,0.19682533261527732
test-90720,0.047108812544222
test-90721,0.04301208359899352
test-90722,0.023930323758353533
test-90723,0.05475915278877629
test-90724,0.03194879720488237
test-90725,0.16525993967144983
test-90726,0.02172163936055968
test-90727,0.01608517345709033
test-90728,0.00659763530063196
test-90729,0.01147819579155948
test-9073,0.016683225118233478
test-90730,0.08783430652304325
test-90731,0.024973787472914896
test-90732,0.07177519486086513
test-90733,0.019282984525144174
test-90734,0.014449910333591312
test-90735,0.01703365071812189
test-90736,0.061577899304617906
test-90737,0.01255676831104394
test-90738,0.017458674180118667
test-90739,0.025193947930038745
test-9074,0.062042867193151725
test-90740,0.03902449782053738
test-90741,0.024639091318992806
test-90742,0.05339307069340168
test-90743,0.03957797408190487
test-90744,0.0048631732871038
test-90745,0.01805716656498124
test-90746,0.07712109118801304
test-90747,0.007850007755727972
test-90748,0.020422632471294666
test-90749,0.042795859656951325
test-9075,0.09787796055403811
test-90750,0.11655893027213471
test-90751,0.26445605067117056
test-90752,0.04587280202041644
test-90753,0.2193559249438242
test-90754,0.06028545945952339
test-90755,0.030338780393866956
test-90756,0.023260072296246326
test-90757,0.019231176081365643
test-90758,0.022185549664788584
test-90759,0.020425463846640655
test-9076,0.21724098792040686
test-90760,0.3877997887136461
test-90761,0.017511787651129283
test-90762,0.03344992291510482
test-90763,0.006622181033259455
test-90764,0.006412851691144523
test-90765,0.04526910096224766
test-90766,0.02436531142295488
test-90767,0.14395861428443163
test-90768,0.1291090533519388
test-90769,0.07664387766481162
test-9077,0.28175080190731716
test-90770,0.050221482255765615
test-90771,0.008192881451409001
test-90772,0.3171960982840358
test-90773,0.2382346467279987
test-90774,0.022088451900497588
test-90775,0.05682929051418534
test-90776,0.15572195291773527
test-90777,0.01786735337235956
test-90778,0.06769227346933265
test-90779,0.011649461521885238
test-9078,0.26454339832953166
test-90780,0.13677235331463847
test-90781,0.0125921818685806
test-90782,0.00871125540909954
test-90783,0.01845011831854662
test-90784,0.023299518694089513
test-90785,0.15926112030246325
test-90786,0.07779885134910614
test-90787,0.00887401265246504
test-90788,0.12663596937894922
test-90789,0.1869862259410365
test-9079,0.01133259837364577
test-90790,0.03282080111478267
test-90791,0.08008622536009799
test-90792,0.08503989481318519
test-90793,0.022178872589893983
test-90794,0.010064676430337916
test-90795,0.016523581318609714
test-90796,0.013664072192925371
test-90797,0.0669392073111586
test-90798,0.01071714474889416
test-90799,0.012540983329804615
test-908,0.015913208278593813
test-9080,0.30902669917001296
test-90800,0.03805445865555429
test-90801,0.008328150138380903
test-90802,0.03158099043849515
test-90803,0.02114803661919958
test-90804,0.021323810157429905
test-90805,0.013837594817736932
test-90806,0.01377827819689695
test-90807,0.053724713409199897
test-90808,0.018465646405475065
test-90809,0.1785116210213878
test-9081,0.01728241472898021
test-90810,0.37676201275017723
test-90811,0.08503196472849259
test-90812,0.20145838395170454
test-90813,0.027587721500807606
test-90814,0.025233072854873306
test-90815,0.05315007365865708
test-90816,0.010878090705098023
test-90817,0.1537244738259854
test-90818,0.0707119985986715
test-90819,0.019498254909809335
test-9082,0.137121368809003
test-90820,0.027623844543283038
test-90821,0.040797932842171515
test-90822,0.13019056764220668
test-90823,0.02533901273420787
test-90824,0.11635106144084761
test-90825,0.13036815709997937
test-90826,0.02058487595677318
test-90827,0.06804425800119882
test-90828,0.015091907869000068
test-90829,0.1292379515912425
test-9083,0.11554691356435694
test-90830,0.0441471356813607
test-90831,0.07308093654608214
test-90832,0.027934542661086043
test-90833,0.0254651825888722
test-90834,0.03366093421511733
test-90835,0.012565655141139678
test-90836,0.34739409282377326
test-90837,0.02563442775349158
test-90838,0.02878742108440201
test-90839,0.012472195873207364
test-9084,0.015946192596292794
test-90840,0.010057214961593295
test-90841,0.02061711919072284
test-90842,0.10998659784914115
test-90843,0.007887601557689066
test-90844,0.03642487891857758
test-90845,0.010275868715570218
test-90846,0.12467445827707084
test-90847,0.021600170789048325
test-90848,0.278201667381778
test-90849,0.1552513792108904
test-9085,0.027541138639093896
test-90850,0.008517400151887997
test-90851,0.013745062531712903
test-90852,0.07965332758443237
test-90853,0.03125174394975723
test-90854,0.05339307069340168
test-90855,0.054376610764495154
test-90856,0.06769227346933265
test-90857,0.31550847351172256
test-90858,0.03868581526917479
test-90859,0.01859668682841412
test-9086,0.21723536221405035
test-90860,0.02191422133877877
test-90861,0.020094110329857452
test-90862,0.06108085344638038
test-90863,0.026960189845662116
test-90864,0.015656159208513702
test-90865,0.15731350203197517
test-90866,0.03984954369624131
test-90867,0.023930323758353533
test-90868,0.042552001645508895
test-90869,0.018487811456801444
test-9087,0.04582987354117379
test-90870,0.05032778070085482
test-90871,0.011375295242127477
test-90872,0.006639687711168425
test-90873,0.01663182289740692
test-90874,0.023529249498726874
test-90875,0.08955839030337578
test-90876,0.029597164184308203
test-90877,0.02372289305257482
test-90878,0.13952313371334893
test-90879,0.07213420000109588
test-9088,0.1543510708952596
test-90880,0.03622525723936219
test-90881,0.03347377528166037
test-90882,0.010024969971906408
test-90883,0.02103022242324668
test-90884,0.014008075504383237
test-90885,0.041110550780939954
test-90886,0.008513989963748815
test-90887,0.01220417273923821
test-90888,0.010745448128978348
test-90889,0.011476155387127483
test-9089,0.010212166338592345
test-90890,0.040088680484209216
test-90891,0.016826710537060606
test-90892,0.02909287992778067
test-90893,0.013414864622922547
test-90894,0.02916177127865986
test-90895,0.007103459395646547
test-90896,0.009229090622479614
test-90897,0.058288280436082106
test-90898,0.027471521470755177
test-90899,0.02603801234091004
test-909,0.10253227220121144
test-9090,0.010652138154263985
test-90900,0.008787332659206826
test-90901,0.017759020963952623
test-90902,0.014023528936981774
test-90903,0.016252643579951893
test-90904,0.010822089078752362
test-90905,0.008649932509479949
test-90906,0.04425234030635769
test-90907,0.08513252674398905
test-90908,0.020331652730733653
test-90909,0.018665364518769562
test-9091,0.12808666153931675
test-90910,0.009841312758969474
test-90911,0.06986194723583708
test-90912,0.010343890160074032
test-90913,0.05020050663719134
test-90914,0.026009999288245433
test-90915,0.09328358840971522
test-90916,0.18687356281017262
test-90917,0.017607304687171303
test-90918,0.01836568876229738
test-90919,0.12312536106379665
test-9092,0.19052275692256077
test-90920,0.02747561792033172
test-90921,0.03284675257406047
test-90922,0.03774314978304459
test-90923,0.012893009952005005
test-90924,0.018651951786485245
test-90925,0.009495166840471352
test-90926,0.07512180394517347
test-90927,0.020175839025803565
test-90928,0.22299041245084683
test-90929,0.2810043500636194
test-9093,0.03808926221621729
test-90930,0.0669392073111586
test-90931,0.026658875549771675
test-90932,0.009256600130851904
test-90933,0.27517466381450834
test-90934,0.009665283629225878
test-90935,0.03116306266596563
test-90936,0.10479289520617156
test-90937,0.011879989203129944
test-90938,0.015224312249784357
test-90939,0.01042483697568999
test-9094,0.0496981473874399
test-90940,0.04517595124316359
test-90941,0.028790080975019245
test-90942,0.011510743328953188
test-90943,0.06092076710798204
test-90944,0.04311403115467088
test-90945,0.12758801666893282
test-90946,0.03057562736052438
test-90947,0.009694887706586079
test-90948,0.13924898768105945
test-90949,0.08003083037374147
test-9095,0.03706961131794036
test-90950,0.03532364846140217
test-90951,0.038733610644998334
test-90952,0.017181112908956263
test-90953,0.01674663365986962
test-90954,0.019630185272296548
test-90955,0.042817480290909024
test-90956,0.02466919810379885
test-90957,0.016384263709122035
test-90958,0.10955643615795728
test-90959,0.025668705938471762
test-9096,0.03319516431703696
test-90960,0.0761463288834153
test-90961,0.03849385307396757
test-90962,0.14928289879624207
test-90963,0.016732652042838924
test-90964,0.049118065567867734
test-90965,0.052587175427313934
test-90966,0.028562276380827197
test-90967,0.018630909889729198
test-90968,0.010435693796259896
test-90969,0.24145150617688113
test-9097,0.008940824532284513
test-90970,0.032147435043153
test-90971,0.013141404415742087
test-90972,0.022909244436552546
test-90973,0.018487811456801444
test-90974,0.03151376062281193
test-90975,0.013571865867025091
test-90976,0.015562714184025866
test-90977,0.013017286640454179
test-90978,0.025934998036869585
test-90979,0.06769089613322582
test-9098,0.07154554671561687
test-90980,0.2608606113982203
test-90981,0.016812428198133056
test-90982,0.01902307046308608
test-90983,0.08591699139570945
test-90984,0.12555639144251218
test-90985,0.13584648180255504
test-90986,0.015059308742533405
test-90987,0.11543498080582862
test-90988,0.011301934003711114
test-90989,0.10406498797675588
test-9099,0.03429772955406282
test-90990,0.02097540592519649
test-90991,0.017645380032289507
test-90992,0.40122400986845613
test-90993,0.009841312758969474
test-90994,0.01026917100739405
test-90995,0.015079917023137013
test-90996,0.012649968801626924
test-90997,0.04211764742205315
test-90998,0.013104288373023928
test-90999,0.027954615967535144
test-91,0.028529953938737803
test-910,0.03396205656646754
test-9100,0.013234973877133713
test-91000,0.08402181783145363
test-91001,0.032172317962672815
test-91002,0.04586516449891277
test-91003,0.008651415063227351
test-91004,0.07987753447674045
test-91005,0.01997900118388564
test-91006,0.08091840458510943
test-91007,0.008445859950496706
test-91008,0.013004732707290882
test-91009,0.018725063063477262
test-9101,0.16602263067073533
test-91010,0.035690100602998244
test-91011,0.1295271409104684
test-91012,0.011697879022783676
test-91013,0.01928847357097102
test-91014,0.08404768758512925
test-91015,0.15814209681349456
test-91016,0.014644292458685426
test-91017,0.013308879378771902
test-91018,0.019077414823574668
test-91019,0.03517554983071838
test-9102,0.08047263770136774
test-91020,0.04476966329898236
test-91021,0.09787796055403811
test-91022,0.33485908698581285
test-91023,0.01097173351223641
test-91024,0.044711816608167906
test-91025,0.01758648109259473
test-91026,0.02248038055068591
test-91027,0.07581563878771132
test-91028,0.1369067675650336
test-91029,0.01482354786167619
test-9103,0.04451302326375313
test-91030,0.012216051393392822
test-91031,0.016538741723127495
test-91032,0.010626317938131149
test-91033,0.014548314753119972
test-91034,0.030823011714587234
test-91035,0.013208825274037508
test-91036,0.03473971198441209
test-91037,0.03361472314786956
test-91038,0.15550062992645705
test-91039,0.012866350003425382
test-9104,0.2805287017184446
test-91040,0.028763036464463772
test-91041,0.019494095274232074
test-91042,0.10812230317096443
test-91043,0.017599316467170684
test-91044,0.036041587384262455
test-91045,0.14191101633026165
test-91046,0.022840744924929247
test-91047,0.029751888064372112
test-91048,0.09371134864380046
test-91049,0.016150995546186635
test-9105,0.17645226684991447
test-91050,0.06839005644426564
test-91051,0.02710416574322473
test-91052,0.03692779999934627
test-91053,0.010553787197866489
test-91054,0.14532907777651038
test-91055,0.009513861430573164
test-91056,0.04236282686752778
test-91057,0.017581725569405217
test-91058,0.020331652730733653
test-91059,0.05330400333040348
test-9106,0.12663596937894922
test-91060,0.3193119921963394
test-91061,0.39723341736092826
test-91062,0.024149994659521945
test-91063,0.019027002197242657
test-91064,0.1835569138701417
test-91065,0.01105719626868785
test-91066,0.016141387897063073
test-91067,0.024216804308096355
test-91068,0.14359334012076172
test-91069,0.19282165586782693
test-9107,0.023767529124105763
test-91070,0.02922525121941153
test-91071,0.13726071573070886
test-91072,0.015764196905254886
test-91073,0.009945544235989269
test-91074,0.017737348860091307
test-91075,0.010823358649941982
test-91076,0.007482170278673592
test-91077,0.0865520017260712
test-91078,0.016853598286197955
test-91079,0.052678038971533066
test-9108,0.05822159287677583
test-91080,0.03436421561155234
test-91081,0.07799433853261355
test-91082,0.05527113041701808
test-91083,0.03371709720556654
test-91084,0.14095717850282952
test-91085,0.13775918575813118
test-91086,0.0657873697483598
test-91087,0.260467413714071
test-91088,0.032897374836566524
test-91089,0.025645357339776242
test-9109,0.10135147787955867
test-91090,0.0234434707732608
test-91091,0.10176641647511193
test-91092,0.02100560300237912
test-91093,0.02537635657169207
test-91094,0.01906537517406463
test-91095,0.03538798294996711
test-91096,0.01245099410749524
test-91097,0.06148797326780528
test-91098,0.025357470665362584
test-91099,0.009540153729295826
test-911,0.016599073117843165
test-9110,0.21932071691327332
test-91100,0.18156118115558725
test-91101,0.028163562622584484
test-91102,0.06769227346933265
test-91103,0.021042058785937758
test-91104,0.20399691851123156
test-91105,0.308499168816828
test-91106,0.15598937350473582
test-91107,0.07896917855603469
test-91108,0.020325796543137802
test-91109,0.013807129671057832
test-9111,0.024433053233029228
test-91110,0.019604992525082434
test-91111,0.015408505335737416
test-91112,0.010883354191664134
test-91113,0.2472104712241372
test-91114,0.18645245010037784
test-91115,0.01636419146468894
test-91116,0.022760114270935425
test-91117,0.0386220255174204
test-91118,0.029952567162603888
test-91119,0.013185480505559113
test-9112,0.1345726165048389
test-91120,0.010818902319775165
test-91121,0.01789519939187395
test-91122,0.12350897766525006
test-91123,0.007337478915444257
test-91124,0.0663517730574726
test-91125,0.016208332785393312
test-91126,0.03643625486624978
test-91127,0.009748458630799359
test-91128,0.013920831672403284
test-91129,0.01940111425126574
test-9113,0.0825946247876533
test-91130,0.008901933301863514
test-91131,0.03785188087024968
test-91132,0.08890115724917734
test-91133,0.013719405501298245
test-91134,0.09328485785697523
test-91135,0.047121808973807675
test-91136,0.1660896844740502
test-91137,0.18490829688266436
test-91138,0.036242497691780964
test-91139,0.009761249154114473
test-9114,0.01416658050087633
test-91140,0.013536558780824316
test-91141,0.3937301534634637
test-91142,0.009094405199993024
test-91143,0.020671709720200247
test-91144,0.03270682763807188
test-91145,0.12661957088946885
test-91146,0.009383319090315992
test-91147,0.029811729065221414
test-91148,0.0172516846453715
test-91149,0.022317518401531424
test-9115,0.13924898768105945
test-91150,0.0517538401720075
test-91151,0.1450352202994014
test-91152,0.02217325341315593
test-91153,0.03271504737186328
test-91154,0.017759020963952623
test-91155,0.15102290584435155
test-91156,0.07835326426461221
test-91157,0.020456235446552447
test-91158,0.011778136989335518
test-91159,0.029005642632617786
test-9116,0.0787136658038635
test-91160,0.05982867897953309
test-91161,0.01924557170142916
test-91162,0.06481958579612909
test-91163,0.011212131899236559
test-91164,0.13310177805855483
test-91165,0.02576703542194633
test-91166,0.017073655211920346
test-91167,0.009399875120792439
test-91168,0.009429619365750956
test-91169,0.015223980845697848
test-9117,0.19583504058740633
test-91170,0.019282984525144174
test-91171,0.011413886321069105
test-91172,0.05339307069340168
test-91173,0.09679425838060413
test-91174,0.024840373135949417
test-91175,0.03918432368933508
test-91176,0.04358966734336804
test-91177,0.011082051018715226
test-91178,0.17952937019851234
test-91179,0.014422673190260247
test-9118,0.13328767526997964
test-91180,0.13916112670798256
test-91181,0.015464844067314583
test-91182,0.08081847943464869
test-91183,0.11053204170507112
test-91184,0.10740765253927023
test-91185,0.03517778580593637
test-91186,0.03991427570930743
test-91187,0.048343642915145375
test-91188,0.01845890342715518
test-91189,0.0091119697118891
test-9119,0.02216660224077476
test-91190,0.09449090494162139
test-91191,0.031142633827177243
test-91192,0.1242316109502703
test-91193,0.1896298706897612
test-91194,0.13207564119353027
test-91195,0.020422632471294666
test-91196,0.02069816065737929
test-91197,0.03260910536791298
test-91198,0.015208919430649696
test-91199,0.06986194723583708
test-912,0.0707119985986715
test-9120,0.08982988084339417
test-91200,0.017840636010654103
test-91201,0.0667012308444009
test-91202,0.07817955531237089
test-91203,0.0065610031245792715
test-91204,0.01614509457073072
test-91205,0.0326218459890359
test-91206,0.06414765714057266
test-91207,0.05316657638861116
test-91208,0.03835493892014609
test-91209,0.02526142945188342
test-9121,0.00687920316047729
test-91210,0.02909307294017642
test-91211,0.017160454515026128
test-91212,0.038428531146356124
test-91213,0.2406101866380524
test-91214,0.028355033220458997
test-91215,0.012750078353881809
test-91216,0.010275868715570218
test-91217,0.12796851635119139
test-91218,0.023773930221123264
test-91219,0.011686502467895581
test-9122,0.09784757899040372
test-91220,0.040824276766592275
test-91221,0.21409602258732277
test-91222,0.07071119710124316
test-91223,0.014102109819248605
test-91224,0.02705608348303684
test-91225,0.059354856111864245
test-91226,0.19352981135456138
test-91227,0.010701100797700232
test-91228,0.023108826770699822
test-91229,0.09856205402312573
test-9123,0.017511787651129283
test-91230,0.11104578009487269
test-91231,0.29993711275533225
test-91232,0.008409276670129747
test-91233,0.015336131514514895
test-91234,0.016440301527120803
test-91235,0.07765548192385864
test-91236,0.009984776730042668
test-91237,0.056192420947980964
test-91238,0.022637315936425453
test-91239,0.023593279674420375
test-9124,0.308981712573386
test-91240,0.1666025006369793
test-91241,0.008416308877064734
test-91242,0.1624549661661643
test-91243,0.20857776193912336
test-91244,0.026341132756667687
test-91245,0.19107183982450693
test-91246,0.048251822315684686
test-91247,0.02314629319252834
test-91248,0.19839255492151733
test-91249,0.11459586789853983
test-9125,0.0998680989457238
test-91250,0.012803290350664956
test-91251,0.11594093221404907
test-91252,0.012781577681764845
test-91253,0.01269234575289156
test-91254,0.01106260693696124
test-91255,0.09371229528656147
test-91256,0.14898746963205417
test-91257,0.012985355730378536
test-91258,0.02003843258395867
test-91259,0.03808428874077432
test-9126,0.09935030145420644
test-91260,0.04032744110398823
test-91261,0.012119203612595403
test-91262,0.02109569706418708
test-91263,0.01956905876754391
test-91264,0.019548256572873218
test-91265,0.008409928424449958
test-91266,0.06385828647394612
test-91267,0.011966427024598545
test-91268,0.018738689139375087
test-91269,0.016867736974738857
test-9127,0.24273728637003267
test-91270,0.011761559203701257
test-91271,0.011845378996182092
test-91272,0.013661477967226133
test-91273,0.014023528936981774
test-91274,0.027570414543443802
test-91275,0.008570287742798924
test-91276,0.02003525166310361
test-91277,0.0179922235944473
test-91278,0.021143648771793578
test-91279,0.14811326198206934
test-9128,0.026262592002976745
test-91280,0.01201757288031827
test-91281,0.03637014232024836
test-91282,0.018242833628021118
test-91283,0.007260860590376655
test-91284,0.018998791744663866
test-91285,0.27930813838708396
test-91286,0.029115952135792354
test-91287,0.0120960701955383
test-91288,0.04092089725887659
test-91289,0.021707009647085367
test-9129,0.08470702049769696
test-91290,0.017719355149768044
test-91291,0.017882466937385145
test-91292,0.061854239385942374
test-91293,0.020570938945540553
test-91294,0.017742404474857136
test-91295,0.08962782951307559
test-91296,0.011868116856013074
test-91297,0.032316004014231695
test-91298,0.02776690969291901
test-91299,0.02436531142295488
test-913,0.05080244854674807
test-9130,0.008834475440802373
test-91300,0.014087100618408179
test-91301,0.01602096841931032
test-91302,0.0669392073111586
test-91303,0.12900194896205106
test-91304,0.06809318000962196
test-91305,0.1940040691963809
test-91306,0.011827150157929255
test-91307,0.04252105837468247
test-91308,0.018454225608461577
test-91309,0.146609831409148
test-9131,0.03070117200605907
test-91310,0.020331652730733653
test-91311,0.017198997462388923
test-91312,0.07140122791336766
test-91313,0.03679160920412531
test-91314,0.022081711018956937
test-91315,0.013309958003088897
test-91316,0.0955966801524942
test-91317,0.018732088823975476
test-91318,0.007516707506295161
test-91319,0.09463643812107811
test-9132,0.06183208280215057
test-91320,0.04342217792467707
test-91321,0.03514471698301078
test-91322,0.19983838365270676
test-91323,0.0751332706005262
test-91324,0.01725512844100615
test-91325,0.03179592178187199
test-91326,0.02757969157834717
test-91327,0.020651472801761106
test-91328,0.022868446235120264
test-91329,0.06017494627589176
test-9133,0.01696372574066287
test-91330,0.1221060258922019
test-91331,0.1861704493294059
test-91332,0.02434441625087243
test-91333,0.06956615696380203
test-91334,0.01859097830571869
test-91335,0.025196362185805857
test-91336,0.044103778506940985
test-91337,0.025906432448727895
test-91338,0.02331983885383166
test-91339,0.06866260127631668
test-9134,0.10538681411085178
test-91340,0.01506025901291301
test-91341,0.188832497490162
test-91342,0.04317554081256728
test-91343,0.01210533349608702
test-91344,0.07277872358081282
test-91345,0.011359659525609973
test-91346,0.017533523634030237
test-91347,0.02102836935412256
test-91348,0.04301208359899352
test-91349,0.03982043117206968
test-9135,0.04354112160529074
test-91350,0.15437042608872087
test-91351,0.018170950118744835
test-91352,0.013409320482859553
test-91353,0.018244747427778686
test-91354,0.03627488656238226
test-91355,0.007016884063355805
test-91356,0.160734814439016
test-91357,0.07896917855603469
test-91358,0.007273896506043557
test-91359,0.03957797408190487
test-9136,0.023856509764309138
test-91360,0.19880774776985727
test-91361,0.007980729751625414
test-91362,0.2398255864481742
test-91363,0.011503088549783404
test-91364,0.020693968009375695
test-91365,0.2364824725462624
test-91366,0.0946240155076669
test-91367,0.0127553785908678
test-91368,0.16222269083746546
test-91369,0.036631682886592555
test-9137,0.013803322894367847
test-91370,0.03851251611059329
test-91371,0.3908129249743189
test-91372,0.016056061891928687
test-91373,0.02364569819103662
test-91374,0.22540528423031633
test-91375,0.13666410136316545
test-91376,0.021889261697348433
test-91377,0.022741523500125926
test-91378,0.06569882115573068
test-91379,0.07255575115530495
test-9138,0.06017494627589176
test-91380,0.046888420473384124
test-91381,0.21750873259559297
test-91382,0.03686436546674661
test-91383,0.019109187518709988
test-91384,0.09455680533954702
test-91385,0.0921316449942451
test-91386,0.022401279162809044
test-91387,0.021649074805151925
test-91388,0.21005630791353025
test-91389,0.008977772950773635
test-9139,0.3793967791350369
test-91390,0.012478942350740058
test-91391,0.007668581376830597
test-91392,0.008885780739832297
test-91393,0.0228575461386876
test-91394,0.013506125910604488
test-91395,0.014478085027903476
test-91396,0.01605638725158736
test-91397,0.03539918405927811
test-91398,0.023907713988520343
test-91399,0.029277741098829257
test-914,0.06175096048992343
test-9140,0.02286826233165439
test-91400,0.06769227346933265
test-91401,0.11152012696129047
test-91402,0.015844287955554842
test-91403,0.01997900118388564
test-91404,0.04500550253649085
test-91405,0.023052576715624908
test-91406,0.11512351736983528
test-91407,0.027954615967535144
test-91408,0.03650091853130915
test-91409,0.011875156634886109
test-9141,0.007332839173683483
test-91410,0.1333311361534729
test-91411,0.020632377227135665
test-91412,0.11316344588154678
test-91413,0.13982105305261835
test-91414,0.08486931191131464
test-91415,0.020184049019556536
test-91416,0.011942102509070482
test-91417,0.012256559785211393
test-91418,0.14019926792262552
test-91419,0.11378069649606996
test-9142,0.0068478928865392625
test-91420,0.020164007917954356
test-91421,0.018368208641024574
test-91422,0.020687851181157867
test-91423,0.023240846149684947
test-91424,0.06986730877928651
test-91425,0.02797384198178904
test-91426,0.024028107847747702
test-91427,0.11709343371842393
test-91428,0.023529249498726874
test-91429,0.013272183078899581
test-9143,0.011262826858254586
test-91430,0.08159893847848072
test-91431,0.018662761331966718
test-91432,0.06845179840037012
test-91433,0.009529886591518155
test-91434,0.04059630799592749
test-91435,0.04854655252535203
test-91436,0.019989409267790914
test-91437,0.09474930055259852
test-91438,0.031586737983783704
test-91439,0.021572821796995593
test-9144,0.008706167762481853
test-91440,0.020453843705560727
test-91441,0.017517240030152568
test-91442,0.04469635603971955
test-91443,0.060330754297190835
test-91444,0.0186734441296343
test-91445,0.022296701441287738
test-91446,0.020687851181157867
test-91447,0.0137223378810662
test-91448,0.2232308843744762
test-91449,0.15257244592453686
test-9145,0.021233724014586598
test-91450,0.010066995909846891
test-91451,0.04073539857536595
test-91452,0.019712743307839165
test-91453,0.020665047854502877
test-91454,0.020993944680899098
test-91455,0.011515784692565645
test-91456,0.01651253285679434
test-91457,0.07061258604911909
test-91458,0.04252105837468247
test-91459,0.0687732139720173
test-9146,0.155542031728564
test-91460,0.009394278746695047
test-91461,0.15633835699838336
test-91462,0.029608715533485385
test-91463,0.0836691018340996
test-91464,0.00881070193709555
test-91465,0.014540154873623373
test-91466,0.017101028369529
test-91467,0.040351460862303117
test-91468,0.2765617032697191
test-91469,0.2502746341160058
test-9147,0.1976080235671968
test-91470,0.011061180659624798
test-91471,0.013185480505559113
test-91472,0.12819412947753134
test-91473,0.009064357944181369
test-91474,0.24713394920192994
test-91475,0.24866014486134883
test-91476,0.028927218593552274
test-91477,0.017925349557729443
test-91478,0.021245224109166384
test-91479,0.09013336637662438
test-9148,0.043339869857846935
test-91480,0.020633559717347618
test-91481,0.010918335201384076
test-91482,0.12126669251567242
test-91483,0.010494522582037098
test-91484,0.09526522819265462
test-91485,0.015572057599272344
test-91486,0.0669392073111586
test-91487,0.0500986077561399
test-91488,0.05608161125235809
test-91489,0.02450146379801712
test-9149,0.1209665548749376
test-91490,0.02159109445894012
test-91491,0.016575137202562734
test-91492,0.16973504207977938
test-91493,0.1821297276504446
test-91494,0.012390438228620588
test-91495,0.02787937187416867
test-91496,0.016614580267841773
test-91497,0.01237055164370701
test-91498,0.026705179177770152
test-91499,0.059376002770786564
test-915,0.18364784802079748
test-9150,0.09393464752977396
test-91500,0.011767559341200705
test-91501,0.11558808405770943
test-91502,0.036982597941348914
test-91503,0.08892649068544983
test-91504,0.05890049613815547
test-91505,0.01233421746538257
test-91506,0.16422713902712452
test-91507,0.0173696774484928
test-91508,0.018195483073525635
test-91509,0.045364834304137104
test-9151,0.17221397333492275
test-91510,0.11803087843920418
test-91511,0.018485649321965874
test-91512,0.00715175747962741
test-91513,0.03271248164303256
test-91514,0.02113830685580485
test-91515,0.032147435043153
test-91516,0.015361363948717186
test-91517,0.04978762527730466
test-91518,0.013793669030464532
test-91519,0.012922445535390159
test-9152,0.14403141755501034
test-91520,0.013428843715478823
test-91521,0.020283723658132427
test-91522,0.01990081506966788
test-91523,0.22862492777119403
test-91524,0.0658234937433849
test-91525,0.02200462339135053
test-91526,0.11267503743138733
test-91527,0.06453475896738319
test-91528,0.016189762208084137
test-91529,0.027242148420396066
test-9153,0.011496168903414684
test-91530,0.1806342529443743
test-91531,0.011671827749387579
test-91532,0.03558490301932406
test-91533,0.011804634315196738
test-91534,0.01941368304824376
test-91535,0.006366987236739943
test-91536,0.011396699848339784
test-91537,0.010064676430337916
test-91538,0.018487811456801444
test-91539,0.2564528835703913
test-9154,0.1576051583748957
test-91540,0.024857302190812478
test-91541,0.16670236547884504
test-91542,0.02046323567396794
test-91543,0.02432844566030145
test-91544,0.21141098376806902
test-91545,0.014249104323811287
test-91546,0.10394528542548807
test-91547,0.19201003877568704
test-91548,0.012785470053500987
test-91549,0.02186949590090388
test-9155,0.0073227001068794295
test-91550,0.018364256421671186
test-91551,0.06866260127631668
test-91552,0.12888333094495497
test-91553,0.05731948553321263
test-91554,0.01999813121698373
test-91555,0.02506440750169531
test-91556,0.04970415121316241
test-91557,0.030877265177765262
test-91558,0.019933032170278975
test-91559,0.036242497691780964
test-9156,0.10451896692684502
test-91560,0.015464844067314583
test-91561,0.013451551726985901
test-91562,0.01477196183618264
test-91563,0.021897757146381508
test-91564,0.022531282996079805
test-91565,0.017293679858418374
test-91566,0.2142903050102874
test-91567,0.010083085105058637
test-91568,0.022263667584043446
test-91569,0.017902543684643002
test-9157,0.07357265692355214
test-91570,0.06802206019286915
test-91571,0.038804863110571505
test-91572,0.013541010566906833
test-91573,0.006919996346792034
test-91574,0.034875457747988434
test-91575,0.007487741917272338
test-91576,0.012620442980207506
test-91577,0.008416308877064734
test-91578,0.014737988227303947
test-91579,0.013506125910604488
test-9158,0.01839423108618665
test-91580,0.02687146959692823
test-91581,0.019672584587207793
test-91582,0.010742631689708614
test-91583,0.30813150987946986
test-91584,0.02255191323829582
test-91585,0.03972300044304539
test-91586,0.040532793689842556
test-91587,0.04963257105655747
test-91588,0.015127585832770343
test-91589,0.005758358671818181
test-9159,0.035324170236044505
test-91590,0.010033785748775769
test-91591,0.1398817640174991
test-91592,0.2200537274156734
test-91593,0.24697032150053655
test-91594,0.012798954324989443
test-91595,0.08616715493033383
test-91596,0.013428843715478823
test-91597,0.013444946971638425
test-91598,0.009309036998174775
test-91599,0.08003083037374147
test-916,0.03117502901096009
test-9160,0.15277837496875263
test-91600,0.0048292581609388095
test-91601,0.031122549018424796
test-91602,0.012330930970128044
test-91603,0.05825963560852481
test-91604,0.03275887796430354
test-91605,0.17464154755501557
test-91606,0.05459818773169655
test-91607,0.03240283995213259
test-91608,0.009600267497284506
test-91609,0.2469119185226468
test-9161,0.018678548300251965
test-91610,0.027078084457501213
test-91611,0.034913610869558964
test-91612,0.28951904794645517
test-91613,0.01147819579155948
test-91614,0.12085690363384796
test-91615,0.07965847569098232
test-91616,0.010488942741287812
test-91617,0.022108764299838726
test-91618,0.010494522582037098
test-91619,0.013317251816505686
test-9162,0.014416806727749226
test-91620,0.07326939908027456
test-91621,0.025654902323913015
test-91622,0.02273658160583336
test-91623,0.009841312758969474
test-91624,0.017412464826332057
test-91625,0.01815785687881539
test-91626,0.04248920776260944
test-91627,0.011059109354818384
test-91628,0.049744957843033503
test-91629,0.011863228307218993
test-9163,0.08003083037374147
test-91630,0.03987463659285056
test-91631,0.03312389582007895
test-91632,0.1687957694692496
test-91633,0.027660956003923577
test-91634,0.05275085678771164
test-91635,0.020406652991033985
test-91636,0.05175617435942107
test-91637,0.014637334975728696
test-91638,0.025478565046322645
test-91639,0.01980423511349732
test-9164,0.16344471619184223
test-91640,0.013342464610377035
test-91641,0.020058012359234913
test-91642,0.015334905769181001
test-91643,0.12778814327162377
test-91644,0.016161507027296827
test-91645,0.030855545009639728
test-91646,0.020687851181157867
test-91647,0.22544529862798948
test-91648,0.010273138961493592
test-91649,0.010972614644285028
test-9165,0.09739378410515115
test-91650,0.0669392073111586
test-91651,0.33026159505636293
test-91652,0.05591491040930066
test-91653,0.11882699966638886
test-91654,0.05527113041701808
test-91655,0.01035716569174501
test-91656,0.009883207207340289
test-91657,0.1173961494027096
test-91658,0.18220677067240865
test-91659,0.023615189141788256
test-9166,0.00843135080007726
test-91660,0.025591405503783367
test-91661,0.061983316739459
test-91662,0.04049860151896432
test-91663,0.14099219371512714
test-91664,0.08091840458510943
test-91665,0.034611220054866734
test-91666,0.02449565493086594
test-91667,0.031396117147092055
test-91668,0.007922684667702988
test-91669,0.13473111397650483
test-9167,0.03061301895637684
test-91670,0.01173901088197153
test-91671,0.006982779756623047
test-91672,0.016965048255436002
test-91673,0.020015134942611323
test-91674,0.11244620761719701
test-91675,0.017097493019357812
test-91676,0.10016106950207247
test-91677,0.021577746592835352
test-91678,0.013202230769266738
test-91679,0.22461993867828287
test-9168,0.0063759072771376974
test-91680,0.22893695985558607
test-91681,0.011534286585199914
test-91682,0.016793820868647686
test-91683,0.04401612082701444
test-91684,0.00887709608893385
test-91685,0.010723965174704315
test-91686,0.011052531641681048
test-91687,0.14790115579719457
test-91688,0.1869213515024209
test-91689,0.010213115152474382
test-9169,0.0106299557413515
test-91690,0.012917198474633185
test-91691,0.19511317991110746
test-91692,0.008815762381702048
test-91693,0.17492397391624268
test-91694,0.12819412947753134
test-91695,0.020225279408882583
test-91696,0.01594472180867808
test-91697,0.13799139039759017
test-91698,0.007879032553510315
test-91699,0.025035985272985686
test-917,0.009586617652141183
test-9170,0.02713682064389846
test-91700,0.023400789822452465
test-91701,0.15076954125892253
test-91702,0.014529938243146547
test-91703,0.023490673257610763
test-91704,0.03925978473537367
test-91705,0.059436157715774374
test-91706,0.08227449316788707
test-91707,0.021019282685468387
test-91708,0.020425266502820384
test-91709,0.045364834304137104
test-9171,0.11293385604663565
test-91710,0.06986194723583708
test-91711,0.025639568484146898
test-91712,0.015527077256894275
test-91713,0.26441953763938447
test-91714,0.021946761806494446
test-91715,0.012775902001210275
test-91716,0.01671561609421118
test-91717,0.03064355180377492
test-91718,0.013717431906824748
test-91719,0.06486698679497326
test-9172,0.12738154301878343
test-91720,0.021493278692468348
test-91721,0.011777306859587586
test-91722,0.15373874006657945
test-91723,0.03712490137954557
test-91724,0.13873874910959863
test-91725,0.027101848518509664
test-91726,0.11981184680802491
test-91727,0.00612003589395058
test-91728,0.02388779583115755
test-91729,0.12157194592771303
test-9173,0.15880733319749804
test-91730,0.14058579437850177
test-91731,0.028205636614364166
test-91732,0.264404559257958
test-91733,0.18672800411318166
test-91734,0.17664543813078978
test-91735,0.05267995795704382
test-91736,0.08625560655384014
test-91737,0.025533179526007227
test-91738,0.018238209547875733
test-91739,0.015451677612230196
test-9174,0.04800766169994406
test-91740,0.15224744470882656
test-91741,0.013584205965403042
test-91742,0.05420696106458327
test-91743,0.11276536143122229
test-91744,0.023592031342256573
test-91745,0.0788954685496859
test-91746,0.017870295536757935
test-91747,0.026403878746165725
test-91748,0.017759020963952623
test-91749,0.020705446742417817
test-9175,0.34208094538835404
test-91750,0.025619913875922874
test-91751,0.08737796136636812
test-91752,0.009949050210080933
test-91753,0.015392182136435797
test-91754,0.011068253337298715
test-91755,0.13919012465966588
test-91756,0.14555510715252531
test-91757,0.12225341827609405
test-91758,0.17218792190722687
test-91759,0.20096791560361138
test-9176,0.04219163208308851
test-91760,0.1192852442111224
test-91761,0.006982779756623047
test-91762,0.10636088508476269
test-91763,0.16948764875643343
test-91764,0.027087754561978684
test-91765,0.0669392073111586
test-91766,0.020687851181157867
test-91767,0.011699930313654617
test-91768,0.007468207603587271
test-91769,0.1604528481175404
test-9177,0.10202902390461323
test-91770,0.052713322811833344
test-91771,0.07873449071064823
test-91772,0.12843833335787574
test-91773,0.02690354451951169
test-91774,0.018919593253776026
test-91775,0.3904186118225203
test-91776,0.01708795377307525
test-91777,0.3468370874860467
test-91778,0.016385302855241292
test-91779,0.14110008397955592
test-9178,0.15829030434939656
test-91780,0.04526910096224766
test-91781,0.28687764947663724
test-91782,0.3013323048212856
test-91783,0.06807277471988875
test-91784,0.05129740246956068
test-91785,0.020252486400874507
test-91786,0.014809461809527516
test-91787,0.01075616181092714
test-91788,0.008511689500281907
test-91789,0.020184049019556536
test-9179,0.12180132027548439
test-91790,0.032068555958903136
test-91791,0.14422124487562576
test-91792,0.1811757711220714
test-91793,0.007785501302675856
test-91794,0.0859529009662607
test-91795,0.013756000559599121
test-91796,0.024532158460404137
test-91797,0.010094692488675285
test-91798,0.011836477000202739
test-91799,0.026609598595286197
test-918,0.04487390679622377
test-9180,0.06108085344638038
test-91800,0.03792787798904121
test-91801,0.017201251005624696
test-91802,0.0238023055019308
test-91803,0.013859635188200107
test-91804,0.014903183325607115
test-91805,0.026254588203308827
test-91806,0.011359659525609973
test-91807,0.23336820832960148
test-91808,0.0669392073111586
test-91809,0.031443908432831215
test-9181,0.14045666954397498
test-91810,0.02490643986576808
test-91811,0.04685250750135935
test-91812,0.03609822073821193
test-91813,0.14655209013127843
test-91814,0.006856404142306307
test-91815,0.0744992460008783
test-91816,0.1560132277510489
test-91817,0.013238560667399882
test-91818,0.015516916219973555
test-91819,0.008895591537698904
test-9182,0.025566148135150266
test-91820,0.19744489169803964
test-91821,0.048708946818283395
test-91822,0.09123930379309937
test-91823,0.0209191413499059
test-91824,0.010664787037409069
test-91825,0.01850515804910105
test-91826,0.011911170297357875
test-91827,0.01162002255737999
test-91828,0.2095335485302187
test-91829,0.017356837346078242
test-9183,0.015225371937046008
test-91830,0.009061605877489925
test-91831,0.02987703543392234
test-91832,0.11530188582133667
test-91833,0.08962782951307559
test-91834,0.011202842052794652
test-91835,0.08859057383072798
test-91836,0.01608725436698435
test-91837,0.029871525486823664
test-91838,0.031325363441987046
test-91839,0.09967505524039096
test-9184,0.09860381645007209
test-91840,0.15212950087269198
test-91841,0.014034649189360215
test-91842,0.017490115297595168
test-91843,0.19499976339506095
test-91844,0.21579336157230822
test-91845,0.012941168884463564
test-91846,0.02069816065737929
test-91847,0.11094171495979958
test-91848,0.027471521470755177
test-91849,0.014044356517867677
test-9185,0.01766813343292757
test-91850,0.014251866715318286
test-91851,0.019249356334985257
test-91852,0.008915112664289768
test-91853,0.010785702828562175
test-91854,0.08632066789240707
test-91855,0.009141933913656107
test-91856,0.009367933867399786
test-91857,0.09860381645007209
test-91858,0.17909856925714268
test-91859,0.018117828036724543
test-9186,0.014841367559996444
test-91860,0.030447876347124064
test-91861,0.01709174048154737
test-91862,0.24203870193259974
test-91863,0.04280662989937127
test-91864,0.01167278100143212
test-91865,0.010825419462812553
test-91866,0.042799159727297184
test-91867,0.020529161562685465
test-91868,0.017816205450150783
test-91869,0.16354269484696837
test-9187,0.4100690170957797
test-91870,0.055821531222822914
test-91871,0.021924465195630995
test-91872,0.03090199970802088
test-91873,0.009886445519888728
test-91874,0.12018928317918257
test-91875,0.008443481737337723
test-91876,0.3668773839125625
test-91877,0.02743815693789401
test-91878,0.016304260569787205
test-91879,0.02947256171996625
test-9188,0.03547515288990306
test-91880,0.01619704905987679
test-91881,0.03286716334690705
test-91882,0.039467989789269936
test-91883,0.018782770559949535
test-91884,0.12796851635119139
test-91885,0.0091119697118891
test-91886,0.020456425618934262
test-91887,0.017469625455754437
test-91888,0.050796493239419434
test-91889,0.14894651858629027
test-9189,0.010663423301942157
test-91890,0.0307611122875124
test-91891,0.009395635629308287
test-91892,0.020352115075365666
test-91893,0.009020390139971227
test-91894,0.019952662178798746
test-91895,0.028312050568385167
test-91896,0.06163893299114867
test-91897,0.01720173286140063
test-91898,0.2635197351916955
test-91899,0.08234963297653736
test-919,0.10611833499551272
test-9190,0.06770499783350185
test-91900,0.011818832719693981
test-91901,0.025349941446878257
test-91902,0.03339918243216352
test-91903,0.017073655211920346
test-91904,0.0351934643549609
test-91905,0.14303259269080495
test-91906,0.07837830699941033
test-91907,0.012056170718538536
test-91908,0.039673409278270025
test-91909,0.009644095471519582
test-9191,0.01770380960552601
test-91910,0.020569111927692438
test-91911,0.14248045432536027
test-91912,0.016490010973369804
test-91913,0.09527466651799389
test-91914,0.12663596937894922
test-91915,0.06317551945785756
test-91916,0.009011467027819506
test-91917,0.038112813849080614
test-91918,0.04371739997126556
test-91919,0.01771081809340238
test-9192,0.042107103322848685
test-91920,0.028688890483188588
test-91921,0.007679433339991662
test-91922,0.039237314438451805
test-91923,0.02642023733067194
test-91924,0.012983398025920502
test-91925,0.03955201810772321
test-91926,0.011226074013965262
test-91927,0.08945065286426768
test-91928,0.08962782951307559
test-91929,0.01448838534278354
test-9193,0.01739158247015085
test-91930,0.1710014347657777
test-91931,0.19955545937433553
test-91932,0.011234891052039479
test-91933,0.03653600915182936
test-91934,0.012314683742205445
test-91935,0.05467907014581324
test-91936,0.11748928711222606
test-91937,0.0979751170508468
test-91938,0.05967457136965049
test-91939,0.00951522478679601
test-9194,0.012835716972919041
test-91940,0.023720103917896466
test-91941,0.014966261951536417
test-91942,0.04465091658069474
test-91943,0.015335820083823672
test-91944,0.010792530422244328
test-91945,0.012788406457983244
test-91946,0.19959032545488808
test-91947,0.0069323264299984595
test-91948,0.13755342416023295
test-91949,0.2729198409002501
test-9195,0.14721933957329447
test-91950,0.03957797408190487
test-91951,0.03243792177684852
test-91952,0.20373325479360377
test-91953,0.0077853767945654535
test-91954,0.07300415700059695
test-91955,0.013686887739600927
test-91956,0.0293570701220587
test-91957,0.020829183853277693
test-91958,0.019766230859674244
test-91959,0.029037227329174718
test-9196,0.10738807019844487
test-91960,0.01792896887342988
test-91961,0.018841107114897244
test-91962,0.01551096637481892
test-91963,0.011203401480674698
test-91964,0.09998165092567611
test-91965,0.043875324134049945
test-91966,0.014291639128933364
test-91967,0.007546998174911658
test-91968,0.009264747281550021
test-91969,0.061577899304617906
test-9197,0.02966770254756298
test-91970,0.01681055810895912
test-91971,0.07425354660793913
test-91972,0.0482798246110434
test-91973,0.11803087843920418
test-91974,0.03540892999030232
test-91975,0.010031276531528261
test-91976,0.08878961158099194
test-91977,0.19112276911442277
test-91978,0.0184186100900245
test-91979,0.017818357861835058
test-9198,0.032043696273071416
test-91980,0.03957797408190487
test-91981,0.01737832710922188
test-91982,0.1326376613397887
test-91983,0.021323810157429905
test-91984,0.020687851181157867
test-91985,0.010792309895153169
test-91986,0.1558171323395656
test-91987,0.19735801041033657
test-91988,0.03954608857113741
test-91989,0.011135678391008574
test-9199,0.2043908337743655
test-91990,0.046009648738188004
test-91991,0.08931271765730205
test-91992,0.12758801666893282
test-91993,0.01926381405466972
test-91994,0.020786718297315487
test-91995,0.1145562784460311
test-91996,0.011181020410393842
test-91997,0.01734339194779329
test-91998,0.21136700236633074
test-91999,0.06760222643686671
test-92,0.017717298317528378
test-920,0.03957797408190487
test-9200,0.011080792336995124
test-92000,0.20439270644618732
test-92001,0.009110555670711038
test-92002,0.020652117451018758
test-92003,0.020422632471294666
test-92004,0.18014873475340643
test-92005,0.058839060646862215
test-92006,0.20541298509158562
test-92007,0.019266997125981605
test-92008,0.05491391840220282
test-92009,0.021041907932176813
test-9201,0.10672453462234169
test-92010,0.09526063506268198
test-92011,0.09079508325596966
test-92012,0.011614798481206577
test-92013,0.02179611694205042
test-92014,0.01375750049880905
test-92015,0.020060441174213683
test-92016,0.011868405934148292
test-92017,0.12512442239357935
test-92018,0.009818900575629352
test-92019,0.021770006389217264
test-9202,0.06613128233036399
test-92020,0.12238543289917807
test-92021,0.16909082108864337
test-92022,0.33670866795005605
test-92023,0.03378698103681873
test-92024,0.037056248963493514
test-92025,0.06803412447426488
test-92026,0.0179922235944473
test-92027,0.05732218535259597
test-92028,0.029589089253692424
test-92029,0.2616109102335416
test-9203,0.03278323385886628
test-92030,0.01619704905987679
test-92031,0.015541441104124124
test-92032,0.08409549862358648
test-92033,0.1838812754828093
test-92034,0.07892676366715001
test-92035,0.16893600523944682
test-92036,0.008808459429007813
test-92037,0.03758132345373125
test-92038,0.021275006790793357
test-92039,0.0669392073111586
test-9204,0.09456466912495104
test-92040,0.013364967188256556
test-92041,0.026885068306180884
test-92042,0.02420019099394277
test-92043,0.01238667844835287
test-92044,0.019271569257165996
test-92045,0.01617543570154387
test-92046,0.23124758694517852
test-92047,0.020375516512721743
test-92048,0.07049057929317698
test-92049,0.09219236325278243
test-9205,0.02455403856206767
test-92050,0.01894097003073044
test-92051,0.018487811456801444
test-92052,0.03605421018361057
test-92053,0.020192620459502774
test-92054,0.020467831865735635
test-92055,0.02214016770398052
test-92056,0.12512442239357935
test-92057,0.04329592527001533
test-92058,0.026914497402886775
test-92059,0.07573183487929001
test-9206,0.005467918696177637
test-92060,0.028823957074714877
test-92061,0.3267316099443742
test-92062,0.02732048490448359
test-92063,0.009011467027819506
test-92064,0.03507749987530019
test-92065,0.1285399246328854
test-92066,0.009264747281550021
test-92067,0.0923644173845258
test-92068,0.05960952739542704
test-92069,0.014342966253811491
test-9207,0.1890782160884167
test-92070,0.014247715723497622
test-92071,0.012317545497517571
test-92072,0.01053190536787999
test-92073,0.0658281316926055
test-92074,0.009501418558876843
test-92075,0.03279357434694133
test-92076,0.05695548706024399
test-92077,0.012274688958192687
test-92078,0.03446850912932079
test-92079,0.050221482255765615
test-9208,0.1745415242317808
test-92080,0.05212991792933512
test-92081,0.10251787691791227
test-92082,0.05735411075452437
test-92083,0.01455868994797607
test-92084,0.056184519299074955
test-92085,0.22581434605288792
test-92086,0.14865992126850122
test-92087,0.03693711992854917
test-92088,0.035750657331953276
test-92089,0.012985355730378536
test-9209,0.014660392242303024
test-92090,0.12382253760406613
test-92091,0.16348586283815922
test-92092,0.01666888106866745
test-92093,0.044750707115371595
test-92094,0.3442904082191313
test-92095,0.03217148106861156
test-92096,0.09435746319700018
test-92097,0.01187522510878402
test-92098,0.021793066310418045
test-92099,0.013937073473567298
test-921,0.01699296175221749
test-9210,0.01955641178485332
test-92100,0.059501922873155644
test-92101,0.04017753930787239
test-92102,0.009761249154114473
test-92103,0.1550372053438437
test-92104,0.018910584424093296
test-92105,0.03957797408190487
test-92106,0.21361313366303344
test-92107,0.222948469448089
test-92108,0.019622469365461102
test-92109,0.018186496495156072
test-9211,0.1944346418129891
test-92110,0.038320231681002265
test-92111,0.08807104335200437
test-92112,0.012138872570387262
test-92113,0.019236044730594048
test-92114,0.020352199668232807
test-92115,0.022644054828788358
test-92116,0.01612323151695285
test-92117,0.011374594655167198
test-92118,0.028271546446465165
test-92119,0.09731308410445337
test-9212,0.1456879311588797
test-92120,0.02793993179220201
test-92121,0.00887709608893385
test-92122,0.20525160685993776
test-92123,0.06022092724251518
test-92124,0.012584950955687528
test-92125,0.030678014011794562
test-92126,0.014639547795696923
test-92127,0.016160909900064323
test-92128,0.07958009128105223
test-92129,0.0888687870523802
test-9213,0.050729410145831544
test-92130,0.020414327454091385
test-92131,0.17884041838722128
test-92132,0.03656595250254708
test-92133,0.01012012683098454
test-92134,0.09204347970106215
test-92135,0.2462722665547047
test-92136,0.0818175003516372
test-92137,0.16946701881234671
test-92138,0.032095710356415834
test-92139,0.013131820067274274
test-9214,0.22826491800407064
test-92140,0.00831841778191277
test-92141,0.018314338146147184
test-92142,0.05081364307270795
test-92143,0.011661747430504594
test-92144,0.14660621249274897
test-92145,0.033986438410980216
test-92146,0.011030138218203044
test-92147,0.08024867350241482
test-92148,0.03667886671461944
test-92149,0.01673508866337451
test-9215,0.31608913038453534
test-92150,0.04063480420515307
test-92151,0.029516526797913112
test-92152,0.03626521323725888
test-92153,0.0669392073111586
test-92154,0.0274016115348377
test-92155,0.01619704905987679
test-92156,0.014014243304229297
test-92157,0.022500890699324937
test-92158,0.012214227830422057
test-92159,0.03934862387642354
test-9216,0.33726820880851044
test-92160,0.017607304687171303
test-92161,0.13654924892752562
test-92162,0.010094692488675285
test-92163,0.022215811459373756
test-92164,0.017759020963952623
test-92165,0.023766118201954154
test-92166,0.024913087239952763
test-92167,0.01879772734603544
test-92168,0.014660938975793769
test-92169,0.02207879871776513
test-9217,0.02602998218500304
test-92170,0.3183011746290681
test-92171,0.06627923154427066
test-92172,0.10993598831816172
test-92173,0.17645226684991447
test-92174,0.14909131072656798
test-92175,0.014951687557743436
test-92176,0.021833718209723314
test-92177,0.25496839607771393
test-92178,0.1114988643219871
test-92179,0.007941774456133822
test-9218,0.015860856506331854
test-92180,0.2671291947771275
test-92181,0.05608161125235809
test-92182,0.02160449127490314
test-92183,0.10655143289154316
test-92184,0.010388978101442018
test-92185,0.011823031706798928
test-92186,0.013631076096040038
test-92187,0.2398559272740087
test-92188,0.010377372435289188
test-92189,0.08962782951307559
test-9219,0.08977606320418197
test-92190,0.09117839465622624
test-92191,0.02364296835050186
test-92192,0.008669423564269025
test-92193,0.0634939683218006
test-92194,0.01591391974501613
test-92195,0.05390099634952445
test-92196,0.08290872674684348
test-92197,0.014600619165259609
test-92198,0.0396004830218748
test-92199,0.023330185138602536
test-922,0.14056869454560042
test-9220,0.13158837312389987
test-92200,0.1569381924312657
test-92201,0.029952567162603888
test-92202,0.029039810257080103
test-92203,0.04341408928245404
test-92204,0.030238286004060966
test-92205,0.011093823449985976
test-92206,0.017528932047499304
test-92207,0.014790860366973272
test-92208,0.01485024352815566
test-92209,0.2786427314214123
test-9221,0.03827876597123358
test-92210,0.18498064139988646
test-92211,0.009441980112239796
test-92212,0.06255185296307365
test-92213,0.01750834846625811
test-92214,0.028352820121618768
test-92215,0.016672827285670093
test-92216,0.012478942350740058
test-92217,0.04664914288494861
test-92218,0.20081983107720044
test-92219,0.0635023401834717
test-9222,0.11316045525557464
test-92220,0.0669392073111586
test-92221,0.18090294601758755
test-92222,0.060356192116148476
test-92223,0.017719355149768044
test-92224,0.06859267946970272
test-92225,0.09169989452070397
test-92226,0.01721007961607102
test-92227,0.029373415891342347
test-92228,0.22955731461885837
test-92229,0.022826940420290327
test-9223,0.07153087171948701
test-92230,0.2754241825800075
test-92231,0.007824187713530278
test-92232,0.014247715723497622
test-92233,0.06769227346933265
test-92234,0.009656924563516404
test-92235,0.019396189770675847
test-92236,0.014836554690718541
test-92237,0.03329162858335588
test-92238,0.01074635737178932
test-92239,0.014080232656244744
test-9224,0.022625532028370966
test-92240,0.02907831268546051
test-92241,0.026040405474379993
test-92242,0.01568866351541139
test-92243,0.005639470886834391
test-92244,0.011099901045989262
test-92245,0.012275460608317593
test-92246,0.15548325308621216
test-92247,0.0194223156039281
test-92248,0.01804811351721556
test-92249,0.02300982291470462
test-9225,0.3442842948350972
test-92250,0.02425060049483732
test-92251,0.02897554737801122
test-92252,0.05438267412930104
test-92253,0.036833243093159954
test-92254,0.03153141230219516
test-92255,0.011048626247993416
test-92256,0.06793538982636448
test-92257,0.015813629189583518
test-92258,0.01925226836367856
test-92259,0.012782121028619932
test-9226,0.04414204543323404
test-92260,0.015479578809583849
test-92261,0.26150066278805845
test-92262,0.013989875449759624
test-92263,0.029170470394087416
test-92264,0.03269122802048927
test-92265,0.049791155190188854
test-92266,0.12030087902482614
test-92267,0.12137033067599531
test-92268,0.023667582991651604
test-92269,0.2525746400936263
test-9227,0.10849311745818162
test-92270,0.05955160854719695
test-92271,0.20152267967302295
test-92272,0.012782196858398867
test-92273,0.16004431137201258
test-92274,0.024749238794340253
test-92275,0.03158482019407671
test-92276,0.06977414971750324
test-92277,0.014350026504147859
test-92278,0.019824380258078457
test-92279,0.020344643066298806
test-9228,0.05003697088968722
test-92280,0.034974397847155635
test-92281,0.008903212318224047
test-92282,0.012769115089366803
test-92283,0.009429619365750956
test-92284,0.024561497796383717
test-92285,0.1202929505252351
test-92286,0.02262216762990076
test-92287,0.010486118809400851
test-92288,0.016455341484869185
test-92289,0.01758434101057528
test-9229,0.10868479395366969
test-92290,0.022649936340936136
test-92291,0.021500424524520837
test-92292,0.08094516401548367
test-92293,0.11707796133468215
test-92294,0.127132347947015
test-92295,0.020918828826865316
test-92296,0.01810291002881179
test-92297,0.018364256421671186
test-92298,0.010561959026239895
test-92299,0.08568194588262848
test-923,0.07354250291896339
test-9230,0.13844485831116107
test-92300,0.013325466142858221
test-92301,0.02524723546789992
test-92302,0.018822759932279397
test-92303,0.04699203405469257
test-92304,0.16402399837863393
test-92305,0.006080789920786479
test-92306,0.01637697474636509
test-92307,0.023086620520004663
test-92308,0.014236250470800828
test-92309,0.012256364657808176
test-9231,0.21414793310205726
test-92310,0.12796851635119139
test-92311,0.011061180659624798
test-92312,0.0869014196315839
test-92313,0.011072094359514197
test-92314,0.059046357284923766
test-92315,0.027978919558533818
test-92316,0.018242833628021118
test-92317,0.030762682052362794
test-92318,0.0264907380561543
test-92319,0.009835718885900025
test-9232,0.3601601549232455
test-92320,0.01017859919436254
test-92321,0.05732502636637312
test-92322,0.2824860394286422
test-92323,0.034462792400414846
test-92324,0.012282688210997351
test-92325,0.022165148119718404
test-92326,0.019702296823380486
test-92327,0.04319906680678664
test-92328,0.20066584748881167
test-92329,0.07723751110542583
test-9233,0.032626953495671324
test-92330,0.013772449892618114
test-92331,0.3714271780539062
test-92332,0.015302394558206664
test-92333,0.017848088448417773
test-92334,0.2629339815578342
test-92335,0.010494522582037098
test-92336,0.051240596715734395
test-92337,0.1671854484582396
test-92338,0.02694178191545679
test-92339,0.01608725436698435
test-9234,0.023000310915071032
test-92340,0.018585687000344124
test-92341,0.26055531413967853
test-92342,0.02354209387171256
test-92343,0.1830833207078646
test-92344,0.015268220588564219
test-92345,0.02897393377420685
test-92346,0.3949786425969553
test-92347,0.02576228079875109
test-92348,0.023180101117533363
test-92349,0.00989994673480648
test-9235,0.10001465157645383
test-92350,0.03593129388358587
test-92351,0.35011871768168135
test-92352,0.053142393867066776
test-92353,0.014600619165259609
test-92354,0.17766671121199387
test-92355,0.025123094445636134
test-92356,0.1313395705021038
test-92357,0.02701451449049498
test-92358,0.151689035108733
test-92359,0.07825714499228684
test-9236,0.014013378867044624
test-92360,0.2157343823254827
test-92361,0.0350762571728842
test-92362,0.15842677742730876
test-92363,0.014236250470800828
test-92364,0.009501418558876843
test-92365,0.24937241371159052
test-92366,0.15319309244000914
test-92367,0.018732088823975476
test-92368,0.018487811456801444
test-92369,0.045552805669470765
test-9237,0.11201793299056413
test-92370,0.0668091482922003
test-92371,0.22455976512015166
test-92372,0.37395336970403836
test-92373,0.018900944334793494
test-92374,0.017366295742627578
test-92375,0.11444679724255302
test-92376,0.009011467027819506
test-92377,0.015263071212904385
test-92378,0.08658726509106952
test-92379,0.013972877474568336
test-9238,0.05339307069340168
test-92380,0.07765548192385864
test-92381,0.26518334541088323
test-92382,0.0929764869615841
test-92383,0.01227976508353802
test-92384,0.18436877998584458
test-92385,0.036613177179086326
test-92386,0.040354421942967164
test-92387,0.01735859103310963
test-92388,0.01706240462273461
test-92389,0.011206606047868897
test-9239,0.15277858533071442
test-92390,0.029244839766995732
test-92391,0.032228709777226174
test-92392,0.05161731046252888
test-92393,0.07984600052248031
test-92394,0.12430968513557442
test-92395,0.05487776745599645
test-92396,0.06866260127631668
test-92397,0.023713497865870427
test-92398,0.040694917037988644
test-92399,0.04455879549956729
test-924,0.025627368448287082
test-9240,0.06611544874758714
test-92400,0.01905771880965415
test-92401,0.01239262728837329
test-92402,0.024630246172137597
test-92403,0.23746429084259177
test-92404,0.10742711228229655
test-92405,0.1473774431602795
test-92406,0.10800769269095355
test-92407,0.008055320030818483
test-92408,0.07935330295300058
test-92409,0.030547332590596284
test-9241,0.03547515288990306
test-92410,0.19920175058196082
test-92411,0.02683081907978895
test-92412,0.02964661050583724
test-92413,0.00885648901840985
test-92414,0.04228113092863685
test-92415,0.023920120598671258
test-92416,0.02224177431698411
test-92417,0.029565079988087738
test-92418,0.11267301169023063
test-92419,0.0263835334882691
test-9242,0.25435151448777277
test-92420,0.028893147273982605
test-92421,0.04252105837468247
test-92422,0.03564377803897235
test-92423,0.03528144633995689
test-92424,0.15240061560073376
test-92425,0.015059046282523029
test-92426,0.1739612591538945
test-92427,0.012959917975200175
test-92428,0.042117829533659557
test-92429,0.01056360560215479
test-9243,0.027329248079895535
test-92430,0.04031423119032235
test-92431,0.02200192611131224
test-92432,0.077927470082561
test-92433,0.16063247233646802
test-92434,0.06803412447426488
test-92435,0.03667080591556221
test-92436,0.07765548192385864
test-92437,0.0322560369895652
test-92438,0.013102429018510749
test-92439,0.009964530400422401
test-9244,0.028038110642842857
test-92440,0.09095363519959088
test-92441,0.036558056420717036
test-92442,0.01692666489173109
test-92443,0.14928289879624207
test-92444,0.006205004007058716
test-92445,0.03873687104614052
test-92446,0.13637693539606036
test-92447,0.037143491195832906
test-92448,0.018214455384393854
test-92449,0.019933032170278975
test-9245,0.2570430815336878
test-92450,0.16265110395990526
test-92451,0.03849385307396757
test-92452,0.07802819961977205
test-92453,0.03269320704520948
test-92454,0.01074635737178932
test-92455,0.022787449454090093
test-92456,0.18496384771883934
test-92457,0.00856204671648556
test-92458,0.10658083639407802
test-92459,0.03720856941148253
test-9246,0.057232155883285826
test-92460,0.005576478198497053
test-92461,0.024861510136267192
test-92462,0.026670486739909703
test-92463,0.033767770849542925
test-92464,0.03217148106861156
test-92465,0.013846267200434838
test-92466,0.04513449015853009
test-92467,0.01597740566383865
test-92468,0.2049681152135336
test-92469,0.040695030576269844
test-9247,0.036389748910190506
test-92470,0.11177002277013334
test-92471,0.06993782388224967
test-92472,0.05166517727438601
test-92473,0.011364852446170505
test-92474,0.2501957654646222
test-92475,0.08986226734979337
test-92476,0.020839204574241623
test-92477,0.035319412486943015
test-92478,0.08227449316788707
test-92479,0.015983764326116413
test-9248,0.03967329511684726
test-92480,0.030857421133562418
test-92481,0.0734238194770512
test-92482,0.18143874695347523
test-92483,0.07096446565888062
test-92484,0.01326798463063953
test-92485,0.010214739263135882
test-92486,0.08752298672904947
test-92487,0.01519524321004887
test-92488,0.013092996208199046
test-92489,0.19121402502207946
test-9249,0.0417206842551971
test-92490,0.009924338192107236
test-92491,0.017066021395621692
test-92492,0.04040853522029549
test-92493,0.02864194153624916
test-92494,0.03563965779772
test-92495,0.154471285246484
test-92496,0.11790589438717233
test-92497,0.008892357119978054
test-92498,0.01784082405456024
test-92499,0.010823358649941982
test-925,0.027404954298805764
test-9250,0.12691797583835807
test-92500,0.021897757146381508
test-92501,0.022754778527276916
test-92502,0.0104553060965407
test-92503,0.021276428146875376
test-92504,0.21611488082532168
test-92505,0.07382005570899727
test-92506,0.008111986075824374
test-92507,0.018323952320431356
test-92508,0.03776662152337198
test-92509,0.09199660664068664
test-9251,0.01890693206621246
test-92510,0.07896917855603469
test-92511,0.042817480290909024
test-92512,0.035781774805938325
test-92513,0.010380368703707477
test-92514,0.012830469005544581
test-92515,0.02757566724963332
test-92516,0.09020079059343784
test-92517,0.05014292150926902
test-92518,0.0105448410564779
test-92519,0.025435125995932985
test-9252,0.033952625070483015
test-92520,0.01758434101057528
test-92521,0.016184065413100555
test-92522,0.010490181610258827
test-92523,0.012572665905477549
test-92524,0.21689715853866837
test-92525,0.01902151759954861
test-92526,0.019282984525144174
test-92527,0.03987288429965377
test-92528,0.20152400739975915
test-92529,0.01395593935710417
test-9253,0.16704913934899343
test-92530,0.1993576852945432
test-92531,0.014734074540845035
test-92532,0.30688983020829697
test-92533,0.020307421542349
test-92534,0.02797646658743389
test-92535,0.16759278107234898
test-92536,0.03006697555151598
test-92537,0.007103459395646547
test-92538,0.03309415422303747
test-92539,0.020184049019556536
test-9254,0.05314792177223589
test-92540,0.05602635747568087
test-92541,0.014008075504383237
test-92542,0.11496248570446765
test-92543,0.03262175056129291
test-92544,0.14215691670400785
test-92545,0.011180074806636936
test-92546,0.03240283995213259
test-92547,0.07913570057426136
test-92548,0.013510521828171848
test-92549,0.03562798081380685
test-9255,0.08083919016956038
test-92550,0.012256559785211393
test-92551,0.025750275532370113
test-92552,0.06808143175223322
test-92553,0.024630209328034284
test-92554,0.06476051338224029
test-92555,0.008430906772025267
test-92556,0.0060175959063407695
test-92557,0.2634270640185095
test-92558,0.04464611877491609
test-92559,0.021698429624699832
test-9256,0.17676722479391976
test-92560,0.01137532643045491
test-92561,0.02911176551836766
test-92562,0.018020650438786593
test-92563,0.0425173505717536
test-92564,0.005943767946577661
test-92565,0.015001903838659306
test-92566,0.024322686038981942
test-92567,0.02441174908385336
test-92568,0.015599313641043737
test-92569,0.008261448767754805
test-9257,0.14811326198206934
test-92570,0.31031435814079444
test-92571,0.01454473834414496
test-92572,0.05187946331325257
test-92573,0.01239262728837329
test-92574,0.015746739307303116
test-92575,0.03214671146135906
test-92576,0.1542789609367793
test-92577,0.014691769503560626
test-92578,0.06936283065248544
test-92579,0.1010825371570824
test-9258,0.2522326298294728
test-92580,0.16695447271917302
test-92581,0.01584070276196125
test-92582,0.03467675659487517
test-92583,0.13775918575813118
test-92584,0.01911494775073558
test-92585,0.00898144841322157
test-92586,0.009945544235989269
test-92587,0.06183208280215057
test-92588,0.13938790625635733
test-92589,0.0669392073111586
test-9259,0.13603079283914984
test-92590,0.02959187801520726
test-92591,0.04506071802642488
test-92592,0.18341801916387468
test-92593,0.03702008811665661
test-92594,0.013160678807354307
test-92595,0.010325175883333215
test-92596,0.014423537310401614
test-92597,0.011856442211232972
test-92598,0.14660621249274897
test-92599,0.016545163151353473
test-926,0.12456179376616706
test-9260,0.010801630595184764
test-92600,0.13774157405628287
test-92601,0.10363912931099785
test-92602,0.04068634478022903
test-92603,0.0181657278816153
test-92604,0.011328876459996145
test-92605,0.03370618115869601
test-92606,0.028562276380827197
test-92607,0.018206285219458385
test-92608,0.13389751395435187
test-92609,0.026341132756667687
test-9261,0.013428843715478823
test-92610,0.009627610380847567
test-92611,0.12754813900245587
test-92612,0.03231425484253889
test-92613,0.013627090190829472
test-92614,0.017484378571887994
test-92615,0.08656110428652589
test-92616,0.013131820067274274
test-92617,0.07896917855603469
test-92618,0.012264069554110435
test-92619,0.030508565473002295
test-9262,0.017421081078943135
test-92620,0.12460507488050093
test-92621,0.028985260076406335
test-92622,0.03158180832673118
test-92623,0.015986843897799835
test-92624,0.06531232147415943
test-92625,0.01975319372295596
test-92626,0.028556818668021008
test-92627,0.03385354714391495
test-92628,0.18880845917870157
test-92629,0.0193591525646486
test-9263,0.0434837317987294
test-92630,0.030217345678510813
test-92631,0.06618136064155149
test-92632,0.08789518192383029
test-92633,0.03562000094530689
test-92634,0.010472387649854562
test-92635,0.08287687233596294
test-92636,0.1657404110759317
test-92637,0.01991404842189262
test-92638,0.1146551944854584
test-92639,0.01223758791681707
test-9264,0.03486415065020565
test-92640,0.033200382307273894
test-92641,0.011208056652621264
test-92642,0.24443194838646665
test-92643,0.1405517784922852
test-92644,0.011777306859587586
test-92645,0.0970517630729365
test-92646,0.009427223439514121
test-92647,0.01653270669052707
test-92648,0.007367407806630141
test-92649,0.012435574012282092
test-9265,0.1886560896407149
test-92650,0.044805359221583026
test-92651,0.11992865485900006
test-92652,0.009351547975542168
test-92653,0.02779380223213587
test-92654,0.30902669917001296
test-92655,0.029138940911620975
test-92656,0.07836760269807386
test-92657,0.021491981493873682
test-92658,0.08003083037374147
test-92659,0.009609238315065733
test-9266,0.15071261327754834
test-92660,0.01594880250535449
test-92661,0.03409903900508733
test-92662,0.08156162179970922
test-92663,0.01982600331489965
test-92664,0.01031789590570556
test-92665,0.035404048516652666
test-92666,0.014639547795696923
test-92667,0.01242767637600285
test-92668,0.017179506158794888
test-92669,0.16633076858945023
test-9267,0.08227449316788707
test-92670,0.031751049529724976
test-92671,0.009761249154114473
test-92672,0.01022552810591662
test-92673,0.013131820067274274
test-92674,0.03397902626161729
test-92675,0.010470971584594582
test-92676,0.044252607587121254
test-92677,0.012089591290699631
test-92678,0.17918093210893757
test-92679,0.020846516394319916
test-9268,0.012264069554110435
test-92680,0.07893578358257261
test-92681,0.010495963223244982
test-92682,0.0234358179782439
test-92683,0.2156449493986076
test-92684,0.008243725108676022
test-92685,0.027612904271404323
test-92686,0.02918393546636709
test-92687,0.028712603841137163
test-92688,0.009157233693489576
test-92689,0.14341590628354015
test-9269,0.04195356100971181
test-92690,0.017080923517782655
test-92691,0.008637489353218768
test-92692,0.19893759452416626
test-92693,0.16126659002291105
test-92694,0.05608161125235809
test-92695,0.016963848843989462
test-92696,0.15303173800260791
test-92697,0.3844207092402385
test-92698,0.01263221411230989
test-92699,0.0209805812972316
test-927,0.0342120780918059
test-9270,0.015027825539854212
test-92700,0.0480874289899147
test-92701,0.06987151556435643
test-92702,0.009945544235989269
test-92703,0.021997464586635547
test-92704,0.015229256364803543
test-92705,0.13731171035429612
test-92706,0.06354963620955258
test-92707,0.021323297275729333
test-92708,0.06017671574141743
test-92709,0.045364834304137104
test-9271,0.09787796055403811
test-92710,0.12944892012576575
test-92711,0.012476561050057974
test-92712,0.012089591290699631
test-92713,0.00986692341770471
test-92714,0.012407059298769136
test-92715,0.014679472307907358
test-92716,0.07823028229324128
test-92717,0.1415891208030211
test-92718,0.013108622826460305
test-92719,0.02003843258395867
test-9272,0.01943886105964331
test-92720,0.02333058018475714
test-92721,0.17367329709615237
test-92722,0.164816081151123
test-92723,0.012062933760695524
test-92724,0.030103995737691694
test-92725,0.010057214961593295
test-92726,0.24773240405626287
test-92727,0.006606502533672383
test-92728,0.12217460537820744
test-92729,0.011267064557085728
test-9273,0.1408487658022275
test-92730,0.03749560609933778
test-92731,0.00887709608893385
test-92732,0.02889438709477188
test-92733,0.018767767698882214
test-92734,0.12255791423196957
test-92735,0.16617850511754167
test-92736,0.06108085344638038
test-92737,0.14487127006922068
test-92738,0.17496104537229895
test-92739,0.014610497606822414
test-9274,0.1410125903611361
test-92740,0.013144372297629062
test-92741,0.021042058785937758
test-92742,0.03451052847184725
test-92743,0.0891096131571577
test-92744,0.00816175671060096
test-92745,0.0322560369895652
test-92746,0.015045878722166504
test-92747,0.20658117139484464
test-92748,0.01583719763872199
test-92749,0.03328316511383784
test-9275,0.05487595489308718
test-92750,0.03906332815147111
test-92751,0.026346351996358302
test-92752,0.014691640008063186
test-92753,0.020785413051632375
test-92754,0.040036434232552064
test-92755,0.01675891048240746
test-92756,0.05849542928708646
test-92757,0.04674075493692168
test-92758,0.02821527584356915
test-92759,0.013395058773372423
test-9276,0.13704047166619554
test-92760,0.016175125312064345
test-92761,0.12012527715472042
test-92762,0.011711812392824919
test-92763,0.009535333138712071
test-92764,0.046314819717596045
test-92765,0.012054481793415988
test-92766,0.03121828839949598
test-92767,0.017719355149768044
test-92768,0.022460614183830573
test-92769,0.016721422595314936
test-9277,0.2043311202178686
test-92770,0.010140046887254017
test-92771,0.01381226308283413
test-92772,0.025576202500011948
test-92773,0.014843778112677583
test-92774,0.09176417871981807
test-92775,0.015282675412764226
test-92776,0.06721393631980155
test-92777,0.03958471858137933
test-92778,0.007301191564824316
test-92779,0.032071088558718215
test-9278,0.01766772206890241
test-92780,0.010663423301942157
test-92781,0.009374436369182884
test-92782,0.017969465325603052
test-92783,0.029435632366745134
test-92784,0.009360463415491052
test-92785,0.01916921012428383
test-92786,0.028085154826500137
test-92787,0.026787700021574115
test-92788,0.02750960850705585
test-92789,0.03300356637227382
test-9279,0.07300415700059695
test-92790,0.014955745935619104
test-92791,0.03269320704520948
test-92792,0.016559888532641797
test-92793,0.1961337464166
test-92794,0.07765548192385864
test-92795,0.03856665641786955
test-92796,0.012942735812613413
test-92797,0.030566274634010706
test-92798,0.022502590126761028
test-92799,0.019011054333485176
test-928,0.060112388206214555
test-9280,0.05250612033566773
test-92800,0.020742179878330137
test-92801,0.015804451362063612
test-92802,0.06769227346933265
test-92803,0.04181005072821782
test-92804,0.00587928537967577
test-92805,0.01601071742640342
test-92806,0.25252503407177396
test-92807,0.01879992516650014
test-92808,0.028231343595340297
test-92809,0.014953627596337712
test-9281,0.4069028948440374
test-92810,0.05434951536418726
test-92811,0.03808006922110189
test-92812,0.07708312914177673
test-92813,0.012849590018832081
test-92814,0.01845890342715518
test-92815,0.02291892298102999
test-92816,0.06768432681577964
test-92817,0.017719355149768044
test-92818,0.0669392073111586
test-92819,0.005911302396931302
test-9282,0.03323081134879166
test-92820,0.17442475473471078
test-92821,0.007397842837162549
test-92822,0.013864071851622866
test-92823,0.07148861542095199
test-92824,0.011181020410393842
test-92825,0.011249471037975568
test-92826,0.15066190901464324
test-92827,0.07162517555001557
test-92828,0.022338909880285276
test-92829,0.12200372266952625
test-9283,0.20022191114000967
test-92830,0.03420273674371125
test-92831,0.02157627515354293
test-92832,0.028933101484641514
test-92833,0.11554691356435694
test-92834,0.022652612232655876
test-92835,0.11451803257239813
test-92836,0.023718928494747032
test-92837,0.022012621339669438
test-92838,0.035793619573317434
test-92839,0.01745299529240739
test-9284,0.14929738582358631
test-92840,0.01715757924818455
test-92841,0.04455356445495195
test-92842,0.04526910096224766
test-92843,0.009287464650701143
test-92844,0.01675527138089906
test-92845,0.2861231129596612
test-92846,0.018285089942769634
test-92847,0.06348755243710111
test-92848,0.02278149566269004
test-92849,0.0655640069968539
test-9285,0.012435663308983214
test-92850,0.14739607630046048
test-92851,0.1036541062610763
test-92852,0.03458431104062676
test-92853,0.03561633174927107
test-92854,0.00830681909519174
test-92855,0.034462792400414846
test-92856,0.01147819579155948
test-92857,0.03376112129595923
test-92858,0.0671856825880571
test-92859,0.014965570206124738
test-9286,0.07896917855603469
test-92860,0.04906984181357477
test-92861,0.007103459395646547
test-92862,0.09634025038348075
test-92863,0.009811551901944698
test-92864,0.013486051317658843
test-92865,0.0062619196577762505
test-92866,0.05400256287771402
test-92867,0.01377173091716863
test-92868,0.01164566582894388
test-92869,0.010441040556981482
test-9287,0.014738640986371863
test-92870,0.020192415126320088
test-92871,0.013067144475690183
test-92872,0.014132588945997369
test-92873,0.11124753992781607
test-92874,0.011772471034907748
test-92875,0.042927274667238766
test-92876,0.018461085524880468
test-92877,0.17551803205359484
test-92878,0.026483409804997395
test-92879,0.01612323151695285
test-9288,0.04806289012401072
test-92880,0.03528128297040979
test-92881,0.12663596937894922
test-92882,0.010991501002774238
test-92883,0.01740395882539481
test-92884,0.008110433429932234
test-92885,0.04329490468891991
test-92886,0.021297929127790424
test-92887,0.12701619795952654
test-92888,0.006612289902827961
test-92889,0.035441454244547074
test-9289,0.06857230184425392
test-92890,0.10014747874646969
test-92891,0.02005332963669096
test-92892,0.012822749272884246
test-92893,0.07757506192305888
test-92894,0.07324343561030845
test-92895,0.011374594655167198
test-92896,0.1062304349252833
test-92897,0.010981909225633128
test-92898,0.032454620124079694
test-92899,0.039207404165087015
test-929,0.009883207207340289
test-9290,0.032652708333072766
test-92900,0.013102429018510749
test-92901,0.02482914227971409
test-92902,0.013437826971311843
test-92903,0.015867046158514957
test-92904,0.019269537794246668
test-92905,0.016158919164555773
test-92906,0.011428270977927221
test-92907,0.06868017190435802
test-92908,0.04626152165992671
test-92909,0.01153013376187161
test-9291,0.019726577534961123
test-92910,0.16563284354573152
test-92911,0.00887709608893385
test-92912,0.09227847524053555
test-92913,0.08659727854663773
test-92914,0.17370238334863553
test-92915,0.025029132699797278
test-92916,0.022979534464957787
test-92917,0.1098040878393745
test-92918,0.008330643664849056
test-92919,0.03957797408190487
test-9292,0.024909235730711486
test-92920,0.02764734041626786
test-92921,0.009546053570412195
test-92922,0.011868116856013074
test-92923,0.027471521470755177
test-92924,0.01568164690483989
test-92925,0.019963308196958827
test-92926,0.021740891784233957
test-92927,0.2455525569504556
test-92928,0.0734238194770512
test-92929,0.06344512286000056
test-9293,0.010495418056502864
test-92930,0.026349446915035414
test-92931,0.00827803342254388
test-92932,0.020879062011437185
test-92933,0.014675783144617061
test-92934,0.026181092724962343
test-92935,0.017863157992184266
test-92936,0.01785844501376043
test-92937,0.00840248195250487
test-92938,0.023766118201954154
test-92939,0.05397693041168598
test-9294,0.20174207786466936
test-92940,0.06892794231447741
test-92941,0.07233372634444932
test-92942,0.06727460787986746
test-92943,0.024002282330869602
test-92944,0.018617712864856664
test-92945,0.06313949308188802
test-92946,0.10187623348293892
test-92947,0.050387171325555265
test-92948,0.20143073649025078
test-92949,0.0110978141400822
test-9295,0.23507607686666823
test-92950,0.025539205775786927
test-92951,0.019242261890754786
test-92952,0.019355061557115045
test-92953,0.015309513774473461
test-92954,0.01330012918932975
test-92955,0.05004582465705359
test-92956,0.05347929313284538
test-92957,0.16083874918351798
test-92958,0.10093982204175307
test-92959,0.014619366428624572
test-9296,0.01239262728837329
test-92960,0.10508484876483463
test-92961,0.013987217844320393
test-92962,0.022609580782286233
test-92963,0.055511168976775126
test-92964,0.15400485148126594
test-92965,0.01972125327345718
test-92966,0.009564402144698236
test-92967,0.023304327339843518
test-92968,0.009965729279134094
test-92969,0.013444946971638425
test-9297,0.006445164047815541
test-92970,0.014591218095919983
test-92971,0.019828277784809414
test-92972,0.10220960966364187
test-92973,0.15915868266848643
test-92974,0.019499581489345538
test-92975,0.18705303143430446
test-92976,0.04718133050013612
test-92977,0.010169810225449553
test-92978,0.08086385461013587
test-92979,0.016573079524401138
test-9298,0.11124753992781607
test-92980,0.023429864108043916
test-92981,0.027279636787097317
test-92982,0.028227181196959057
test-92983,0.06011960673483049
test-92984,0.02352573870090594
test-92985,0.023553995974348402
test-92986,0.12663596937894922
test-92987,0.0114484512596395
test-92988,0.010464298779858713
test-92989,0.017866272256524353
test-9299,0.02034136512012936
test-92990,0.020408403732664216
test-92991,0.016740870732518703
test-92992,0.1725095515425713
test-92993,0.11994122937837823
test-92994,0.0707119985986715
test-92995,0.01397675103601954
test-92996,0.02166639232022563
test-92997,0.028925563485793337
test-92998,0.01832731539451931
test-92999,0.08376281188754756
test-93,0.008087714513908476
test-930,0.17645226684991447
test-9300,0.02912335805474075
test-93000,0.06863475523849656
test-93001,0.045146945702088624
test-93002,0.011279657888722422
test-93003,0.021849180946403052
test-93004,0.0526892374520386
test-93005,0.009965729279134094
test-93006,0.16851989245905058
test-93007,0.04103730517084501
test-93008,0.1392345030290774
test-93009,0.00732578174977507
test-9301,0.03276210803512562
test-93010,0.11682241037080732
test-93011,0.34074538063080606
test-93012,0.010458891117949638
test-93013,0.022913330823917374
test-93014,0.08455448331697575
test-93015,0.029890376892379462
test-93016,0.014639547795696923
test-93017,0.12663596937894922
test-93018,0.20609912319742726
test-93019,0.009244084479871746
test-9302,0.02387426495103177
test-93020,0.011195630969806376
test-93021,0.0668091482922003
test-93022,0.020913927618577854
test-93023,0.19183286631581162
test-93024,0.009989042179174698
test-93025,0.041213558832634306
test-93026,0.03908761153701232
test-93027,0.38430157697721756
test-93028,0.017300525001234565
test-93029,0.061577899304617906
test-9303,0.014961276020888033
test-93030,0.03921552970284639
test-93031,0.016091917941243615
test-93032,0.048971599544724055
test-93033,0.3458845231200253
test-93034,0.04052589098881666
test-93035,0.07748062158489404
test-93036,0.015345232585867001
test-93037,0.14637380551391901
test-93038,0.07799433853261355
test-93039,0.017721631463731853
test-9304,0.12756464018589395
test-93040,0.011245324025381424
test-93041,0.021380670934083332
test-93042,0.07332223118954193
test-93043,0.015470814224928204
test-93044,0.07569367751831951
test-93045,0.009835984159782025
test-93046,0.02355406821668964
test-93047,0.2570441541618037
test-93048,0.07332223118954193
test-93049,0.02615700500154785
test-9305,0.11025666896035011
test-93050,0.009244512609565601
test-93051,0.038357985518401326
test-93052,0.02069816065737929
test-93053,0.018025304027273654
test-93054,0.05187415777546635
test-93055,0.030573724313234314
test-93056,0.008445859950496706
test-93057,0.011728611514285316
test-93058,0.038076586935419675
test-93059,0.01147819579155948
test-9306,0.06562160037571442
test-93060,0.045275140244809775
test-93061,0.010823358649941982
test-93062,0.005847529646065298
test-93063,0.010439351922860149
test-93064,0.014869339807910638
test-93065,0.0805917812712298
test-93066,0.02918051399446568
test-93067,0.013926718762763779
test-93068,0.03351566886645158
test-93069,0.020594607869953138
test-9307,0.12426513400358717
test-93070,0.14990435304219266
test-93071,0.011762480302304661
test-93072,0.06183208280215057
test-93073,0.009525852300538649
test-93074,0.023408896425133344
test-93075,0.027143343099504308
test-93076,0.05339307069340168
test-93077,0.041644692851619175
test-93078,0.020687851181157867
test-93079,0.0180340384573829
test-9308,0.2334671335267126
test-93080,0.031132945819332684
test-93081,0.015931148983899912
test-93082,0.05339307069340168
test-93083,0.023700374275680152
test-93084,0.014650251574802292
test-93085,0.021265026878354566
test-93086,0.015499451200918276
test-93087,0.021304374930973504
test-93088,0.16975457062996605
test-93089,0.026839509675260186
test-9309,0.07896917855603469
test-93090,0.025160770478007986
test-93091,0.19827871038527217
test-93092,0.07382005570899727
test-93093,0.08227449316788707
test-93094,0.22737036037977967
test-93095,0.09072868874364357
test-93096,0.0677630334516081
test-93097,0.021885275849685932
test-93098,0.11115407382171685
test-93099,0.033899676637426795
test-931,0.06980830189606753
test-9310,0.09673533330374554
test-93100,0.3147502131079928
test-93101,0.02267532746924371
test-93102,0.008495098534261367
test-93103,0.03509674692496679
test-93104,0.03309415422303747
test-93105,0.11599395584280962
test-93106,0.03799831355878273
test-93107,0.15228056315886299
test-93108,0.014390477085816452
test-93109,0.039075673613875254
test-9311,0.11312587605768987
test-93110,0.10617630348472928
test-93111,0.013182557869639476
test-93112,0.053241085753104725
test-93113,0.02743477116075832
test-93114,0.21507499285391135
test-93115,0.021476788180832297
test-93116,0.01235949367876766
test-93117,0.01570098305950156
test-93118,0.014359458099615283
test-93119,0.014600619165259609
test-9312,0.04699203405469257
test-93120,0.02112208089717831
test-93121,0.2671300658361069
test-93122,0.25561895904408594
test-93123,0.021351014894481376
test-93124,0.00662445542369225
test-93125,0.03991427570930743
test-93126,0.33684483007841115
test-93127,0.02759995246664544
test-93128,0.0332566687651504
test-93129,0.1727303178910316
test-9313,0.03388858243739365
test-93130,0.04209070851054608
test-93131,0.02387994864549203
test-93132,0.03335561781503914
test-93133,0.06174467386988389
test-93134,0.02064487087934156
test-93135,0.03109458647485843
test-93136,0.019145311046151175
test-93137,0.01478458071689175
test-93138,0.018132689081710732
test-93139,0.014717086364889342
test-9314,0.0960151049194556
test-93140,0.021360318151982003
test-93141,0.0062154542296540246
test-93142,0.04050542736117613
test-93143,0.04572752928641162
test-93144,0.3937301534634637
test-93145,0.007363738907971307
test-93146,0.3551966811186103
test-93147,0.02712610431248483
test-93148,0.009134457581272811
test-93149,0.19884025755871382
test-9315,0.17645226684991447
test-93150,0.17408584700778573
test-93151,0.016766332775021528
test-93152,0.009998967150854448
test-93153,0.02192173986654284
test-93154,0.015258389464753865
test-93155,0.14714951318010774
test-93156,0.029254601910633577
test-93157,0.4130406270039422
test-93158,0.015701216352052343
test-93159,0.01991840272221907
test-9316,0.05720224938086132
test-93160,0.11435142377717097
test-93161,0.0187144192902349
test-93162,0.015698579613189892
test-93163,0.03154705460930348
test-93164,0.01614848536816466
test-93165,0.016266805880607842
test-93166,0.00951397352036494
test-93167,0.014371662010114477
test-93168,0.03031289208457089
test-93169,0.018006523465700124
test-9317,0.22214027639143596
test-93170,0.03217148106861156
test-93171,0.022700506943769735
test-93172,0.07784168030314918
test-93173,0.013892831984056305
test-93174,0.04366756117261263
test-93175,0.2551871832583175
test-93176,0.023766118201954154
test-93177,0.03876454907174427
test-93178,0.02588327068743865
test-93179,0.058185723405920466
test-9318,0.10043575052326748
test-93180,0.024322686038981942
test-93181,0.011592749723011272
test-93182,0.01881727663740763
test-93183,0.22467017027546926
test-93184,0.018275474423775025
test-93185,0.19361385065117864
test-93186,0.013978612488038987
test-93187,0.021493278692468348
test-93188,0.12937234479223983
test-93189,0.115967146047183
test-9319,0.13212177419013316
test-93190,0.019879490598642628
test-93191,0.06108085344638038
test-93192,0.2682513939447013
test-93193,0.09591256992023395
test-93194,0.009627610380847567
test-93195,0.021213560593164406
test-93196,0.03628017251863496
test-93197,0.03415377267596334
test-93198,0.03536315316561851
test-93199,0.014373814663533477
test-932,0.10990402166331567
test-9320,0.033276915589184324
test-93200,0.009468346664586942
test-93201,0.11928034909425393
test-93202,0.08219192647824698
test-93203,0.010343014613739295
test-93204,0.015249097466877474
test-93205,0.02294572254476866
test-93206,0.029852027409166298
test-93207,0.007897904285283348
test-93208,0.01508249321921737
test-93209,0.06071275575718674
test-9321,0.02701096148137804
test-93210,0.01034116686607408
test-93211,0.20579690014977686
test-93212,0.25581993751417026
test-93213,0.032265600358124105
test-93214,0.1127279061666934
test-93215,0.028603119739386656
test-93216,0.013369860759609315
test-93217,0.009005190876279453
test-93218,0.02461116144665354
test-93219,0.0160420568535636
test-9322,0.1473492695451215
test-93220,0.0493931147911267
test-93221,0.030440273072701488
test-93222,0.04710708160801613
test-93223,0.04188829007401453
test-93224,0.05783949510104669
test-93225,0.010484402048927295
test-93226,0.013341458467498775
test-93227,0.04721721023558514
test-93228,0.22625212705778305
test-93229,0.010007901241811017
test-9323,0.011270323378608614
test-93230,0.05970422601663029
test-93231,0.015464844067314583
test-93232,0.015804451362063612
test-93233,0.008313406150048297
test-93234,0.019232639848155635
test-93235,0.05366511931954272
test-93236,0.008336300677247294
test-93237,0.005896955019137416
test-93238,0.06447628286779733
test-93239,0.018107381981392112
test-9324,0.242558207736482
test-93240,0.2646776167914204
test-93241,0.01295169301995221
test-93242,0.029905946713622712
test-93243,0.012731051014718204
test-93244,0.015490246712015245
test-93245,0.20132246288486264
test-93246,0.1661661163839741
test-93247,0.07996334283829358
test-93248,0.0157691741328382
test-93249,0.014393455435556222
test-9325,0.11602271932406626
test-93250,0.28106898931070623
test-93251,0.051546896036368105
test-93252,0.0160096791633004
test-93253,0.037569267617927234
test-93254,0.06676272365976182
test-93255,0.012479738471206696
test-93256,0.06599891615541364
test-93257,0.010663423301942157
test-93258,0.2629652914788214
test-93259,0.09456466912495104
test-9326,0.01704628376346712
test-93260,0.015480470643416186
test-93261,0.012344911082297346
test-93262,0.011030138218203044
test-93263,0.26905772254220034
test-93264,0.019678553881453904
test-93265,0.025529509700665573
test-93266,0.028670803107570437
test-93267,0.017303209194273885
test-93268,0.027940201429365704
test-93269,0.02228275808876345
test-9327,0.14953710120514077
test-93270,0.01429676106060933
test-93271,0.02191966924172358
test-93272,0.014446232639930659
test-93273,0.0906768466613254
test-93274,0.02067316541452633
test-93275,0.08930679224663254
test-93276,0.383538232856317
test-93277,0.05061020081506603
test-93278,0.01637697474636509
test-93279,0.011681822334310052
test-9328,0.030217345678510813
test-93280,0.13980550641447664
test-93281,0.08560838976018696
test-93282,0.04279982665325258
test-93283,0.020595929113816736
test-93284,0.016272863354170743
test-93285,0.01812685566354881
test-93286,0.014986632224523191
test-93287,0.12720159028164033
test-93288,0.02083790225669478
test-93289,0.00818598607372174
test-9329,0.01268020852371461
test-93290,0.027196825730237004
test-93291,0.1627786007665335
test-93292,0.011334396573259714
test-93293,0.051264918611780855
test-93294,0.06724318005152223
test-93295,0.03498455901071791
test-93296,0.022969223465674878
test-93297,0.02171235951962191
test-93298,0.20336071238131745
test-93299,0.09584721280404178
test-933,0.01351851586854414
test-9330,0.15471140496250654
test-93300,0.1592050970273029
test-93301,0.019558864730068532
test-93302,0.012792617990718172
test-93303,0.0825336758080564
test-93304,0.020915934464255947
test-93305,0.012331625225123537
test-93306,0.027471521470755177
test-93307,0.022418939571954045
test-93308,0.08110413393213176
test-93309,0.03059423074502949
test-9331,0.2520944155446072
test-93310,0.01875256856200791
test-93311,0.013831981174118617
test-93312,0.07896917855603469
test-93313,0.07214397289720821
test-93314,0.07903493626547729
test-93315,0.02756045818107842
test-93316,0.013101007288158528
test-93317,0.03544080451276304
test-93318,0.022582612134365597
test-93319,0.04067905106946473
test-9332,0.05752846160671302
test-93320,0.023031517798662006
test-93321,0.11011169515188164
test-93322,0.12796851635119139
test-93323,0.01821328330242039
test-93324,0.012143464225882392
test-93325,0.011724483770286
test-93326,0.033161011463149856
test-93327,0.02106435390256634
test-93328,0.008963554843397677
test-93329,0.018856076561351312
test-9333,0.03353736172732275
test-93330,0.15770518361275757
test-93331,0.013628959187246449
test-93332,0.008143275831654287
test-93333,0.016980488168216706
test-93334,0.09358486794232378
test-93335,0.01471863662557119
test-93336,0.020164007917954356
test-93337,0.06296695495757501
test-93338,0.008291644037511078
test-93339,0.02130047179101217
test-9334,0.006930984294735632
test-93340,0.01397212325067908
test-93341,0.22084052489076963
test-93342,0.020541545003943663
test-93343,0.020091368148451545
test-93344,0.017380442562130494
test-93345,0.12236359214213907
test-93346,0.11663490222465693
test-93347,0.01747940011587509
test-93348,0.02102836935412256
test-93349,0.061577899304617906
test-9335,0.021529864652283345
test-93350,0.017176354612006412
test-93351,0.03991427570930743
test-93352,0.02106094124181315
test-93353,0.1905205505352252
test-93354,0.3088846073371973
test-93355,0.009654128624594346
test-93356,0.15143373032444843
test-93357,0.027451375207859063
test-93358,0.07125927392481006
test-93359,0.04429142303294996
test-9336,0.01339034042343253
test-93360,0.0874149386387389
test-93361,0.013479767091371279
test-93362,0.03214221959162191
test-93363,0.039558484286972215
test-93364,0.014754388679415958
test-93365,0.021158894719967205
test-93366,0.14281387885522065
test-93367,0.11196196404839191
test-93368,0.22042110495634046
test-93369,0.01649341950699279
test-9337,0.008840693732186313
test-93370,0.020709387054812303
test-93371,0.010793040268001774
test-93372,0.13557165531180856
test-93373,0.1426051313741445
test-93374,0.0119864695139566
test-93375,0.009497076132630022
test-93376,0.0065976881405062264
test-93377,0.02712610431248483
test-93378,0.0787718604191346
test-93379,0.07799433853261355
test-9338,0.032863226826098435
test-93380,0.024715364458064562
test-93381,0.043814442239170116
test-93382,0.18092253185269594
test-93383,0.011588609635497352
test-93384,0.03914530948665621
test-93385,0.12456179376616706
test-93386,0.09579640647612957
test-93387,0.17563504139496663
test-93388,0.09095363519959088
test-93389,0.08003083037374147
test-9339,0.058141703678406466
test-93390,0.010019288567208913
test-93391,0.05061020081506603
test-93392,0.011181020410393842
test-93393,0.00979948239501703
test-93394,0.014412525180855642
test-93395,0.06769227346933265
test-93396,0.2018492447432941
test-93397,0.25625779338675786
test-93398,0.03536087055274768
test-93399,0.29864366372313816
test-934,0.13826445795951595
test-9340,0.009633747038405064
test-93400,0.16136948481596547
test-93401,0.012600883775650369
test-93402,0.01946265490857582
test-93403,0.032608955817655466
test-93404,0.014008075504383237
test-93405,0.020367646189266696
test-93406,0.19240395548047035
test-93407,0.008779161048162573
test-93408,0.01942439160602153
test-93409,0.01863557370906981
test-9341,0.0707119985986715
test-93410,0.032121877122345405
test-93411,0.1221060258922019
test-93412,0.15954514607156867
test-93413,0.270927263614608
test-93414,0.028227181196959057
test-93415,0.020391176730980672
test-93416,0.021707009647085367
test-93417,0.041547510557928914
test-93418,0.028022149888442982
test-93419,0.03490288160510795
test-9342,0.12913253738235023
test-93420,0.007567486904454409
test-93421,0.030808584449521323
test-93422,0.08643564552180881
test-93423,0.013735814186933397
test-93424,0.017709061473007475
test-93425,0.018335202577663728
test-93426,0.1900258626328395
test-93427,0.012454222685998832
test-93428,0.04024727173893846
test-93429,0.2446880229628217
test-9343,0.05664015032581413
test-93430,0.08994120980034133
test-93431,0.12200372266952625
test-93432,0.24893980054721915
test-93433,0.006814675730205213
test-93434,0.011052531641681048
test-93435,0.014008075504383237
test-93436,0.01735458606233538
test-93437,0.00951397352036494
test-93438,0.06769227346933265
test-93439,0.13632491504128827
test-9344,0.18935512208521482
test-93440,0.012576895561936937
test-93441,0.1710086454062539
test-93442,0.0395092782394405
test-93443,0.009538998399251233
test-93444,0.102408699567137
test-93445,0.023766118201954154
test-93446,0.02372289305257482
test-93447,0.027878407759954378
test-93448,0.020082398041092298
test-93449,0.015396540660125245
test-9345,0.03688892664497909
test-93450,0.008466815344599404
test-93451,0.02212186179313051
test-93452,0.05003697088968722
test-93453,0.04098312444079618
test-93454,0.012930248630684068
test-93455,0.0669392073111586
test-93456,0.0218319155250291
test-93457,0.010766234868343046
test-93458,0.054796872472314836
test-93459,0.12819412947753134
test-9346,0.020763796236406624
test-93460,0.011196794005503902
test-93461,0.14270035608106144
test-93462,0.01648120089601652
test-93463,0.0551529747019427
test-93464,0.009600512322818907
test-93465,0.02488699321739412
test-93466,0.03579016636834026
test-93467,0.02669190366696835
test-93468,0.19291934472373243
test-93469,0.20096791560361138
test-9347,0.41338463643058293
test-93470,0.03055153208100933
test-93471,0.14661975200956423
test-93472,0.024283463839465783
test-93473,0.020436984620475496
test-93474,0.011490290356890793
test-93475,0.017751487091784292
test-93476,0.034462792400414846
test-93477,0.013122004901560938
test-93478,0.12413344580471158
test-93479,0.2605363907162755
test-9348,0.30583064876283844
test-93480,0.04888198849357385
test-93481,0.022630716097100382
test-93482,0.017581147329710944
test-93483,0.05803008156754302
test-93484,0.016861206490338006
test-93485,0.026515599473177862
test-93486,0.01478410084636923
test-93487,0.02449644764351692
test-93488,0.017413728660343207
test-93489,0.019954312408440866
test-9349,0.2754241825800075
test-93490,0.02606005538208985
test-93491,0.027213061528902373
test-93492,0.2766300580650407
test-93493,0.08079890443972844
test-93494,0.006606287930590423
test-93495,0.011926682980426389
test-93496,0.030998504721974282
test-93497,0.08641517233630104
test-93498,0.06193221380578371
test-93499,0.018364256421671186
test-935,0.09581464132772011
test-9350,0.14897780969272556
test-93500,0.34203356650092626
test-93501,0.01401599474930876
test-93502,0.13191004154891964
test-93503,0.20470991988795806
test-93504,0.007103459395646547
test-93505,0.14473411988338045
test-93506,0.014373814663533477
test-93507,0.019455993869518427
test-93508,0.04953858611954152
test-93509,0.00716789707758147
test-9351,0.03767152091153897
test-93510,0.01880718475517952
test-93511,0.13838467064907242
test-93512,0.06518688175134404
test-93513,0.005517173753989197
test-93514,0.007667159790985622
test-93515,0.021113263981551195
test-93516,0.04977165840846696
test-93517,0.03619737589291206
test-93518,0.034875457747988434
test-93519,0.01760822261954987
test-9352,0.043426535588116044
test-93520,0.23475162429443164
test-93521,0.06912897217879758
test-93522,0.021790438484448824
test-93523,0.09574915116568801
test-93524,0.008470157708881517
test-93525,0.024509097363587435
test-93526,0.30311173782463047
test-93527,0.00906041717476708
test-93528,0.04134792070439482
test-93529,0.008937535199718693
test-9353,0.13163575879948083
test-93530,0.015106105832435116
test-93531,0.010486657675093786
test-93532,0.07438166095706271
test-93533,0.21797593163451404
test-93534,0.010330869739504816
test-93535,0.007019791302617607
test-93536,0.04841598255263713
test-93537,0.014247715723497622
test-93538,0.008195908367298574
test-93539,0.013772449892618114
test-9354,0.10358190491739874
test-93540,0.08003083037374147
test-93541,0.16486602627168442
test-93542,0.13774157405628287
test-93543,0.007584436206056614
test-93544,0.31053102761649304
test-93545,0.05273939999786985
test-93546,0.016885287257782655
test-93547,0.032037386213171315
test-93548,0.3328253372369291
test-93549,0.07305911273342602
test-9355,0.1895297977327276
test-93550,0.14660621249274897
test-93551,0.08952739135028326
test-93552,0.044822237914470375
test-93553,0.013398517178091613
test-93554,0.018735656485727416
test-93555,0.016785103625597434
test-93556,0.015647602616737664
test-93557,0.04969107213401746
test-93558,0.024620087327928794
test-93559,0.01213298158083581
test-9356,0.04201587544696237
test-93560,0.04167562980021376
test-93561,0.01888114590909955
test-93562,0.043220492950096855
test-93563,0.02148041636171966
test-93564,0.021891817043993497
test-93565,0.1404555463692965
test-93566,0.010034289045687697
test-93567,0.010337103265170629
test-93568,0.14028654382808
test-93569,0.016762285792840385
test-9357,0.0164844288710179
test-93570,0.018117294951952443
test-93571,0.014359837642322602
test-93572,0.014998950325453238
test-93573,0.09254539034014651
test-93574,0.009397093497874971
test-93575,0.03064121009433336
test-93576,0.10652529045069738
test-93577,0.16626034250624522
test-93578,0.023277908522282037
test-93579,0.07896917855603469
test-9358,0.008090751484935947
test-93580,0.009057339758780243
test-93581,0.18031553216262355
test-93582,0.011243904473179625
test-93583,0.008650850369918223
test-93584,0.009846600757714834
test-93585,0.01487958540261633
test-93586,0.031747147147066876
test-93587,0.018057201374740043
test-93588,0.10102349715811962
test-93589,0.18047212367866436
test-9359,0.2777118968216883
test-93590,0.06267353376116229
test-93591,0.02018811865985566
test-93592,0.02413752569469882
test-93593,0.020626647547691973
test-93594,0.03605421018361057
test-93595,0.02850747460483943
test-93596,0.012878492213284468
test-93597,0.08463920920911798
test-93598,0.20327228434751518
test-93599,0.018947338327213403
test-936,0.06913730398437877
test-9360,0.06845179840037012
test-93600,0.01983566052245897
test-93601,0.18348054979279166
test-93602,0.06108085344638038
test-93603,0.015878173971664068
test-93604,0.24140651190977508
test-93605,0.021022228210556788
test-93606,0.017974143661565467
test-93607,0.1632570528096456
test-93608,0.02476425913749208
test-93609,0.03309415422303747
test-9361,0.12258016421960483
test-93610,0.019828277784809414
test-93611,0.013949151096085213
test-93612,0.024774520133319988
test-93613,0.08302798085344147
test-93614,0.025601385265018723
test-93615,0.006619964239353418
test-93616,0.007941880632707052
test-93617,0.08025227187250045
test-93618,0.014764928985818188
test-93619,0.0742163645653654
test-9362,0.027053410231467203
test-93620,0.03185243136377257
test-93621,0.08568194588262848
test-93622,0.007005066792615934
test-93623,0.006583850544351507
test-93624,0.01732732435715757
test-93625,0.04287331498190258
test-93626,0.014527480617486573
test-93627,0.017458674180118667
test-93628,0.02381769783402203
test-93629,0.10162556688559471
test-9363,0.10183299789814722
test-93630,0.009303318890616688
test-93631,0.019511997468484654
test-93632,0.018473951625558982
test-93633,0.028513331244429337
test-93634,0.018548681920696145
test-93635,0.19241451971582021
test-93636,0.04371739997126556
test-93637,0.011214326912901211
test-93638,0.20167825699883804
test-93639,0.05676699280108851
test-9364,0.20201183604850353
test-93640,0.10887978530409563
test-93641,0.011620318286267844
test-93642,0.031226529662388234
test-93643,0.031483061789104635
test-93644,0.04165902891980206
test-93645,0.022500890699324937
test-93646,0.00668339523895803
test-93647,0.1216940301466972
test-93648,0.03941023147675386
test-93649,0.011709762012390119
test-9365,0.01458879049627292
test-93650,0.04183648632611012
test-93651,0.042668133239510915
test-93652,0.010250079629710756
test-93653,0.011068253337298715
test-93654,0.28599289480176276
test-93655,0.24457169291707043
test-93656,0.014197173798752807
test-93657,0.15203790977695927
test-93658,0.022026651906026443
test-93659,0.0669392073111586
test-9366,0.014130474721428928
test-93660,0.1744075525940683
test-93661,0.22832155342506782
test-93662,0.16503503580434714
test-93663,0.1335461974173895
test-93664,0.009644095471519582
test-93665,0.08481075771520978
test-93666,0.09428807142564093
test-93667,0.315107226151039
test-93668,0.0762733546233028
test-93669,0.0137223378810662
test-9367,0.014674084508117254
test-93670,0.26349296215607987
test-93671,0.02403168801781399
test-93672,0.06599891615541364
test-93673,0.11925033638607963
test-93674,0.20001227482753747
test-93675,0.014476998172198715
test-93676,0.040695030576269844
test-93677,0.014606832165642208
test-93678,0.010822435501440391
test-93679,0.06709418361029962
test-9368,0.04671082580644481
test-93680,0.00662604467083974
test-93681,0.0837165048151769
test-93682,0.022991668639747116
test-93683,0.009660926348260017
test-93684,0.01199736133683938
test-93685,0.02695036692577566
test-93686,0.02090175468048848
test-93687,0.014470789808324948
test-93688,0.008959249562696496
test-93689,0.06623362613176949
test-9369,0.05379346210386945
test-93690,0.2890335028935883
test-93691,0.013987217844320393
test-93692,0.012803290350664956
test-93693,0.16336257121595268
test-93694,0.03734168345445617
test-93695,0.04427203175177289
test-93696,0.02663298210448609
test-93697,0.048251440084158825
test-93698,0.016515546354808678
test-93699,0.15557621651213116
test-937,0.055930392735926114
test-9370,0.026852116306927194
test-93700,0.06335348006155231
test-93701,0.027973773545655806
test-93702,0.015506265331224262
test-93703,0.021040101984491175
test-93704,0.11607553849948815
test-93705,0.008573758194328727
test-93706,0.018980262316763793
test-93707,0.18560281237146237
test-93708,0.021577746592835352
test-93709,0.053636998672207864
test-9371,0.15455463927653046
test-93710,0.01885777652412318
test-93711,0.026262592002976745
test-93712,0.2637761070984773
test-93713,0.010745448128978348
test-93714,0.22985498839562077
test-93715,0.11554691356435694
test-93716,0.055091252502342994
test-93717,0.030403806266781092
test-93718,0.06924734452010416
test-93719,0.19698942113311005
test-9372,0.18693649349320637
test-93720,0.024973787472914896
test-93721,0.024314623461797386
test-93722,0.019606987094793707
test-93723,0.01323817564959788
test-93724,0.18981830663301744
test-93725,0.021935965635050354
test-93726,0.06769227346933265
test-93727,0.011801365209940785
test-93728,0.12663596937894922
test-93729,0.03344456491361002
test-9373,0.07984600052248031
test-93730,0.010325175883333215
test-93731,0.02865381812886716
test-93732,0.01510077604119607
test-93733,0.011385186335865567
test-93734,0.00822682428086225
test-93735,0.16696100891292529
test-93736,0.059667951735076566
test-93737,0.30787475906149603
test-93738,0.04342217792467707
test-93739,0.016851169055890156
test-9374,0.12487615615203071
test-93740,0.007954314128910565
test-93741,0.08634529791287593
test-93742,0.027148040969383867
test-93743,0.04660036342029428
test-93744,0.030503124242992938
test-93745,0.008155399914167454
test-93746,0.030174160685397192
test-93747,0.03957797408190487
test-93748,0.13473111397650483
test-93749,0.018967602782464274
test-9375,0.009011467027819506
test-93750,0.014450966137778366
test-93751,0.02944461924492972
test-93752,0.014671440064396283
test-93753,0.023681443999038845
test-93754,0.259923687695017
test-93755,0.007822139072362806
test-93756,0.010742631689708614
test-93757,0.2509590842420266
test-93758,0.14639232175998027
test-93759,0.18009799397155743
test-9376,0.09860381645007209
test-93760,0.09787796055403811
test-93761,0.09918804513180217
test-93762,0.01255676831104394
test-93763,0.013063690902990964
test-93764,0.029949070048517587
test-93765,0.07807066431685518
test-93766,0.010792309895153169
test-93767,0.06258995759701273
test-93768,0.0203672902918809
test-93769,0.017893618111556236
test-9377,0.05803423532835181
test-93770,0.1915173395887681
test-93771,0.011896487619743983
test-93772,0.02009528051670963
test-93773,0.08153168488552605
test-93774,0.13919012465966588
test-93775,0.007481873208917789
test-93776,0.011374594655167198
test-93777,0.03669569046123706
test-93778,0.010548315244409526
test-93779,0.03811175372131463
test-9378,0.03810773719324661
test-93780,0.04906984181357477
test-93781,0.02324203914744493
test-93782,0.050444351245631854
test-93783,0.007491446618527488
test-93784,0.05471252489860476
test-93785,0.009585933865984211
test-93786,0.12419175785812836
test-93787,0.025419366485695736
test-93788,0.07446215450468079
test-93789,0.009011467027819506
test-9379,0.03486415065020565
test-93790,0.0737070603904619
test-93791,0.18334569434333553
test-93792,0.18333422793361426
test-93793,0.0370178999960362
test-93794,0.037056248963493514
test-93795,0.0669392073111586
test-93796,0.029064859849740124
test-93797,0.05120261632850074
test-93798,0.054834829458149
test-93799,0.023790734875031666
test-938,0.008199930049245973
test-9380,0.02095050887203955
test-93800,0.014705520379564145
test-93801,0.046879340085392594
test-93802,0.06167012777384691
test-93803,0.39098937877306006
test-93804,0.13205994518747186
test-93805,0.01642489176657241
test-93806,0.011150912919713084
test-93807,0.02543147801372774
test-93808,0.014130539930955976
test-93809,0.013386843261556805
test-9381,0.027313359852069046
test-93810,0.14733759940238633
test-93811,0.007183070034369731
test-93812,0.006340573972584509
test-93813,0.008706238692116182
test-93814,0.011082051018715226
test-93815,0.028871722747003763
test-93816,0.21033202133047513
test-93817,0.39994728436422394
test-93818,0.04252041419111923
test-93819,0.020716572003447047
test-9382,0.22861279947410776
test-93820,0.01162002255737999
test-93821,0.02936211756439115
test-93822,0.11092404230449324
test-93823,0.02998895228052332
test-93824,0.0327176475037165
test-93825,0.0326380588372344
test-93826,0.01855206744519235
test-93827,0.012775122385872747
test-93828,0.03229262194912127
test-93829,0.05483446195083425
test-9383,0.2364824725462624
test-93830,0.007077749536992293
test-93831,0.10092301406036884
test-93832,0.19107183982450693
test-93833,0.0291993447020624
test-93834,0.013113490635681013
test-93835,0.08661128354520885
test-93836,0.01072866569285139
test-93837,0.19122285032182143
test-93838,0.07810022788908709
test-93839,0.29943678908860166
test-9384,0.07790566490230655
test-93840,0.13822908176125848
test-93841,0.12242182045132594
test-93842,0.24937241371159052
test-93843,0.06194254767282119
test-93844,0.024002282330869602
test-93845,0.01846857709231714
test-93846,0.11321106954632659
test-93847,0.019296043119961987
test-93848,0.07420280950957851
test-93849,0.019102853505933243
test-9385,0.036882835219586484
test-93850,0.08219192647824698
test-93851,0.009730499578155746
test-93852,0.011036065895306901
test-93853,0.010326896987317431
test-93854,0.016016799407498016
test-93855,0.03231089945156667
test-93856,0.05387782855682265
test-93857,0.028433398835440597
test-93858,0.12265525070614776
test-93859,0.015258389464753865
test-9386,0.03609783483951046
test-93860,0.30741624448677723
test-93861,0.027471521470755177
test-93862,0.048758961588395364
test-93863,0.006714057373877972
test-93864,0.2561877736775694
test-93865,0.24806566149267603
test-93866,0.4225057900980009
test-93867,0.012837028902743509
test-93868,0.05566657780853914
test-93869,0.045462266823516374
test-9387,0.13101873054362467
test-93870,0.09119339770255026
test-93871,0.02662326363302725
test-93872,0.2509347903135441
test-93873,0.08283970393330853
test-93874,0.07231820865946705
test-93875,0.0344224008849752
test-93876,0.014448990240790775
test-93877,0.03240758764689325
test-93878,0.11605750684178578
test-93879,0.010871707258260751
test-9388,0.05732599989847186
test-93880,0.11642981284699146
test-93881,0.04822685660052146
test-93882,0.051423037924970036
test-93883,0.008336300677247294
test-93884,0.08991140358202976
test-93885,0.1515423200850133
test-93886,0.04660036342029428
test-93887,0.12992650100111142
test-93888,0.11820958907263149
test-93889,0.01395593935710417
test-9389,0.007905766402768515
test-93890,0.028046275295633333
test-93891,0.15300297992614625
test-93892,0.018487811456801444
test-93893,0.12033445874183085
test-93894,0.01630419941794048
test-93895,0.035324170236044505
test-93896,0.008808355058986956
test-93897,0.0318696913853944
test-93898,0.01828303728080674
test-93899,0.01637697474636509
test-939,0.019451957284436425
test-9390,0.08104436183233167
test-93900,0.007910347893739754
test-93901,0.07568416960764243
test-93902,0.21697771702824473
test-93903,0.009653567640757844
test-93904,0.01690225156464967
test-93905,0.0669392073111586
test-93906,0.01782955059318769
test-93907,0.01519524321004887
test-93908,0.015859972816385424
test-93909,0.17973954054644367
test-9391,0.01322096655982236
test-93910,0.205099983139964
test-93911,0.10812230317096443
test-93912,0.07094961383201406
test-93913,0.008340924674142774
test-93914,0.17292706123142526
test-93915,0.17424248620638272
test-93916,0.017593226488091855
test-93917,0.06803412447426488
test-93918,0.09860381645007209
test-93919,0.02562166486150122
test-9392,0.017649051687062482
test-93920,0.022814609774907027
test-93921,0.013548233310112179
test-93922,0.044930457691297415
test-93923,0.04672347851698797
test-93924,0.014619724348193128
test-93925,0.2295666606358128
test-93926,0.010739964788001015
test-93927,0.012880851689390457
test-93928,0.028375970961988104
test-93929,0.229544998805182
test-9393,0.269666688180615
test-93930,0.09526063506268198
test-93931,0.13919012465966588
test-93932,0.0846182167635542
test-93933,0.1626881768409782
test-93934,0.01121658172149202
test-93935,0.018900944334793494
test-93936,0.014953627596337712
test-93937,0.05849542928708646
test-93938,0.05400256287771402
test-93939,0.3723285560128972
test-9394,0.1590025691874096
test-93940,0.060330754297190835
test-93941,0.09507627697535487
test-93942,0.00781241922220763
test-93943,0.031149727427266374
test-93944,0.03309415422303747
test-93945,0.07401490573878777
test-93946,0.009883207207340289
test-93947,0.021911392837789853
test-93948,0.016640652389242384
test-93949,0.0707119985986715
test-9395,0.043923408011559126
test-93950,0.016160909900064323
test-93951,0.024101177038389508
test-93952,0.030851601749641883
test-93953,0.02474146598666657
test-93954,0.036592687707977335
test-93955,0.1501655086081887
test-93956,0.03336898402089495
test-93957,0.016659087838733707
test-93958,0.11977566825131086
test-93959,0.01239262728837329
test-9396,0.08962782951307559
test-93960,0.009339624640345318
test-93961,0.041439590234951564
test-93962,0.017532051960230607
test-93963,0.04906984181357477
test-93964,0.035726955432722564
test-93965,0.07059927461161697
test-93966,0.020846516394319916
test-93967,0.02165292029075852
test-93968,0.2900897188162139
test-93969,0.02436531142295488
test-9397,0.00968939418267906
test-93970,0.14230650035224957
test-93971,0.023907713988520343
test-93972,0.0135432765197657
test-93973,0.12727677937685172
test-93974,0.024727924843035303
test-93975,0.013279271194938911
test-93976,0.012305372015926583
test-93977,0.06769227346933265
test-93978,0.008299709269823827
test-93979,0.2788542280594831
test-9398,0.02213634949791932
test-93980,0.1423809042540965
test-93981,0.32641958553279166
test-93982,0.04025860936357786
test-93983,0.04953378822906401
test-93984,0.009925966518584071
test-93985,0.08680671570506247
test-93986,0.14441205113914665
test-93987,0.02080428417397736
test-93988,0.14002120511645733
test-93989,0.06623362613176949
test-9399,0.17485198602354418
test-93990,0.015414202856159449
test-93991,0.010979912004428492
test-93992,0.0247963094518123
test-93993,0.1740683382172321
test-93994,0.1363451663137159
test-93995,0.006950047603780158
test-93996,0.018211219253982308
test-93997,0.0514273902412857
test-93998,0.257731610199929
test-93999,0.07765548192385864
test-94,0.044245664653837384
test-940,0.030058362674253616
test-9400,0.11211738114006202
test-94000,0.00970332687321095
test-94001,0.016134499693318094
test-94002,0.012513785988759655
test-94003,0.045867511848517645
test-94004,0.1261639368498422
test-94005,0.009335398948731569
test-94006,0.019027674301522208
test-94007,0.03953255928210469
test-94008,0.015148212773163444
test-94009,0.008057186022296102
test-9401,0.04471951054142388
test-94010,0.013414864622922547
test-94011,0.04301208359899352
test-94012,0.02529342150860485
test-94013,0.3220591141885195
test-94014,0.019970696561282975
test-94015,0.011899956690595324
test-94016,0.1386762084826133
test-94017,0.030303047262754696
test-94018,0.09640467825954559
test-94019,0.008101566839665541
test-9402,0.018048301336176242
test-94020,0.17561247062907126
test-94021,0.014837527556806715
test-94022,0.03322060297954764
test-94023,0.020045010630213696
test-94024,0.16479419354779265
test-94025,0.011245324025381424
test-94026,0.014003437494623575
test-94027,0.007296557972949313
test-94028,0.014023528936981774
test-94029,0.13613556557811773
test-9403,0.06346264392367472
test-94030,0.07931836740810959
test-94031,0.008649074284065986
test-94032,0.08788120190007584
test-94033,0.27953503927081225
test-94034,0.009945544235989269
test-94035,0.023009034426224494
test-94036,0.013892831984056305
test-94037,0.018323468996007605
test-94038,0.020299445993910068
test-94039,0.016295546512597167
test-9404,0.029361108651243348
test-94040,0.015190848514373892
test-94041,0.009554727131106232
test-94042,0.02874157781611735
test-94043,0.011848760030560365
test-94044,0.043424036867161855
test-94045,0.03166640844275624
test-94046,0.13883018987759707
test-94047,0.036242497691780964
test-94048,0.00899130264258725
test-94049,0.01774134411732555
test-9405,0.013851871559725455
test-94050,0.12001541363695918
test-94051,0.009016325584456078
test-94052,0.1508126009690024
test-94053,0.036710003502841634
test-94054,0.29604026547812584
test-94055,0.015852033663623838
test-94056,0.034462792400414846
test-94057,0.01153013376187161
test-94058,0.07958009128105223
test-94059,0.012119203612595403
test-9406,0.10979893288620678
test-94060,0.07013717606758778
test-94061,0.11727613345055214
test-94062,0.1133907019891268
test-94063,0.016615255412838963
test-94064,0.007590240423586719
test-94065,0.012641155315920888
test-94066,0.010195801333818493
test-94067,0.06597577105290967
test-94068,0.02128169953399744
test-94069,0.05922139533094831
test-9407,0.028219440216492867
test-94070,0.011868116856013074
test-94071,0.07064246277483584
test-94072,0.023218272922173117
test-94073,0.11297709867275642
test-94074,0.17754891168301862
test-94075,0.04252105837468247
test-94076,0.09150382731889874
test-94077,0.315107226151039
test-94078,0.0900121256421128
test-94079,0.1573723247953627
test-9408,0.08122813600494809
test-94080,0.012604416113981234
test-94081,0.01108604426550504
test-94082,0.009379571220005656
test-94083,0.014278392787462638
test-94084,0.07499794334644792
test-94085,0.026401902925885734
test-94086,0.014444811991687128
test-94087,0.02713682064389846
test-94088,0.016953814108704057
test-94089,0.015921907898062318
test-9409,0.132714090823437
test-94090,0.01496676848902438
test-94091,0.011048626247993416
test-94092,0.03309415422303747
test-94093,0.026283800267836062
test-94094,0.010358684534946226
test-94095,0.02275463577462401
test-94096,0.39357129843335287
test-94097,0.014012751616640076
test-94098,0.0881528246744881
test-94099,0.1400690761439764
test-941,0.07587834490242344
test-9410,0.026682112298197887
test-94100,0.034444892549281785
test-94101,0.010718540999897715
test-94102,0.05015468531813707
test-94103,0.05967457136965049
test-94104,0.023748545878281895
test-94105,0.018487811456801444
test-94106,0.07291603419916985
test-94107,0.010785702828562175
test-94108,0.1091293838160606
test-94109,0.049447885588571446
test-9411,0.02403168801781399
test-94110,0.026826590189344957
test-94111,0.014008075504383237
test-94112,0.3088846073371973
test-94113,0.014561595977396728
test-94114,0.05508122014366921
test-94115,0.04103465291380004
test-94116,0.015736594905629824
test-94117,0.019535524970281534
test-94118,0.17977038829443737
test-94119,0.013414864622922547
test-9412,0.22745425313487413
test-94120,0.014767688540848771
test-94121,0.008032908516558517
test-94122,0.0058803046784364175
test-94123,0.0322560369895652
test-94124,0.0669392073111586
test-94125,0.020120318976872043
test-94126,0.009645192367611993
test-94127,0.019750534849385055
test-94128,0.022919235420054165
test-94129,0.007518474328372439
test-9413,0.027609046057916236
test-94130,0.015804451362063612
test-94131,0.011068253337298715
test-94132,0.052714885331684905
test-94133,0.013707099082187986
test-94134,0.022992344667268835
test-94135,0.015577195423153282
test-94136,0.14288553112237742
test-94137,0.05928275248600638
test-94138,0.16481474421496403
test-94139,0.05400256287771402
test-9414,0.162567307530442
test-94140,0.022526267804958085
test-94141,0.03562798081380685
test-94142,0.01323620076794692
test-94143,0.0669392073111586
test-94144,0.010718067745828327
test-94145,0.1413059279771439
test-94146,0.022995207795246133
test-94147,0.13844485831116107
test-94148,0.3294184760616991
test-94149,0.020630861904663296
test-9415,0.1734576553760585
test-94150,0.13150042993781272
test-94151,0.022859745894235468
test-94152,0.022215811459373756
test-94153,0.11325170199908889
test-94154,0.017948643041108395
test-94155,0.10150901854535357
test-94156,0.013987217844320393
test-94157,0.3432044166947716
test-94158,0.01552080501232312
test-94159,0.1154734784361294
test-9416,0.026242837189358836
test-94160,0.024383076565403027
test-94161,0.01397994003321764
test-94162,0.041053934785909935
test-94163,0.07413316762327356
test-94164,0.011244432443495076
test-94165,0.015698147761285128
test-94166,0.40060631569286403
test-94167,0.028562276380827197
test-94168,0.011011313132027663
test-94169,0.15096575519086872
test-9417,0.15130469079668155
test-94170,0.00899916137985698
test-94171,0.011862540915443984
test-94172,0.04066527250554303
test-94173,0.013541010566906833
test-94174,0.01603270439889296
test-94175,0.0732858674232542
test-94176,0.06769227346933265
test-94177,0.011580192303215194
test-94178,0.04936350237080247
test-94179,0.10373811943857802
test-9418,0.019820846539124068
test-94180,0.023237033978174546
test-94181,0.04475351461529831
test-94182,0.012936889611365588
test-94183,0.05323480147294589
test-94184,0.06390585972311909
test-94185,0.02869652639209735
test-94186,0.05231016863524181
test-94187,0.16695447271917302
test-94188,0.1326376613397887
test-94189,0.02860164128570212
test-9419,0.011357511726913976
test-94190,0.051619898882456196
test-94191,0.009446872536829147
test-94192,0.04892024870252464
test-94193,0.017434428572012852
test-94194,0.013186742766538837
test-94195,0.020705446742417817
test-94196,0.03177318876925488
test-94197,0.011167835018831167
test-94198,0.017061405878790008
test-94199,0.023581325712360088
test-942,0.011751745203158012
test-9420,0.31453063802987274
test-94200,0.03945716941430698
test-94201,0.022185549664788584
test-94202,0.12202982993502846
test-94203,0.3279873329593428
test-94204,0.244733796050801
test-94205,0.020464340041205252
test-94206,0.0669392073111586
test-94207,0.013627119899374854
test-94208,0.0669392073111586
test-94209,0.02886713866874124
test-9421,0.1437893754246093
test-94210,0.012227516702158277
test-94211,0.31031435814079444
test-94212,0.026965663420744662
test-94213,0.04475351461529831
test-94214,0.20873046475902324
test-94215,0.024096545365370942
test-94216,0.012797768152158998
test-94217,0.008445859950496706
test-94218,0.013336278760581839
test-94219,0.09706874610972732
test-9422,0.024874002497554944
test-94220,0.013583709491252444
test-94221,0.015343625910690764
test-94222,0.19413993647123812
test-94223,0.029235299415940094
test-94224,0.042175650537972065
test-94225,0.01153013376187161
test-94226,0.0441347091557929
test-94227,0.012810377420581795
test-94228,0.017863157992184266
test-94229,0.020184049019556536
test-9423,0.007994582969953697
test-94230,0.13444661216453982
test-94231,0.0955966801524942
test-94232,0.0168484239551297
test-94233,0.1597211270562477
test-94234,0.025554039064241536
test-94235,0.3609551091487128
test-94236,0.05263663049254165
test-94237,0.04089503448269542
test-94238,0.09587912260584944
test-94239,0.013196864051785157
test-9424,0.2874939293764755
test-94240,0.04082421111715784
test-94241,0.029039286063240688
test-94242,0.18945333751079851
test-94243,0.04239114889176962
test-94244,0.030447876347124064
test-94245,0.01091911197006282
test-94246,0.14659546288443154
test-94247,0.05054761497199528
test-94248,0.11715382729699081
test-94249,0.06306199291726236
test-9425,0.014087100618408179
test-94250,0.027338273247642784
test-94251,0.02789475551910287
test-94252,0.018822651777971627
test-94253,0.00690536154928743
test-94254,0.02018518429851989
test-94255,0.011375886113213746
test-94256,0.02333319173139765
test-94257,0.01225211025166231
test-94258,0.02512080269042534
test-94259,0.18275756091752957
test-9426,0.20493098640259666
test-94260,0.013148246900558297
test-94261,0.0669392073111586
test-94262,0.02180285441204353
test-94263,0.06002808759277198
test-94264,0.011336671513004949
test-94265,0.013131820067274274
test-94266,0.07675474489988172
test-94267,0.08327847477784552
test-94268,0.008416931681802822
test-94269,0.12001905390322554
test-9427,0.013105507020469143
test-94270,0.09435854111353265
test-94271,0.024676963682028794
test-94272,0.025534332441720726
test-94273,0.04308240397242268
test-94274,0.020676731520650558
test-94275,0.04475351461529831
test-94276,0.1312005400609654
test-94277,0.0217136803320869
test-94278,0.05339307069340168
test-94279,0.0355960723717401
test-9428,0.030949323259998402
test-94280,0.03444812465671405
test-94281,0.03371791299513123
test-94282,0.014636856310028163
test-94283,0.014622936338569656
test-94284,0.0669392073111586
test-94285,0.19609444134460138
test-94286,0.02364563970694299
test-94287,0.060671803132892436
test-94288,0.013555209447511167
test-94289,0.07896917855603469
test-9429,0.20790840673921557
test-94290,0.212805427341004
test-94291,0.141567588383101
test-94292,0.017455323393133194
test-94293,0.008443481737337723
test-94294,0.034210561934390794
test-94295,0.015318662910942851
test-94296,0.0100548792848742
test-94297,0.12955762824883377
test-94298,0.07474787768024749
test-94299,0.009397093497874971
test-943,0.0395395858438684
test-9430,0.01846327269356872
test-94300,0.013713497969352522
test-94301,0.017198997462388923
test-94302,0.11363300313893557
test-94303,0.02397653348635227
test-94304,0.018165953781475567
test-94305,0.13632316857259644
test-94306,0.007502152466879437
test-94307,0.2520944155446072
test-94308,0.011082051018715226
test-94309,0.024002282330869602
test-9431,0.177426849105689
test-94310,0.0275104703988797
test-94311,0.023442088698302988
test-94312,0.011911170297357875
test-94313,0.01379075037537459
test-94314,0.017392738253244125
test-94315,0.031068692261070764
test-94316,0.02291051620939082
test-94317,0.0881528246744881
test-94318,0.018403054233816208
test-94319,0.0776688999117048
test-9432,0.011088555225246328
test-94320,0.10558641805424131
test-94321,0.3520123177733572
test-94322,0.014519857331313843
test-94323,0.010287733654403322
test-94324,0.10217700624457267
test-94325,0.015499451200918276
test-94326,0.021198848280659873
test-94327,0.012353298045668627
test-94328,0.07851896097445257
test-94329,0.016916295863294722
test-9433,0.16046819434105772
test-94330,0.020422632471294666
test-94331,0.13191004154891964
test-94332,0.24546032012468996
test-94333,0.03562798081380685
test-94334,0.16695447271917302
test-94335,0.020945620378136322
test-94336,0.02663298210448609
test-94337,0.0157691741328382
test-94338,0.09290405176526384
test-94339,0.283193989270889
test-9434,0.02109459917606929
test-94340,0.011233246659973748
test-94341,0.03249612052259406
test-94342,0.04371739997126556
test-94343,0.011822262349928017
test-94344,0.03109463974933376
test-94345,0.0694328303567513
test-94346,0.011242951009948638
test-94347,0.028329754429643934
test-94348,0.03482715299504484
test-94349,0.07013717606758778
test-9435,0.1546598582854367
test-94350,0.013133799729278348
test-94351,0.03217148106861156
test-94352,0.015626501958089026
test-94353,0.1474891622291443
test-94354,0.1354534644250063
test-94355,0.008467299819925318
test-94356,0.01977810592037329
test-94357,0.010400323993353063
test-94358,0.04182606431730078
test-94359,0.010663423301942157
test-9436,0.08855448568457788
test-94360,0.08984439073846114
test-94361,0.01109288822015895
test-94362,0.15964162855446312
test-94363,0.022426399550858005
test-94364,0.013981416839959387
test-94365,0.006814675730205213
test-94366,0.022374925438071347
test-94367,0.019767392158513353
test-94368,0.019786564549975363
test-94369,0.04412836065445919
test-9437,0.02426571332335319
test-94370,0.02648290178332952
test-94371,0.061277877966986895
test-94372,0.07180362321504395
test-94373,0.12456179376616706
test-94374,0.01404398132635389
test-94375,0.08219192647824698
test-94376,0.21528853756442476
test-94377,0.12428320893759898
test-94378,0.006223786633920408
test-94379,0.013341458467498775
test-9438,0.08853694919661888
test-94380,0.021480800384081233
test-94381,0.09840132833249529
test-94382,0.16556127146231578
test-94383,0.030952334638885002
test-94384,0.10134405125646619
test-94385,0.13775918575813118
test-94386,0.008587179428866701
test-94387,0.030782037544300454
test-94388,0.04096201101440536
test-94389,0.017970402091462258
test-9439,0.02863989851646471
test-94390,0.018886219084964365
test-94391,0.13617969422303328
test-94392,0.05728167534181998
test-94393,0.16020722359550427
test-94394,0.02015874510080061
test-94395,0.07996591701268706
test-94396,0.06769227346933265
test-94397,0.0229547356689779
test-94398,0.13771016827589383
test-94399,0.011840245951495323
test-944,0.04201587544696237
test-9440,0.04176381675186095
test-94400,0.06837348058400465
test-94401,0.022652814895845693
test-94402,0.11605750684178578
test-94403,0.024799763593646912
test-94404,0.027470278374778674
test-94405,0.2521524868837473
test-94406,0.30902669917001296
test-94407,0.03171183570351488
test-94408,0.1538954543665039
test-94409,0.021275006790793357
test-9441,0.12677033546507585
test-94410,0.08196973207204497
test-94411,0.009541640723887912
test-94412,0.008164606270353371
test-94413,0.00966800678163893
test-94414,0.009576659268271111
test-94415,0.11399716334043017
test-94416,0.006900280270811415
test-94417,0.0951914275344629
test-94418,0.14538652451690504
test-94419,0.035528120590909575
test-9442,0.06361795655997228
test-94420,0.16150425118360182
test-94421,0.024658714444690356
test-94422,0.00986692341770471
test-94423,0.1564949142185771
test-94424,0.011942102509070482
test-94425,0.013712196415450226
test-94426,0.3884785708976933
test-94427,0.07305911273342602
test-94428,0.03868888651753815
test-94429,0.0523638604553928
test-9443,0.08721907801636661
test-94430,0.021038130081847697
test-94431,0.0610936308877061
test-94432,0.09028751885456304
test-94433,0.009204430546799713
test-94434,0.012738290867299164
test-94435,0.0315414840882949
test-94436,0.06513054765625499
test-94437,0.009024526025351086
test-94438,0.3384811242700638
test-94439,0.007103459395646547
test-9444,0.03965342292480159
test-94440,0.18932675798911267
test-94441,0.11305242425688476
test-94442,0.010860111208452466
test-94443,0.028313440014875287
test-94444,0.30311173782463047
test-94445,0.019608059179290333
test-94446,0.011196794005503902
test-94447,0.01631443419752266
test-94448,0.02562074739480988
test-94449,0.013137892336426616
test-9445,0.011385186335865567
test-94450,0.039086452581574595
test-94451,0.07300415700059695
test-94452,0.01723694549742134
test-94453,0.009019432199058054
test-94454,0.006412851691144523
test-94455,0.011245324025381424
test-94456,0.1884987167124222
test-94457,0.02637242417236407
test-94458,0.16893994101950888
test-94459,0.01783144987991436
test-9446,0.11291485317860321
test-94460,0.01950892351353239
test-94461,0.04835559849380012
test-94462,0.038118677589453386
test-94463,0.00870361815454627
test-94464,0.10819571107088465
test-94465,0.03056512864881311
test-94466,0.020232839731345417
test-94467,0.03217148106861156
test-94468,0.010351580885018334
test-94469,0.01074635737178932
test-9447,0.03729892745037164
test-94470,0.03634625429595142
test-94471,0.019841046976331916
test-94472,0.1299318130293085
test-94473,0.10204662933675221
test-94474,0.012199930271329528
test-94475,0.01837326672861415
test-94476,0.028271546446465165
test-94477,0.08361905520424634
test-94478,0.014051650453786212
test-94479,0.12819412947753134
test-9448,0.15703266792761142
test-94480,0.03403254564709647
test-94481,0.029938427210117434
test-94482,0.01622714628341115
test-94483,0.013735814186933397
test-94484,0.009011533973299506
test-94485,0.007785501302675856
test-94486,0.019915983368174812
test-94487,0.016778284688104713
test-94488,0.020997478057810194
test-94489,0.09657605862495534
test-9449,0.011155002689389619
test-94490,0.017698912672854374
test-94491,0.08169358389817055
test-94492,0.15193235522374562
test-94493,0.05600023705360112
test-94494,0.022127650720281056
test-94495,0.01395593935710417
test-94496,0.012089649758012907
test-94497,0.01764282108829815
test-94498,0.009844766817339836
test-94499,0.13354047174481798
test-945,0.19571362280218507
test-9450,0.1624456004974472
test-94500,0.11875966273440229
test-94501,0.025554039064241536
test-94502,0.018919593253776026
test-94503,0.20232929044259962
test-94504,0.020700478335237735
test-94505,0.0703498823422689
test-94506,0.027587721500807606
test-94507,0.027980703995743487
test-94508,0.024169809607229798
test-94509,0.011673170136720779
test-9451,0.3677147125460941
test-94510,0.02235161151569265
test-94511,0.03587065921665394
test-94512,0.007941880632707052
test-94513,0.01850008059906812
test-94514,0.03484465941613617
test-94515,0.02460804797114191
test-94516,0.04601197546185045
test-94517,0.15286118399666587
test-94518,0.029688487893000406
test-94519,0.011196794005503902
test-9452,0.12669521753714805
test-94520,0.012803290350664956
test-94521,0.025136944033205336
test-94522,0.009600267497284506
test-94523,0.011841520233121856
test-94524,0.012332179556991256
test-94525,0.022211469405128123
test-94526,0.053108937196326686
test-94527,0.010742631689708614
test-94528,0.023104574649415222
test-94529,0.041994584683696344
test-9453,0.21830492636180185
test-94530,0.07255936886446027
test-94531,0.009467334274313179
test-94532,0.022702461091655923
test-94533,0.026733655919310293
test-94534,0.03178162660758461
test-94535,0.12436096216895959
test-94536,0.020461457574836223
test-94537,0.021323810157429905
test-94538,0.008630717759664112
test-94539,0.053640042393821544
test-9454,0.0074695565652233885
test-94540,0.014058117722296754
test-94541,0.021896516076611156
test-94542,0.08003083037374147
test-94543,0.04810952922636696
test-94544,0.015921907898062318
test-94545,0.10466980317581549
test-94546,0.13291942329404471
test-94547,0.033016048032079824
test-94548,0.039207404165087015
test-94549,0.021913001559337057
test-9455,0.023924792180713247
test-94550,0.13919012465966588
test-94551,0.011321527247038473
test-94552,0.021746913609607916
test-94553,0.02329967027699233
test-94554,0.008041072569280796
test-94555,0.05400256287771402
test-94556,0.06390585972311909
test-94557,0.02324792024093774
test-94558,0.016222188369263424
test-94559,0.1367436879082619
test-9456,0.01740937372853922
test-94560,0.0846182167635542
test-94561,0.020184049019556536
test-94562,0.16578215929902318
test-94563,0.039240974045048053
test-94564,0.009792915787615217
test-94565,0.01722996633232228
test-94566,0.016683802406242686
test-94567,0.034462792400414846
test-94568,0.008737940595581101
test-94569,0.02695036692577566
test-9457,0.009236858182187875
test-94570,0.028906233881294794
test-94571,0.03534276286509768
test-94572,0.029036464521828283
test-94573,0.2757074132295775
test-94574,0.0073539577626740875
test-94575,0.07799433853261355
test-94576,0.0320896081012541
test-94577,0.10982912173452977
test-94578,0.021983166719729906
test-94579,0.19610937666629946
test-9458,0.04763254925215421
test-94580,0.013850380678310927
test-94581,0.11776695304079193
test-94582,0.022404422333338236
test-94583,0.015071673794358986
test-94584,0.011030138218203044
test-94585,0.02386688582125813
test-94586,0.017385706411654323
test-94587,0.24626502443537032
test-94588,0.08110413393213176
test-94589,0.024002282330869602
test-9459,0.011075035954201886
test-94590,0.018242833628021118
test-94591,0.022531734882921844
test-94592,0.1323255887846668
test-94593,0.0708289779666321
test-94594,0.016735947010919256
test-94595,0.022944535181318705
test-94596,0.03846857559428109
test-94597,0.00871125540909954
test-94598,0.09856205402312573
test-94599,0.048102902201164865
test-946,0.36336236004260664
test-9460,0.17203056153425067
test-94600,0.08661128354520885
test-94601,0.015692729499937646
test-94602,0.08399910834342644
test-94603,0.014922833192260176
test-94604,0.2643130381465077
test-94605,0.018162253226394174
test-94606,0.06669212771384633
test-94607,0.042850243232253594
test-94608,0.02003843258395867
test-94609,0.09918670594829126
test-9461,0.02228694875624149
test-94610,0.06054080139302787
test-94611,0.04465091658069474
test-94612,0.012135910559707879
test-94613,0.00831841778191277
test-94614,0.041677538891465304
test-94615,0.03792901334906878
test-94616,0.03522437727606236
test-94617,0.015377153007901058
test-94618,0.03066049258566402
test-94619,0.016952816171203724
test-9462,0.20981796039580317
test-94620,0.0141990066872304
test-94621,0.21778124563948414
test-94622,0.02063169373853889
test-94623,0.01515485963345386
test-94624,0.18716507567384438
test-94625,0.018411217860845014
test-94626,0.018507149234957353
test-94627,0.0199552157236789
test-94628,0.04028238724731242
test-94629,0.019210268972704354
test-9463,0.00786143432684117
test-94630,0.028530283488646887
test-94631,0.01195323632646472
test-94632,0.009868400487265443
test-94633,0.01612323151695285
test-94634,0.025251710093719192
test-94635,0.029939962074001417
test-94636,0.23245895106697037
test-94637,0.10297383562619986
test-94638,0.16009522057897432
test-94639,0.020522159368811656
test-9464,0.03317357571672344
test-94640,0.013203544039375119
test-94641,0.09860381645007209
test-94642,0.011022562633746256
test-94643,0.017735768580413678
test-94644,0.03536191111159958
test-94645,0.010143921448943157
test-94646,0.019431311178788494
test-94647,0.014536182139838094
test-94648,0.026049551436693224
test-94649,0.01391392818204722
test-9465,0.011285386479440466
test-94650,0.009205503872741154
test-94651,0.014787931087789394
test-94652,0.019495370561241256
test-94653,0.019928384331973224
test-94654,0.021066061688485772
test-94655,0.017309526622522747
test-94656,0.011031375736941717
test-94657,0.010762990640158282
test-94658,0.0706450205873816
test-94659,0.012672529599874418
test-9466,0.0182569670974275
test-94660,0.012076315942641934
test-94661,0.13774157405628287
test-94662,0.011836477000202739
test-94663,0.15657140493135377
test-94664,0.029494816239960128
test-94665,0.01279044186198074
test-94666,0.035099864578655125
test-94667,0.04259334055201377
test-94668,0.016246305772196133
test-94669,0.017275239043944426
test-9467,0.05339307069340168
test-94670,0.024589077612100156
test-94671,0.01147819579155948
test-94672,0.014639547795696923
test-94673,0.08227846911830587
test-94674,0.00861244464304051
test-94675,0.12654342528268078
test-94676,0.021865609432450285
test-94677,0.3328253372369291
test-94678,0.006235727174248072
test-94679,0.011346514995229814
test-9468,0.16410771953741973
test-94680,0.0944500804819671
test-94681,0.04178353274684924
test-94682,0.020660145628377893
test-94683,0.007517341261507403
test-94684,0.17839559737897584
test-94685,0.018550704498415064
test-94686,0.031546051914641694
test-94687,0.010121196218715342
test-94688,0.010839181511600732
test-94689,0.04049860151896432
test-9469,0.016697967954844645
test-94690,0.03194127965795964
test-94691,0.025686675572836458
test-94692,0.016900579432292295
test-94693,0.13775918575813118
test-94694,0.021897757146381508
test-94695,0.03957797408190487
test-94696,0.04930849626186339
test-94697,0.00885648901840985
test-94698,0.017784828409473978
test-94699,0.009303318890616688
test-947,0.04132834336534978
test-9470,0.23775266167065087
test-94700,0.019165858833581545
test-94701,0.017247980600876525
test-94702,0.0407224374969349
test-94703,0.13330546216135206
test-94704,0.017101028369529
test-94705,0.034462792400414846
test-94706,0.029778034879541795
test-94707,0.17185157229200457
test-94708,0.042233444403842975
test-94709,0.009883207207340289
test-9471,0.012166338787977474
test-94710,0.1537244738259854
test-94711,0.026462482419158197
test-94712,0.12807308166085984
test-94713,0.024314623461797386
test-94714,0.14765657314827385
test-94715,0.020225279408882583
test-94716,0.22930312807600844
test-94717,0.1620230009064579
test-94718,0.034588131608900105
test-94719,0.13513861898426763
test-9472,0.016394328576076526
test-94720,0.014224628363960623
test-94721,0.11378069649606996
test-94722,0.016201917604517446
test-94723,0.020339745295560333
test-94724,0.01781682172758263
test-94725,0.16465379238486721
test-94726,0.009160252336922024
test-94727,0.08091840458510943
test-94728,0.1813122299777698
test-94729,0.03240758764689325
test-9473,0.09985649801372733
test-94730,0.03496290838635531
test-94731,0.020811375723703368
test-94732,0.011173691066246001
test-94733,0.012188035328161002
test-94734,0.03399579462370202
test-94735,0.02021542480508046
test-94736,0.20741739953789612
test-94737,0.006770409685400097
test-94738,0.016435295258697732
test-94739,0.058809939081793106
test-9474,0.0846182167635542
test-94740,0.022022932627505716
test-94741,0.2397405010827239
test-94742,0.019100114768243946
test-94743,0.03514691567230319
test-94744,0.08829856781851238
test-94745,0.07926436005869393
test-94746,0.012426157344124058
test-94747,0.15145663345832264
test-94748,0.01256583675661244
test-94749,0.26905772254220034
test-9475,0.030981328726897406
test-94750,0.1924710142383095
test-94751,0.08169436924911629
test-94752,0.01655371471808132
test-94753,0.013131820067274274
test-94754,0.015989585271544374
test-94755,0.027704177436145207
test-94756,0.016198775056661858
test-94757,0.016150995546186635
test-94758,0.01815211180056994
test-94759,0.01612046444204702
test-9476,0.04132170996886885
test-94760,0.02262508129306749
test-94761,0.1358470193872078
test-94762,0.036592687707977335
test-94763,0.03763448139013755
test-94764,0.012828373069885655
test-94765,0.03336678828208712
test-94766,0.13919012465966588
test-94767,0.18595374328700767
test-94768,0.045769076743944745
test-94769,0.06249781544059876
test-9477,0.12734892181441665
test-94770,0.04953858611954152
test-94771,0.04443671135857918
test-94772,0.018364256421671186
test-94773,0.009644095471519582
test-94774,0.028227181196959057
test-94775,0.00968280271003302
test-94776,0.0938535787540949
test-94777,0.036707861314655234
test-94778,0.019183213432133427
test-94779,0.03167934419100977
test-9478,0.07984600052248031
test-94780,0.11923441911388306
test-94781,0.022315194592163044
test-94782,0.020858624249653863
test-94783,0.03558490301932406
test-94784,0.10982298593036625
test-94785,0.0271937693982774
test-94786,0.028812300436277444
test-94787,0.05988845877665389
test-94788,0.04252105837468247
test-94789,0.07358006529068213
test-9479,0.050415637044265625
test-94790,0.16719764790334235
test-94791,0.12933414241096766
test-94792,0.02408639459011046
test-94793,0.1285727876993293
test-94794,0.03777418067477202
test-94795,0.11106288748706931
test-94796,0.016262454317031383
test-94797,0.011899956690595324
test-94798,0.014540154873623373
test-94799,0.10835856222014105
test-948,0.07958009128105223
test-9480,0.09860381645007209
test-94800,0.036415278558449116
test-94801,0.01454473834414496
test-94802,0.04058164976012682
test-94803,0.019236044730594048
test-94804,0.014606832165642208
test-94805,0.008796791667217457
test-94806,0.07227831266361488
test-94807,0.01675029780943129
test-94808,0.009644095471519582
test-94809,0.0638061060051986
test-9481,0.12342256757328142
test-94810,0.10966957447908621
test-94811,0.019628866705333318
test-94812,0.014577426496579466
test-94813,0.20671483053357298
test-94814,0.016160909900064323
test-94815,0.02242728861624252
test-94816,0.013147977060712458
test-94817,0.2476423997227982
test-94818,0.12663596937894922
test-94819,0.01031768825564351
test-9482,0.09865143086310076
test-94820,0.0322560369895652
test-94821,0.023536548698654253
test-94822,0.010742631689708614
test-94823,0.10202275932713735
test-94824,0.04018267056370139
test-94825,0.013131820067274274
test-94826,0.009452219876291447
test-94827,0.019829349837190865
test-94828,0.018579224752609293
test-94829,0.11210797185058795
test-9483,0.006370383227728452
test-94830,0.034462792400414846
test-94831,0.040532793689842556
test-94832,0.017784828409473978
test-94833,0.05417793673858467
test-94834,0.022202113684852007
test-94835,0.08013992888105673
test-94836,0.0319438666442105
test-94837,0.034462792400414846
test-94838,0.021264799040577712
test-94839,0.06521653204409428
test-9484,0.020496323152607653
test-94840,0.016701863153058473
test-94841,0.1527874770117558
test-94842,0.03261036775083422
test-94843,0.013459440227213806
test-94844,0.031573277611457166
test-94845,0.03410599255746144
test-94846,0.03882752823214941
test-94847,0.019027674301522208
test-94848,0.0141990066872304
test-94849,0.01362647110392373
test-9485,0.007634496471041943
test-94850,0.1652993959232653
test-94851,0.036409164610795616
test-94852,0.015913328806206443
test-94853,0.10375828482337635
test-94854,0.027196825730237004
test-94855,0.01683291428578336
test-94856,0.019641518275486738
test-94857,0.1299318130293085
test-94858,0.008752148507865445
test-94859,0.052127731414079705
test-9486,0.0614373067702331
test-94860,0.04078329293202293
test-94861,0.008365489260478634
test-94862,0.028938232911909622
test-94863,0.07799581320734257
test-94864,0.011418911103766052
test-94865,0.05916309888007679
test-94866,0.022881773139201436
test-94867,0.019594913099032583
test-94868,0.012408488380209732
test-94869,0.05850319094739505
test-9487,0.18151999846535985
test-94870,0.19391261682361802
test-94871,0.009428282777960996
test-94872,0.0379445694270098
test-94873,0.011515784692565645
test-94874,0.01696669749292088
test-94875,0.013017746069170121
test-94876,0.03187384740371219
test-94877,0.018121930563261095
test-94878,0.019641273103219874
test-94879,0.3025912017556498
test-9488,0.205311824389797
test-94880,0.017818745969957382
test-94881,0.15207666263163636
test-94882,0.02659821452640631
test-94883,0.0282569362081705
test-94884,0.1270790521474067
test-94885,0.010336274115147885
test-94886,0.02221427953172114
test-94887,0.04927214784405232
test-94888,0.11771482347136968
test-94889,0.022026939303195818
test-9489,0.024030361625636622
test-94890,0.025992353871990375
test-94891,0.06303829682219526
test-94892,0.041367546057492745
test-94893,0.3931904274043215
test-94894,0.01111042730816973
test-94895,0.1304874298622346
test-94896,0.0722809330481831
test-94897,0.017484378571887994
test-94898,0.0260438042292772
test-94899,0.2510722366457488
test-949,0.014378713685646399
test-9490,0.04748375834682779
test-94900,0.013908302384841028
test-94901,0.01836490731418884
test-94902,0.010745448128978348
test-94903,0.008142237945368974
test-94904,0.024919441094911312
test-94905,0.015224312249784357
test-94906,0.013879614093078998
test-94907,0.03196270842114395
test-94908,0.010463413149435026
test-94909,0.01774717374527413
test-9491,0.14212798763130552
test-94910,0.00887709608893385
test-94911,0.020052376757667488
test-94912,0.011267814213392346
test-94913,0.18879567313053996
test-94914,0.13632491504128827
test-94915,0.03225141895502698
test-94916,0.012314683742205445
test-94917,0.0776688999117048
test-94918,0.015616290434739792
test-94919,0.01074635737178932
test-9492,0.12819412947753134
test-94920,0.017275562534453528
test-94921,0.12208468452405816
test-94922,0.010202299175626968
test-94923,0.021241475118106083
test-94924,0.10473515578331055
test-94925,0.014233135795178153
test-94926,0.017581197789718946
test-94927,0.03311182819892391
test-94928,0.013160678807354307
test-94929,0.018368208641024574
test-9493,0.09865143086310076
test-94930,0.021182530144938566
test-94931,0.13584648180255504
test-94932,0.04510806307545311
test-94933,0.016175145797447207
test-94934,0.0593826181154118
test-94935,0.026504465180117016
test-94936,0.026571547993799516
test-94937,0.018474630525910748
test-94938,0.028422684100626427
test-94939,0.019282984525144174
test-9494,0.052683516906653204
test-94940,0.03676945177464837
test-94941,0.051545647103505045
test-94942,0.02061349538904076
test-94943,0.024093681886029446
test-94944,0.016160909900064323
test-94945,0.01564549637547756
test-94946,0.021997464586635547
test-94947,0.01306085147339229
test-94948,0.01647870846103355
test-94949,0.011385186335865567
test-9495,0.06803412447426488
test-94950,0.018842617221499654
test-94951,0.014003437494623575
test-94952,0.03902561739495662
test-94953,0.017101028369529
test-94954,0.1387564677932596
test-94955,0.04209202271879923
test-94956,0.029157884093007114
test-94957,0.029303311016338575
test-94958,0.01975319372295596
test-94959,0.03205085587825792
test-9496,0.1445129320937979
test-94960,0.011221215706232444
test-94961,0.07604118848536097
test-94962,0.01892609365875652
test-94963,0.007951617407491823
test-94964,0.02152747802973418
test-94965,0.043590032340565896
test-94966,0.011091288370096201
test-94967,0.35332675763330407
test-94968,0.09967505524039096
test-94969,0.007354020886726843
test-9497,0.19632024349265403
test-94970,0.2868342432363889
test-94971,0.02646647661006601
test-94972,0.19391261682361802
test-94973,0.012032823408876367
test-94974,0.03369826406244696
test-94975,0.013414864622922547
test-94976,0.0197092789850962
test-94977,0.012584950955687528
test-94978,0.2492271005648227
test-94979,0.028774654736953113
test-9498,0.010631173229706537
test-94980,0.051894889982113605
test-94981,0.054792269951921116
test-94982,0.0334400103173621
test-94983,0.010102777878832585
test-94984,0.1251636510011609
test-94985,0.011261310686448714
test-94986,0.032814403831597054
test-94987,0.011109548141637636
test-94988,0.10587281456982668
test-94989,0.04121120186936141
test-9499,0.11278269856595932
test-94990,0.02566409627853916
test-94991,0.027444447183030542
test-94992,0.1783379137104707
test-94993,0.014481323887116945
test-94994,0.018480074460694933
test-94995,0.024478096212878168
test-94996,0.16389686144280036
test-94997,0.038376537548150305
test-94998,0.0318229739543378
test-94999,0.021040873891020342
test-95,0.22975395770348
test-950,0.06368229781882588
test-9500,0.07499445235019374
test-95000,0.10812230317096443
test-95001,0.012942735812613413
test-95002,0.019217457397288085
test-95003,0.039564150289884574
test-95004,0.017396935738540325
test-95005,0.02109276190073658
test-95006,0.03777418067477202
test-95007,0.011181020410393842
test-95008,0.1202929505252351
test-95009,0.016160909900064323
test-9501,0.26912000965027455
test-95010,0.01147819579155948
test-95011,0.010948002620202601
test-95012,0.02854849984762291
test-95013,0.07550562189259082
test-95014,0.014662566426978413
test-95015,0.03095060843748231
test-95016,0.020345706401599543
test-95017,0.02153889203377591
test-95018,0.025933464629957693
test-95019,0.04703492369249568
test-9502,0.08003083037374147
test-95020,0.06665440376181883
test-95021,0.03322423139636153
test-95022,0.02293707787200678
test-95023,0.02144971397734203
test-95024,0.23265311592715776
test-95025,0.026935245228286813
test-95026,0.03957797408190487
test-95027,0.017523878107937076
test-95028,0.14599136452382497
test-95029,0.16367436070990146
test-9503,0.014804232705564413
test-95030,0.04475351461529831
test-95031,0.020381435966627663
test-95032,0.016843076190873045
test-95033,0.008439447590813146
test-95034,0.16695447271917302
test-95035,0.10120458563137698
test-95036,0.011920798159450382
test-95037,0.02078191143681649
test-95038,0.07896917855603469
test-95039,0.028277848795343924
test-9504,0.09506086662881946
test-95040,0.018201516535568504
test-95041,0.019266145932857248
test-95042,0.019642251760113468
test-95043,0.020503571694792645
test-95044,0.013856406398449614
test-95045,0.022463076712642808
test-95046,0.050796069061986686
test-95047,0.0102921656876595
test-95048,0.06579973773995604
test-95049,0.020328435407761913
test-9505,0.027084976995276032
test-95050,0.037658600636406254
test-95051,0.030438663169736545
test-95052,0.4021017899220894
test-95053,0.17311696897717396
test-95054,0.23819405723148399
test-95055,0.04985891931803819
test-95056,0.02397027866270563
test-95057,0.07441116926380623
test-95058,0.07896917855603469
test-95059,0.16695447271917302
test-9506,0.1742904939192468
test-95060,0.0323662676965952
test-95061,0.27809674039768184
test-95062,0.1114321387475614
test-95063,0.011750911323112935
test-95064,0.07896917855603469
test-95065,0.09446315721702897
test-95066,0.00943182662075909
test-95067,0.015134569986125506
test-95068,0.011797867878666029
test-95069,0.029101521791940928
test-9507,0.10455177298381327
test-95070,0.11444679724255302
test-95071,0.0147329039352118
test-95072,0.030573724313234314
test-95073,0.12796851635119139
test-95074,0.007915852708647877
test-95075,0.043300803714591864
test-95076,0.010052015532407362
test-95077,0.03257117610559542
test-95078,0.020231431184625722
test-95079,0.010038229195142991
test-9508,0.06354854880714779
test-95080,0.017388010601174876
test-95081,0.11628910825839112
test-95082,0.022405896868094015
test-95083,0.06818340873221408
test-95084,0.14928289879624207
test-95085,0.013122004901560938
test-95086,0.010153319893423276
test-95087,0.06002808759277198
test-95088,0.03517554983071838
test-95089,0.01240335734769959
test-9509,0.12205503404616953
test-95090,0.022689377655505754
test-95091,0.1805154619281404
test-95092,0.017719355149768044
test-95093,0.02206799553251007
test-95094,0.15984489638363583
test-95095,0.02939471256372986
test-95096,0.2836331306421779
test-95097,0.21476820275525302
test-95098,0.017661279113103195
test-95099,0.019282984525144174
test-951,0.15461493609690177
test-9510,0.010117341058279921
test-95100,0.02345640162071482
test-95101,0.034479997223566254
test-95102,0.13258469755966548
test-95103,0.009461553684584335
test-95104,0.009856048698316251
test-95105,0.02466778318205838
test-95106,0.09459023001880597
test-95107,0.01611093954665897
test-95108,0.13886597334476372
test-95109,0.0505089655618671
test-9511,0.12857746671648884
test-95110,0.17698002637497992
test-95111,0.033090003765741324
test-95112,0.025992353871990375
test-95113,0.03810745848360462
test-95114,0.00979400015685793
test-95115,0.012797768152158998
test-95116,0.10757965550500094
test-95117,0.30902669917001296
test-95118,0.09877063124272716
test-95119,0.009075037938511438
test-9512,0.054527705425753914
test-95120,0.35526955159039475
test-95121,0.06358731198892938
test-95122,0.012468946781444513
test-95123,0.01933237193624914
test-95124,0.22548340648747944
test-95125,0.0073274572032032415
test-95126,0.0203539526822755
test-95127,0.04630887946350651
test-95128,0.2694772604528095
test-95129,0.008368702869650683
test-9513,0.17645226684991447
test-95130,0.12234948265238164
test-95131,0.008101651822637085
test-95132,0.018076335002029938
test-95133,0.020974208005372023
test-95134,0.1566040152619037
test-95135,0.020470299082059468
test-95136,0.06613128233036399
test-95137,0.032850981322865604
test-95138,0.12648294896614123
test-95139,0.011752362280644644
test-9514,0.21337422672967152
test-95140,0.015629128177419183
test-95141,0.04867194689260261
test-95142,0.08676426786931425
test-95143,0.0369036053846707
test-95144,0.041964611655461045
test-95145,0.00987341747251935
test-95146,0.025987572611213768
test-95147,0.04696314538863104
test-95148,0.02250498232986426
test-95149,0.01479045904874158
test-9515,0.00896837963773207
test-95150,0.062335148864845154
test-95151,0.023319753689141035
test-95152,0.00898360268782502
test-95153,0.028909992298334103
test-95154,0.006861867483530507
test-95155,0.03594857078563703
test-95156,0.011652705084421608
test-95157,0.1607520696149263
test-95158,0.33512003909941135
test-95159,0.18768080160665587
test-9516,0.12460507488050093
test-95160,0.07915128792609821
test-95161,0.013110190746634106
test-95162,0.07973965277242508
test-95163,0.0320795242384941
test-95164,0.022539219922531602
test-95165,0.018919593253776026
test-95166,0.022650191226500565
test-95167,0.012685061787029522
test-95168,0.014648937997445445
test-95169,0.032151107158654296
test-9517,0.026034673898786644
test-95170,0.07616511772215831
test-95171,0.03104765948515378
test-95172,0.006219090003841039
test-95173,0.02427524686165325
test-95174,0.07901800437289425
test-95175,0.011374594655167198
test-95176,0.018985821438623575
test-95177,0.18114757255006078
test-95178,0.008506017850637005
test-95179,0.12654342528268078
test-9518,0.06837716154279296
test-95180,0.012573478909515289
test-95181,0.031942097460329555
test-95182,0.15828076382808087
test-95183,0.012922445535390159
test-95184,0.12913253738235023
test-95185,0.03931360704410113
test-95186,0.020184049019556536
test-95187,0.010972614644285028
test-95188,0.009446872536829147
test-95189,0.06198792362392408
test-9519,0.13850302858830313
test-95190,0.2492271005648227
test-95191,0.02346539063387721
test-95192,0.13822783436769276
test-95193,0.014080232656244744
test-95194,0.14331794686375438
test-95195,0.03427747901925157
test-95196,0.035662916408563
test-95197,0.006856404142306307
test-95198,0.02404313757905684
test-95199,0.13661828975724338
test-952,0.04252105837468247
test-9520,0.023374882898582052
test-95200,0.10016106950207247
test-95201,0.0158216430330518
test-95202,0.014390477085816452
test-95203,0.23648406452513301
test-95204,0.20762732894651464
test-95205,0.007588443171496511
test-95206,0.03486415065020565
test-95207,0.01022734029857616
test-95208,0.014799505540203388
test-95209,0.23076773391380379
test-9521,0.04752349945170929
test-95210,0.03266914805128745
test-95211,0.07851896097445257
test-95212,0.03296463230113959
test-95213,0.0073178603575994455
test-95214,0.03046065167152152
test-95215,0.02779299020465487
test-95216,0.013002560800735107
test-95217,0.021042058785937758
test-95218,0.02056254214182074
test-95219,0.010083409092237972
test-9522,0.03206773502611107
test-95220,0.013881275195578968
test-95221,0.06488970365469104
test-95222,0.016438707203413474
test-95223,0.021577746592835352
test-95224,0.021675228152868858
test-95225,0.010196066518519007
test-95226,0.03339245289717983
test-95227,0.030254820075968886
test-95228,0.056475386465893694
test-95229,0.02712544296643584
test-9523,0.0645274049968738
test-95230,0.017402078311977768
test-95231,0.198591314957286
test-95232,0.014668705154324781
test-95233,0.01615378516887216
test-95234,0.04310579250370948
test-95235,0.02436531142295488
test-95236,0.007046299100528817
test-95237,0.2982918593838789
test-95238,0.021355805790685592
test-95239,0.009816043634626745
test-9524,0.08704283640060481
test-95240,0.05318798506098278
test-95241,0.04767163151649542
test-95242,0.03486415065020565
test-95243,0.12905416235180933
test-95244,0.012108415826169098
test-95245,0.1482061344236648
test-95246,0.02081399844216322
test-95247,0.007131642640957148
test-95248,0.17470232435447172
test-95249,0.018920047831508184
test-9525,0.12174186406206293
test-95250,0.07799581320734257
test-95251,0.021645777103615586
test-95252,0.013144144762115282
test-95253,0.022799750976969735
test-95254,0.02372289305257482
test-95255,0.2341136877260131
test-95256,0.029464430150035102
test-95257,0.017900439087955217
test-95258,0.031214006053895765
test-95259,0.019494095274232074
test-9526,0.020067974937003158
test-95260,0.01093931933567086
test-95261,0.047568442819313585
test-95262,0.2762573639321851
test-95263,0.08676426786931425
test-95264,0.019726577534961123
test-95265,0.03623203370543726
test-95266,0.020687851181157867
test-95267,0.022374925438071347
test-95268,0.17261752591391524
test-95269,0.008426867250585838
test-9527,0.2522682757654695
test-95270,0.08465925472443607
test-95271,0.03643735154385581
test-95272,0.0498984526006687
test-95273,0.07662257732263189
test-95274,0.047197227917049535
test-95275,0.02258659821495574
test-95276,0.011374594655167198
test-95277,0.09339499387833253
test-95278,0.40921802526285
test-95279,0.013754142314695426
test-9528,0.04357781632285972
test-95280,0.1790496365560841
test-95281,0.009220469343462507
test-95282,0.2219376481294501
test-95283,0.01667627631501256
test-95284,0.27293552399391935
test-95285,0.03562798081380685
test-95286,0.03194127965795964
test-95287,0.006910319992020435
test-95288,0.007824187713530278
test-95289,0.042909453291858
test-9529,0.024994305106437187
test-95290,0.016161047610986235
test-95291,0.043260584180770376
test-95292,0.08656138497525494
test-95293,0.12440224057934549
test-95294,0.009404774869157893
test-95295,0.06449076202883439
test-95296,0.018116439634752093
test-95297,0.008737940595581101
test-95298,0.013444946971638425
test-95299,0.05600566446119194
test-953,0.029464430150035102
test-9530,0.06703381766231165
test-95300,0.013375420929342295
test-95301,0.014133404469037634
test-95302,0.049747799193684376
test-95303,0.03827021750493955
test-95304,0.02653300057092141
test-95305,0.04816951984754196
test-95306,0.009541041906449648
test-95307,0.014593951462694597
test-95308,0.021680426991290556
test-95309,0.036409164610795616
test-9531,0.01122697263509579
test-95310,0.0047757403559164704
test-95311,0.021577746592835352
test-95312,0.15600702101292194
test-95313,0.011368858770429008
test-95314,0.07249413638081818
test-95315,0.018046447437608564
test-95316,0.022151939369022294
test-95317,0.047876163089954175
test-95318,0.02652706420564947
test-95319,0.03364034052066517
test-9532,0.008101321866556679
test-95320,0.010669040970391638
test-95321,0.022869236764764694
test-95322,0.020094110329857452
test-95323,0.021939680957815098
test-95324,0.026573036685805806
test-95325,0.05487776745599645
test-95326,0.018323371809772775
test-95327,0.012138647860096222
test-95328,0.006872667425661669
test-95329,0.02055607859142553
test-9533,0.03265395696177097
test-95330,0.021874571120701625
test-95331,0.07270163841092878
test-95332,0.07305911273342602
test-95333,0.014390435141183296
test-95334,0.03646208218144012
test-95335,0.0072430692816219415
test-95336,0.008940824532284513
test-95337,0.026822817409935088
test-95338,0.006284408215893204
test-95339,0.00847587889989762
test-9534,0.0670790260003221
test-95340,0.06981702566993575
test-95341,0.0905869632991712
test-95342,0.034092254460002046
test-95343,0.07896917855603469
test-95344,0.030431448139541368
test-95345,0.015681184739320828
test-95346,0.21572175707943242
test-95347,0.08091840458510943
test-95348,0.012162290143860093
test-95349,0.020184049019556536
test-9535,0.011924757985993942
test-95350,0.013651011010130812
test-95351,0.03428316928593152
test-95352,0.01071999890877113
test-95353,0.10555171736870349
test-95354,0.012364869938628315
test-95355,0.02213612792658753
test-95356,0.2348288773432676
test-95357,0.01397675103601954
test-95358,0.01315143927729211
test-95359,0.1437804057606403
test-9536,0.0179922235944473
test-95360,0.01519524321004887
test-95361,0.20297071390452898
test-95362,0.1503660491378806
test-95363,0.013848572851861475
test-95364,0.022374925438071347
test-95365,0.024715364458064562
test-95366,0.019027674301522208
test-95367,0.06390585972311909
test-95368,0.045624472756909215
test-95369,0.020717121923132104
test-9537,0.05339307069340168
test-95370,0.16948764875643343
test-95371,0.01859345267652639
test-95372,0.041842597471540795
test-95373,0.01691646074303034
test-95374,0.05569524512149207
test-95375,0.08029626219266082
test-95376,0.013341458467498775
test-95377,0.006989784677616683
test-95378,0.03529761408813264
test-95379,0.0081490171453915
test-9538,0.012574041827917718
test-95380,0.016150995546186635
test-95381,0.06769227346933265
test-95382,0.1597211270562477
test-95383,0.012828463588036777
test-95384,0.0850659560713155
test-95385,0.04702792825746079
test-95386,0.12721840174292554
test-95387,0.07503946124773335
test-95388,0.14765657314827385
test-95389,0.015344789295609063
test-9539,0.23046102761686243
test-95390,0.050634925512219243
test-95391,0.05400256287771402
test-95392,0.020308730024928834
test-95393,0.008649074284065986
test-95394,0.0861915504119661
test-95395,0.15844139835805696
test-95396,0.010581781220013079
test-95397,0.017351822803110734
test-95398,0.0636492766324679
test-95399,0.029824383185309424
test-954,0.017864169099328035
test-9540,0.03279383142053629
test-95400,0.026973893402946075
test-95401,0.05585382395571438
test-95402,0.009154938317533024
test-95403,0.20004951330933027
test-95404,0.008591114418953213
test-95405,0.012002438034314953
test-95406,0.11421121889389671
test-95407,0.25559389283524714
test-95408,0.04166386701592093
test-95409,0.016047577320813102
test-9541,0.07363242591127117
test-95410,0.04412836065445919
test-95411,0.019202936151591472
test-95412,0.10472438173564085
test-95413,0.01670769675026215
test-95414,0.2246135813726367
test-95415,0.03269320704520948
test-95416,0.08345173351792848
test-95417,0.020422632471294666
test-95418,0.015753482860539524
test-95419,0.03538433492920554
test-9542,0.02777030079063068
test-95420,0.014572723371870834
test-95421,0.030688044770513838
test-95422,0.16695447271917302
test-95423,0.0172516846453715
test-95424,0.010293197285930077
test-95425,0.037340333885979494
test-95426,0.11620376548595909
test-95427,0.06196795032806334
test-95428,0.009391943721815217
test-95429,0.04396574427552093
test-9543,0.17056737353958626
test-95430,0.021736022979891252
test-95431,0.010588171376881384
test-95432,0.0669392073111586
test-95433,0.012263674714995492
test-95434,0.07736971131561239
test-95435,0.06769227346933265
test-95436,0.024592949539398955
test-95437,0.12716603939115922
test-95438,0.012111381268208852
test-95439,0.37312655576213777
test-9544,0.09435854111353265
test-95440,0.01552973407478621
test-95441,0.021897757146381508
test-95442,0.015177193228578464
test-95443,0.32940031742774223
test-95444,0.10814173130541326
test-95445,0.013136347688721812
test-95446,0.10063323211350811
test-95447,0.08775952518568782
test-95448,0.009178300187326793
test-95449,0.021359822700202685
test-9545,0.07701067936274231
test-95450,0.14183816084404824
test-95451,0.2526761658637946
test-95452,0.022089149078186064
test-95453,0.06908085803055669
test-95454,0.0648267804290141
test-95455,0.01519524321004887
test-95456,0.04460664823524676
test-95457,0.028779199325708403
test-95458,0.17417493926648653
test-95459,0.06951716442057558
test-9546,0.0669392073111586
test-95460,0.09582300665287817
test-95461,0.013718160524616363
test-95462,0.1534843082281338
test-95463,0.01074635737178932
test-95464,0.037814413516611106
test-95465,0.020557543060666456
test-95466,0.01126554273606734
test-95467,0.08196973207204497
test-95468,0.014247715723497622
test-95469,0.022866670692999476
test-9547,0.142963625690638
test-95470,0.011422014788160538
test-95471,0.03298844472500915
test-95472,0.01066251364764319
test-95473,0.13397644389344193
test-95474,0.1387564677932596
test-95475,0.30056668854197544
test-95476,0.011435130186626992
test-95477,0.021943156355399795
test-95478,0.020422632471294666
test-95479,0.0662318817755347
test-9548,0.09787796055403811
test-95480,0.007382050445964555
test-95481,0.016587830310022103
test-95482,0.013628959187246449
test-95483,0.02791508209750602
test-95484,0.01982731716904677
test-95485,0.01161165343600391
test-95486,0.12663596937894922
test-95487,0.15387588498445898
test-95488,0.006709522830867862
test-95489,0.0687732139720173
test-9549,0.12624676971341625
test-95490,0.016347931528438043
test-95491,0.1669876434460157
test-95492,0.07927271979270178
test-95493,0.009281196328523606
test-95494,0.011068253337298715
test-95495,0.08110580783035623
test-95496,0.011260140682667721
test-95497,0.07984600052248031
test-95498,0.14400082574935172
test-95499,0.011619965017151315
test-955,0.123817286149575
test-9550,0.026573845152717414
test-95500,0.08467651334279921
test-95501,0.01397675103601954
test-95502,0.02484513578821896
test-95503,0.029597164184308203
test-95504,0.032039855717219984
test-95505,0.10445713916924947
test-95506,0.2703604802001191
test-95507,0.10462696203266736
test-95508,0.01449642610480192
test-95509,0.010722247350078718
test-9551,0.20263269879204399
test-95510,0.014247715723497622
test-95511,0.15850658171742468
test-95512,0.018242833628021118
test-95513,0.022919235420054165
test-95514,0.013914927181364898
test-95515,0.019011054333485176
test-95516,0.07076227568602607
test-95517,0.05487776745599645
test-95518,0.01196575496877409
test-95519,0.023150618742046224
test-9552,0.08110413393213176
test-95520,0.012264069554110435
test-95521,0.010168770746508666
test-95522,0.12529905228316307
test-95523,0.019755158931153424
test-95524,0.025254577478130393
test-95525,0.011629676560138186
test-95526,0.06672429710069465
test-95527,0.01957212479103436
test-95528,0.10337957775768282
test-95529,0.09299145219543709
test-9553,0.15091382629515546
test-95530,0.025380421702262623
test-95531,0.15842633399671105
test-95532,0.013681359227705227
test-95533,0.08651277181365045
test-95534,0.07512180394517347
test-95535,0.12913253738235023
test-95536,0.010343014613739295
test-95537,0.01456798924451902
test-95538,0.011915342082579017
test-95539,0.04153880125718977
test-9554,0.008321276698211005
test-95540,0.015843328163891498
test-95541,0.007764180895029008
test-95542,0.26905772254220034
test-95543,0.02634727467210032
test-95544,0.02400831745600117
test-95545,0.05339307069340168
test-95546,0.01878937036296915
test-95547,0.01749138381696771
test-95548,0.05420696106458327
test-95549,0.01291611913673784
test-9555,0.07390275571633138
test-95550,0.1279919559874527
test-95551,0.02247169137191558
test-95552,0.02071968059036691
test-95553,0.023719416224524482
test-95554,0.027394933693694033
test-95555,0.013338261024701776
test-95556,0.013315878570840677
test-95557,0.03729688039644991
test-95558,0.11610404571560451
test-95559,0.02650822621708219
test-9556,0.02186982125030712
test-95560,0.040036434232552064
test-95561,0.09086776527987242
test-95562,0.011005398602143788
test-95563,0.01700697063035707
test-95564,0.027799334005636073
test-95565,0.018206343377268303
test-95566,0.08030447100758971
test-95567,0.015464844067314583
test-95568,0.022840744924929247
test-95569,0.13838467064907242
test-9557,0.02276985426139151
test-95570,0.054714662025570675
test-95571,0.009379571220005656
test-95572,0.011491840532684908
test-95573,0.03820101486051544
test-95574,0.2816031368114811
test-95575,0.015846828952143642
test-95576,0.05400256287771402
test-95577,0.09220406976238195
test-95578,0.05339307069340168
test-95579,0.03784625075359009
test-9558,0.2870230782197666
test-95580,0.13389751395435187
test-95581,0.19688276429024384
test-95582,0.1554399738066749
test-95583,0.025539205775786927
test-95584,0.009644095471519582
test-95585,0.05339307069340168
test-95586,0.3368445885509592
test-95587,0.25279627954557343
test-95588,0.011629002059917903
test-95589,0.08774067934282935
test-9559,0.01328717660624145
test-95590,0.02903173574017854
test-95591,0.01809222765640777
test-95592,0.020721294058133617
test-95593,0.09961749069329504
test-95594,0.25561895904408594
test-95595,0.05214258980351847
test-95596,0.009653567640757844
test-95597,0.2754241825800075
test-95598,0.10750743386050496
test-95599,0.03073513439067872
test-956,0.05849542928708646
test-9560,0.1686148430426842
test-95600,0.021897757146381508
test-95601,0.011242951009948638
test-95602,0.01772650430622155
test-95603,0.046378792275559036
test-95604,0.03871266070130833
test-95605,0.11257650808253714
test-95606,0.018688091245625715
test-95607,0.05339307069340168
test-95608,0.023976781395626586
test-95609,0.03486415065020565
test-9561,0.035762680574615124
test-95610,0.09778847494641088
test-95611,0.017922818588565714
test-95612,0.07799433853261355
test-95613,0.020982787513930384
test-95614,0.045466800163904066
test-95615,0.020422632471294666
test-95616,0.008263443152343876
test-95617,0.02123463675442396
test-95618,0.02252923146976596
test-95619,0.04885943578402749
test-9562,0.15965449062459794
test-95620,0.14019608138645961
test-95621,0.20945988529066562
test-95622,0.016000186169256535
test-95623,0.02482689799194556
test-95624,0.045110687006028605
test-95625,0.014476998172198715
test-95626,0.03826561652209589
test-95627,0.052400742545345665
test-95628,0.03636791212551209
test-95629,0.006840923327523685
test-9563,0.21484822532882428
test-95630,0.024855608306072377
test-95631,0.02653300057092141
test-95632,0.03188431460522936
test-95633,0.14413605851348468
test-95634,0.040289599534845774
test-95635,0.011411791418998951
test-95636,0.17988847804433203
test-95637,0.14939112598813328
test-95638,0.01627648663247234
test-95639,0.00763971041298273
test-9564,0.4021017899220894
test-95640,0.035172817869625686
test-95641,0.005078866034441631
test-95642,0.023931462417564713
test-95643,0.055701138240299326
test-95644,0.0464565077536391
test-95645,0.019077727543699873
test-95646,0.014052728228875912
test-95647,0.12663596937894922
test-95648,0.024368834240967977
test-95649,0.020785413051632375
test-9565,0.03957797408190487
test-95650,0.008969455267787644
test-95651,0.008581341450804065
test-95652,0.02266035220245591
test-95653,0.01944283362461508
test-95654,0.017784828409473978
test-95655,0.016885287257782655
test-95656,0.014639547795696923
test-95657,0.019282984525144174
test-95658,0.012145665550794492
test-95659,0.015221621935298786
test-9566,0.18986537087467417
test-95660,0.011536816126114114
test-95661,0.010112002899341877
test-95662,0.2530352586716679
test-95663,0.020175839025803565
test-95664,0.09634025038348075
test-95665,0.0462488835769643
test-95666,0.014416694227417362
test-95667,0.01943986747308439
test-95668,0.009665283629225878
test-95669,0.011043185786845468
test-9567,0.010488942741287812
test-95670,0.0866004474548296
test-95671,0.00887709608893385
test-95672,0.31519264485908316
test-95673,0.009306354628214686
test-95674,0.010918335201384076
test-95675,0.013444946971638425
test-95676,0.017576109142852472
test-95677,0.01816361769542049
test-95678,0.033768622357462384
test-95679,0.13775918575813118
test-9568,0.056584390746822685
test-95680,0.19746808239801525
test-95681,0.00894284119850126
test-95682,0.018793528868791896
test-95683,0.1569101712672522
test-95684,0.27213408849789567
test-95685,0.021707599935848376
test-95686,0.030460776679603386
test-95687,0.0174016335534161
test-95688,0.019319981759766344
test-95689,0.024089816283982938
test-9569,0.19391261682361802
test-95690,0.15725955998609595
test-95691,0.048758961588395364
test-95692,0.02166153123738014
test-95693,0.03394517755049771
test-95694,0.15350576449020312
test-95695,0.00887709608893385
test-95696,0.010908761904852862
test-95697,0.059299126206302115
test-95698,0.033429029043917396
test-95699,0.09461053780887678
test-957,0.009644095471519582
test-9570,0.011633341915944465
test-95700,0.01642731998202158
test-95701,0.041675933137286646
test-95702,0.025986836669595628
test-95703,0.017600195588547675
test-95704,0.023198068481741014
test-95705,0.01277027854306127
test-95706,0.015285611002361192
test-95707,0.1508126009690024
test-95708,0.031719140826544895
test-95709,0.022793413152147543
test-9571,0.3409585166182975
test-95710,0.23719662773810765
test-95711,0.015970643122442146
test-95712,0.009525852300538649
test-95713,0.13844485831116107
test-95714,0.24457563176064923
test-95715,0.09435854111353265
test-95716,0.01186737610897006
test-95717,0.012583118811183224
test-95718,0.028706226013823364
test-95719,0.022018944565738205
test-9572,0.028231343595340297
test-95720,0.14867380007005868
test-95721,0.01696989090848381
test-95722,0.036289544906171214
test-95723,0.027704177436145207
test-95724,0.01397212325067908
test-95725,0.10272990166473804
test-95726,0.3267316099443742
test-95727,0.022185549664788584
test-95728,0.26091946260026466
test-95729,0.015532090939904899
test-9573,0.1825164326875617
test-95730,0.0485878436549376
test-95731,0.01495287669708539
test-95732,0.02669190366696835
test-95733,0.006901098780154846
test-95734,0.015372129517491508
test-95735,0.01933573239661757
test-95736,0.010377005565016738
test-95737,0.01893743511703441
test-95738,0.010516476968927784
test-95739,0.01338815030197134
test-9574,0.0749588299774694
test-95740,0.014563999805566514
test-95741,0.011661747430504594
test-95742,0.09459068185173361
test-95743,0.009444362168257838
test-95744,0.01617736220757489
test-95745,0.011171684817864626
test-95746,0.02779380223213587
test-95747,0.021043930731765113
test-95748,0.187348490246373
test-95749,0.012308391162981417
test-9575,0.014220289889919344
test-95750,0.03376238721335045
test-95751,0.26487458386896234
test-95752,0.0719008207612156
test-95753,0.02550195005373595
test-95754,0.02198209077012276
test-95755,0.026040405474379993
test-95756,0.011082051018715226
test-95757,0.0669392073111586
test-95758,0.10144530999811625
test-95759,0.21152671102326018
test-9576,0.1730419742356773
test-95760,0.02856185154758504
test-95761,0.148840082485034
test-95762,0.061577899304617906
test-95763,0.019714063705103778
test-95764,0.03291411129376766
test-95765,0.04575644105451376
test-95766,0.18318741581606987
test-95767,0.15334600017947764
test-95768,0.24504997068684825
test-95769,0.01406468109525656
test-9577,0.015866804333469375
test-95770,0.13313038964418036
test-95771,0.011623878872009798
test-95772,0.047117101027690296
test-95773,0.02455898569444718
test-95774,0.02874157781611735
test-95775,0.07695291279502887
test-95776,0.06866260127631668
test-95777,0.009564801761602647
test-95778,0.00986692341770471
test-95779,0.015368249270255832
test-9578,0.09332873264947827
test-95780,0.025000124793107942
test-95781,0.027952197883794272
test-95782,0.061577899304617906
test-95783,0.18297456144711646
test-95784,0.013879614093078998
test-95785,0.05180929559897299
test-95786,0.15496377164466835
test-95787,0.011181020410393842
test-95788,0.008983746185132039
test-95789,0.010101390654017538
test-9579,0.019198776042380954
test-95790,0.019769992326914735
test-95791,0.020855758442417757
test-95792,0.03626047340713657
test-95793,0.011165923494816052
test-95794,0.008827877718493523
test-95795,0.010823358649941982
test-95796,0.031443908432831215
test-95797,0.14307666458884022
test-95798,0.009775905006707617
test-95799,0.040687588009503554
test-958,0.026822817409935088
test-9580,0.06295860368448064
test-95800,0.023962829675054854
test-95801,0.10924941642907492
test-95802,0.01644045830363919
test-95803,0.01347314442013163
test-95804,0.011699930313654617
test-95805,0.05158444069593174
test-95806,0.010803952635551999
test-95807,0.010823358649941982
test-95808,0.21416113724898386
test-95809,0.028927218593552274
test-9581,0.02424455288895962
test-95810,0.027074256659109095
test-95811,0.014369124316855688
test-95812,0.06804425800119882
test-95813,0.02655423808669583
test-95814,0.017987499803425285
test-95815,0.015986843897799835
test-95816,0.01213298158083581
test-95817,0.016020232182825667
test-95818,0.008029326362355045
test-95819,0.16011254428595756
test-9582,0.022775791565872658
test-95820,0.24512997658174893
test-95821,0.005583107526398765
test-95822,0.03286706721810988
test-95823,0.014392492571633825
test-95824,0.012637857763808859
test-95825,0.05999274839596244
test-95826,0.05145636772153039
test-95827,0.034462792400414846
test-95828,0.08676426786931425
test-95829,0.02424455288895962
test-9583,0.0942844095469266
test-95830,0.020847301171439226
test-95831,0.11975749230295724
test-95832,0.08646582555188921
test-95833,0.017658083363345022
test-95834,0.06259100480523434
test-95835,0.030781103620546018
test-95836,0.020857165140828277
test-95837,0.015172575751863043
test-95838,0.04756843297600798
test-95839,0.009251591272054332
test-9584,0.2337777298170147
test-95840,0.014008075504383237
test-95841,0.20751344363740382
test-95842,0.007950148580566092
test-95843,0.051619898882456196
test-95844,0.01147819579155948
test-95845,0.014606832165642208
test-95846,0.01656240409186109
test-95847,0.059354856111864245
test-95848,0.01147819579155948
test-95849,0.040532793689842556
test-9585,0.06694821273777606
test-95850,0.0664472380472926
test-95851,0.03180782271215807
test-95852,0.008294708815077503
test-95853,0.11310127369341519
test-95854,0.04478818767892403
test-95855,0.3148819190324408
test-95856,0.009911654554493981
test-95857,0.08797173349022741
test-95858,0.009479963239895388
test-95859,0.1878712792752655
test-9586,0.02537791633039902
test-95860,0.01964482901761268
test-95861,0.009139558305311064
test-95862,0.1484991704506998
test-95863,0.13731171035429612
test-95864,0.024313125753048427
test-95865,0.022673538532609398
test-95866,0.009643941529102664
test-95867,0.13773212906300417
test-95868,0.025020522459078695
test-95869,0.27809674039768184
test-9587,0.044179972783737705
test-95870,0.15663575163854518
test-95871,0.0172516846453715
test-95872,0.039221951970138176
test-95873,0.24056619489427739
test-95874,0.014623885793460552
test-95875,0.015931148983899912
test-95876,0.014979558071951253
test-95877,0.08706840302176809
test-95878,0.010458891117949638
test-95879,0.010494522582037098
test-9588,0.08247892905164905
test-95880,0.02575613878856525
test-95881,0.02102836935412256
test-95882,0.02408559314327268
test-95883,0.010742631689708614
test-95884,0.01007096200189574
test-95885,0.011011313132027663
test-95886,0.07893578358257261
test-95887,0.03405921120208494
test-95888,0.029085026622415956
test-95889,0.010750255070365774
test-9589,0.01981374736730972
test-95890,0.025676258588029573
test-95891,0.010706585862269266
test-95892,0.2097282955517113
test-95893,0.010831946932794522
test-95894,0.1144415927204505
test-95895,0.054633775252004996
test-95896,0.010228645579641916
test-95897,0.02315715731965797
test-95898,0.01667627631501256
test-95899,0.07300415700059695
test-959,0.04506983851865861
test-9590,0.018720141612454593
test-95900,0.03605421018361057
test-95901,0.1619801414013033
test-95902,0.01187522510878402
test-95903,0.011392937053266057
test-95904,0.021707009647085367
test-95905,0.1508126009690024
test-95906,0.011385186335865567
test-95907,0.059838116367697335
test-95908,0.01022525212749118
test-95909,0.010777838022096907
test-9591,0.02281004628583411
test-95910,0.021426206805656402
test-95911,0.02622456810676881
test-95912,0.01761104038722151
test-95913,0.20674059617269075
test-95914,0.03826952323281959
test-95915,0.012802485445717592
test-95916,0.010922563486814944
test-95917,0.1533893764122547
test-95918,0.022155446674461246
test-95919,0.03185243136377257
test-9592,0.29766466898683636
test-95920,0.07851896097445257
test-95921,0.018290525220486017
test-95922,0.02171444482255657
test-95923,0.015616290434739792
test-95924,0.017533523634030237
test-95925,0.01039779339978416
test-95926,0.1181286767609115
test-95927,0.34453727187201566
test-95928,0.02381228557544519
test-95929,0.1828463275527846
test-9593,0.15872759680530107
test-95930,0.03031289208457089
test-95931,0.021429125364641415
test-95932,0.2817941499319887
test-95933,0.09456466912495104
test-95934,0.0669392073111586
test-95935,0.05062446233154681
test-95936,0.05608161125235809
test-95937,0.021330371378452343
test-95938,0.04030120108882087
test-95939,0.016689137530504414
test-9594,0.16671317744177552
test-95940,0.022619339652891625
test-95941,0.007864687884397694
test-95942,0.04173973196516767
test-95943,0.03935727650015864
test-95944,0.2697507449282824
test-95945,0.1972677119891174
test-95946,0.006653150127563184
test-95947,0.08811255899828314
test-95948,0.011118584980184311
test-95949,0.009525852300538649
test-9595,0.028379171092922834
test-95950,0.018842384463703
test-95951,0.05003697088968722
test-95952,0.1273512340100343
test-95953,0.012850701472529867
test-95954,0.010030021297919101
test-95955,0.1462114526699837
test-95956,0.012608977413394357
test-95957,0.03385354714391495
test-95958,0.011836477000202739
test-95959,0.011683562578179102
test-9596,0.019040631451241342
test-95960,0.08552922123988486
test-95961,0.008903150160112939
test-95962,0.014371662010114477
test-95963,0.02417205269658116
test-95964,0.07896917855603469
test-95965,0.11147055338952265
test-95966,0.15016670914245578
test-95967,0.06845179840037012
test-95968,0.018978425061163772
test-95969,0.10016106950207247
test-9597,0.016798735287981082
test-95970,0.008940824532284513
test-95971,0.01682723486590833
test-95972,0.014633772720185883
test-95973,0.20957637490407566
test-95974,0.01574529676808787
test-95975,0.03052024061051306
test-95976,0.05048950559907285
test-95977,0.04179826187005982
test-95978,0.01617315629107247
test-95979,0.009529331813504347
test-9598,0.31553613987216894
test-95980,0.027148040969383867
test-95981,0.019011054333485176
test-95982,0.029299804921689907
test-95983,0.02052778816307898
test-95984,0.011086368710002842
test-95985,0.026685084217038735
test-95986,0.018121329837784386
test-95987,0.020164007917954356
test-95988,0.013286167086740335
test-95989,0.01740994791531964
test-9599,0.04321640035487399
test-95990,0.11586359312041768
test-95991,0.015532090939904899
test-95992,0.030781103620546018
test-95993,0.029908283861302135
test-95994,0.014603607413795081
test-95995,0.02621895501975446
test-95996,0.01046061960682334
test-95997,0.0853103464573093
test-95998,0.20440866014295925
test-95999,0.04028725635423433
test-96,0.03888208619242015
test-960,0.03231425484253889
test-9600,0.011673706146491767
test-96000,0.012586078286295209
test-96001,0.0697299395492704
test-96002,0.1773217180440074
test-96003,0.04019021680370059
test-96004,0.09642983236597022
test-96005,0.20346000914932336
test-96006,0.035847890138916524
test-96007,0.03754852017104971
test-96008,0.019780143595890632
test-96009,0.04247980001859572
test-9601,0.00887401265246504
test-96010,0.014826703789645164
test-96011,0.07688998464081212
test-96012,0.024759460489126323
test-96013,0.009640755666874943
test-96014,0.012501785027208428
test-96015,0.024121828159429953
test-96016,0.0193591525646486
test-96017,0.015921907898062318
test-96018,0.1651864756404595
test-96019,0.01479045904874158
test-9602,0.2814812133872207
test-96020,0.018270750393293386
test-96021,0.18289000293961402
test-96022,0.021575569373963596
test-96023,0.07305911273342602
test-96024,0.022764255740042913
test-96025,0.010654884745288858
test-96026,0.0230774050246095
test-96027,0.03999612281848788
test-96028,0.14975350778870897
test-96029,0.03058311523129881
test-9603,0.0274730402682135
test-96030,0.03609783483951046
test-96031,0.15646959284995937
test-96032,0.06802592855081176
test-96033,0.051295515880848665
test-96034,0.009546053570412195
test-96035,0.008017767523462746
test-96036,0.026372372374516787
test-96037,0.03991427570930743
test-96038,0.019233433091557773
test-96039,0.029110667160968915
test-9604,0.01734339194779329
test-96040,0.199871974219655
test-96041,0.021059527731341773
test-96042,0.02813012789324282
test-96043,0.015986843897799835
test-96044,0.012922445535390159
test-96045,0.13707009653458946
test-96046,0.04373711918564511
test-96047,0.010320673674506993
test-96048,0.010447761461312122
test-96049,0.013738621553052971
test-9605,0.04320827882961964
test-96050,0.04400907852588145
test-96051,0.030755259014961907
test-96052,0.019027674301522208
test-96053,0.015188783787459262
test-96054,0.17645226684991447
test-96055,0.0496981473874399
test-96056,0.0458072514441397
test-96057,0.031093445163793088
test-96058,0.01827183421695758
test-96059,0.03611663395578433
test-9606,0.015209584523836481
test-96060,0.03486415065020565
test-96061,0.028107040470451962
test-96062,0.013772449892618114
test-96063,0.13727830078472306
test-96064,0.013444946971638425
test-96065,0.016541712099766258
test-96066,0.05137318370943843
test-96067,0.006919996346792034
test-96068,0.12456179376616706
test-96069,0.09526063506268198
test-9607,0.14154259017015605
test-96070,0.12796851635119139
test-96071,0.010031276531528261
test-96072,0.007624628117751953
test-96073,0.08096110748823805
test-96074,0.00963481058457427
test-96075,0.21470217841633524
test-96076,0.2815433892420855
test-96077,0.013821651665601902
test-96078,0.07697994855409546
test-96079,0.1916617237574908
test-9608,0.05499661619932856
test-96080,0.07736971131561239
test-96081,0.02721758007930798
test-96082,0.013661636577303285
test-96083,0.07451964661182599
test-96084,0.20671483053357298
test-96085,0.1671189937187633
test-96086,0.01644443832879783
test-96087,0.009529886591518155
test-96088,0.030690429230251847
test-96089,0.016494245533451666
test-9609,0.1579308231207709
test-96090,0.007801876307845878
test-96091,0.01518312444971554
test-96092,0.013756000559599121
test-96093,0.039086452581574595
test-96094,0.03650091853130915
test-96095,0.032454620124079694
test-96096,0.014561595977396728
test-96097,0.06985273735581055
test-96098,0.02201198148565956
test-96099,0.01395283741851263
test-961,0.07305911273342602
test-9610,0.32985878395277024
test-96100,0.03863457501919529
test-96101,0.06765000050118707
test-96102,0.05359602151310946
test-96103,0.011964797965792563
test-96104,0.23995332625188925
test-96105,0.011012400800629808
test-96106,0.06803412447426488
test-96107,0.02046071993453077
test-96108,0.016862132406263847
test-96109,0.1900258626328395
test-9611,0.018935449145893544
test-96110,0.016983598904626855
test-96111,0.06983136155849988
test-96112,0.047811318241765904
test-96113,0.009928707470995125
test-96114,0.06769227346933265
test-96115,0.01195029983783485
test-96116,0.0163680677762537
test-96117,0.015100034317330417
test-96118,0.0076923280727946
test-96119,0.016270184024423318
test-9612,0.01865467362830827
test-96120,0.01598346177726185
test-96121,0.03211277025086865
test-96122,0.011440252629237837
test-96123,0.023716031332003003
test-96124,0.06085602628873899
test-96125,0.017422171493215285
test-96126,0.01689406766450815
test-96127,0.03423504377417892
test-96128,0.1110381747189948
test-96129,0.019027674301522208
test-9613,0.07941130601687801
test-96130,0.022223680843141393
test-96131,0.14247028702173103
test-96132,0.0075368781880173
test-96133,0.017375498787785673
test-96134,0.02614751933300332
test-96135,0.1939836262784484
test-96136,0.0242368306054827
test-96137,0.0319999086119956
test-96138,0.020847301171439226
test-96139,0.14731260315779665
test-9614,0.08835956907755617
test-96140,0.0306874942978367
test-96141,0.016222690210280024
test-96142,0.026795316287520896
test-96143,0.00735778313667198
test-96144,0.01066251364764319
test-96145,0.013661636577303285
test-96146,0.02046323567396794
test-96147,0.012127715670341996
test-96148,0.04029259848140183
test-96149,0.010161758589401966
test-9615,0.10681014921061696
test-96150,0.02186907447946838
test-96151,0.1518742339003932
test-96152,0.025212649226830253
test-96153,0.059354856111864245
test-96154,0.14587659855316176
test-96155,0.07896917855603469
test-96156,0.013434900950470216
test-96157,0.0178371585733518
test-96158,0.011196794005503902
test-96159,0.07013717606758778
test-9616,0.03924164416182728
test-96160,0.026249090924039643
test-96161,0.02060907819941271
test-96162,0.12892894738187646
test-96163,0.019929527716261063
test-96164,0.04782124733866527
test-96165,0.11378154905890729
test-96166,0.010226863944705018
test-96167,0.030757738365489562
test-96168,0.021658277786438283
test-96169,0.009449272723756131
test-9617,0.021961603967698806
test-96170,0.05339307069340168
test-96171,0.011343925675067566
test-96172,0.05339307069340168
test-96173,0.1619621227789073
test-96174,0.010064841726770945
test-96175,0.04880779628099093
test-96176,0.020884078299088463
test-96177,0.034875457747988434
test-96178,0.017939289178680744
test-96179,0.13785704571392932
test-9618,0.010006406177672957
test-96180,0.0974151282440965
test-96181,0.030037088671631133
test-96182,0.02391753014989002
test-96183,0.21248900229101697
test-96184,0.1521103761092742
test-96185,0.024572137012346267
test-96186,0.07849629510780698
test-96187,0.03262413693744255
test-96188,0.08181116950240602
test-96189,0.09385687147552296
test-9619,0.007867649941042745
test-96190,0.010819249757287144
test-96191,0.027654911543038695
test-96192,0.01815319105133168
test-96193,0.1272630915704413
test-96194,0.04455879549956729
test-96195,0.06003309886001127
test-96196,0.021425228068602906
test-96197,0.021571099657733572
test-96198,0.027331676450878053
test-96199,0.07519128415364888
test-962,0.07546319256754891
test-9620,0.2738354585056015
test-96200,0.02307744622290715
test-96201,0.015499451200918276
test-96202,0.15178878683028116
test-96203,0.010210355472142826
test-96204,0.007785501302675856
test-96205,0.021554632027473774
test-96206,0.01187522510878402
test-96207,0.01597275452069705
test-96208,0.01026917100739405
test-96209,0.009852807965425068
test-9621,0.03268478283490472
test-96210,0.03585535466148271
test-96211,0.07956050422753999
test-96212,0.009986287309360192
test-96213,0.02102540415043014
test-96214,0.020473155100345482
test-96215,0.023720103917896466
test-96216,0.01147819579155948
test-96217,0.0930583426536686
test-96218,0.1752741761729011
test-96219,0.020175839025803565
test-9622,0.04543218729562028
test-96220,0.012265006933754928
test-96221,0.027446690673463517
test-96222,0.01782497264547724
test-96223,0.05339307069340168
test-96224,0.011030138218203044
test-96225,0.01496514926629776
test-96226,0.021744024206521197
test-96227,0.026424429060477466
test-96228,0.02977945558148747
test-96229,0.010967055381852817
test-9623,0.07321696923519597
test-96230,0.007261479888225027
test-96231,0.010841879131908327
test-96232,0.024137776886887997
test-96233,0.01773944678865784
test-96234,0.044543828971914175
test-96235,0.022059614102506037
test-96236,0.020630296037363254
test-96237,0.1154185689981596
test-96238,0.022828561512603613
test-96239,0.028051270252709225
test-9624,0.05542603227334069
test-96240,0.01682544362855599
test-96241,0.2921408309036412
test-96242,0.25593802991418413
test-96243,0.025126498781136673
test-96244,0.0109946734378876
test-96245,0.10073366785673998
test-96246,0.01421948476979049
test-96247,0.3032406349743543
test-96248,0.026766671253864335
test-96249,0.03042703036649815
test-9625,0.033225969978668536
test-96250,0.13789967507468318
test-96251,0.007110999917079172
test-96252,0.05208457129373567
test-96253,0.02126634195268447
test-96254,0.12712093426728782
test-96255,0.04475351461529831
test-96256,0.15089778980394616
test-96257,0.2556726201739256
test-96258,0.04638962429777619
test-96259,0.017533523634030237
test-9626,0.18510894826840313
test-96260,0.2668059882119189
test-96261,0.11605750684178578
test-96262,0.009501418558876843
test-96263,0.011653918396143055
test-96264,0.02236737310937202
test-96265,0.008028265009533813
test-96266,0.2057644359635646
test-96267,0.0687732139720173
test-96268,0.08046310382999218
test-96269,0.02869652639209735
test-9627,0.11466053320799016
test-96270,0.028764526117268947
test-96271,0.012084274732838221
test-96272,0.09969341073406893
test-96273,0.04927703323897579
test-96274,0.2891647895704211
test-96275,0.012059379896954355
test-96276,0.01999514913159943
test-96277,0.02929427817452281
test-96278,0.009395635629308287
test-96279,0.010343014613739295
test-9628,0.025235830113559482
test-96280,0.10180618396364317
test-96281,0.06102500976367663
test-96282,0.03823727353995165
test-96283,0.020710945913849886
test-96284,0.061577899304617906
test-96285,0.03274792237453
test-96286,0.02874157781611735
test-96287,0.1275369698913916
test-96288,0.01637697474636509
test-96289,0.3157820864407048
test-9629,0.07732600778362593
test-96290,0.41338463643058293
test-96291,0.1724129472657298
test-96292,0.005904383612208283
test-96293,0.045012128982405177
test-96294,0.022374925438071347
test-96295,0.17689296255786954
test-96296,0.023109386571570727
test-96297,0.014702731521594545
test-96298,0.016347931528438043
test-96299,0.03355724863031385
test-963,0.020843854109014966
test-9630,0.08275667143941255
test-96300,0.012735384704847617
test-96301,0.02038093430553686
test-96302,0.007944118695506985
test-96303,0.01771081809340238
test-96304,0.14764221766486055
test-96305,0.020221850721717657
test-96306,0.11171694082223506
test-96307,0.07999009573824209
test-96308,0.11588378706714349
test-96309,0.020373107639746646
test-9631,0.16774772875701977
test-96310,0.01651903834870193
test-96311,0.010083085105058637
test-96312,0.013426451734377051
test-96313,0.03397804312203971
test-96314,0.086601960838891
test-96315,0.030162510632415707
test-96316,0.07204666695032214
test-96317,0.08370390197716536
test-96318,0.032949275415549005
test-96319,0.02989508827153429
test-9632,0.13705356536849142
test-96320,0.21317597339404037
test-96321,0.19703553009051028
test-96322,0.02816496862718364
test-96323,0.05127863121339774
test-96324,0.17168494713524252
test-96325,0.016900579432292295
test-96326,0.0696966647892903
test-96327,0.025781019491216833
test-96328,0.02262851192043021
test-96329,0.09935030145420644
test-9633,0.12456179376616706
test-96330,0.14050915938473812
test-96331,0.020374074902290602
test-96332,0.034209536963935305
test-96333,0.023020487833250038
test-96334,0.007734098592148918
test-96335,0.019068218231081225
test-96336,0.02243067367129903
test-96337,0.019027674301522208
test-96338,0.015177193228578464
test-96339,0.017733098023642365
test-9634,0.20552926028615875
test-96340,0.016378536108696072
test-96341,0.017086370118263357
test-96342,0.025818967738267237
test-96343,0.076181040955055
test-96344,0.05015468531813707
test-96345,0.29355834921402396
test-96346,0.0136339043289398
test-96347,0.20418291543600056
test-96348,0.29783505180107683
test-96349,0.036216149670636265
test-9635,0.08003083037374147
test-96350,0.14464499518225263
test-96351,0.011569200491172804
test-96352,0.1457140108598141
test-96353,0.013588788558209382
test-96354,0.0246396753211182
test-96355,0.03376238721335045
test-96356,0.1368321145500669
test-96357,0.025426753146457867
test-96358,0.019371150124532378
test-96359,0.08116007585228192
test-9636,0.05185608449732835
test-96360,0.016317801232185083
test-96361,0.08513750676251504
test-96362,0.01621191039666196
test-96363,0.012114628089616001
test-96364,0.06781862534291655
test-96365,0.036536524220852226
test-96366,0.013375420929342295
test-96367,0.014940824892728568
test-96368,0.18813364365777788
test-96369,0.01427320883151026
test-9637,0.13133730017575915
test-96370,0.012649968801626924
test-96371,0.036536524220852226
test-96372,0.0814039811611357
test-96373,0.02369359037302396
test-96374,0.011631265022642036
test-96375,0.009080496364890236
test-96376,0.20981796039580317
test-96377,0.02620809583266436
test-96378,0.011459529652898414
test-96379,0.028422684100626427
test-9638,0.10135147787955867
test-96380,0.024749238794340253
test-96381,0.019282984525144174
test-96382,0.12571719997453007
test-96383,0.13919012465966588
test-96384,0.04628394360678018
test-96385,0.006167785079284786
test-96386,0.027143343099504308
test-96387,0.015483872616013484
test-96388,0.014371662010114477
test-96389,0.15193491197001294
test-9639,0.01584372645416383
test-96390,0.023277908522282037
test-96391,0.020184049019556536
test-96392,0.03494710551141526
test-96393,0.10497954309961367
test-96394,0.010494522582037098
test-96395,0.04102418653832696
test-96396,0.006982779756623047
test-96397,0.03205350516532733
test-96398,0.22496053534124394
test-96399,0.1152015462400605
test-964,0.00839003382170794
test-9640,0.15222197896457298
test-96400,0.015809941473297267
test-96401,0.02424455288895962
test-96402,0.01811912624167169
test-96403,0.02466996734082849
test-96404,0.025933207143511695
test-96405,0.009033183392974639
test-96406,0.17536977878458251
test-96407,0.2382365304298463
test-96408,0.24677072325832064
test-96409,0.011245324025381424
test-9641,0.06687591078501293
test-96410,0.10987987019521728
test-96411,0.2326441813185484
test-96412,0.007590240423586719
test-96413,0.03573682232808523
test-96414,0.09608313660904913
test-96415,0.010200987040162273
test-96416,0.051390356168179614
test-96417,0.04992602504619911
test-96418,0.12030087902482614
test-96419,0.07896917855603469
test-9642,0.12854397954154456
test-96420,0.011374594655167198
test-96421,0.03263469040064984
test-96422,0.013560829054626933
test-96423,0.036280960268652664
test-96424,0.020858368552647014
test-96425,0.04602469978889783
test-96426,0.23319741032283992
test-96427,0.027802238468958258
test-96428,0.015823850882751535
test-96429,0.07854015100686865
test-9643,0.015597536861054586
test-96430,0.2724252661967489
test-96431,0.03267249503769631
test-96432,0.015746739307303116
test-96433,0.016051649587928204
test-96434,0.03517554983071838
test-96435,0.021176670602333646
test-96436,0.008421010893725652
test-96437,0.13775918575813118
test-96438,0.01647870846103355
test-96439,0.023947127447690286
test-9644,0.15470989891931455
test-96440,0.006982779756623047
test-96441,0.017497715983446096
test-96442,0.019177328391482305
test-96443,0.008650850369918223
test-96444,0.03897666591629338
test-96445,0.043800687032732745
test-96446,0.011030138218203044
test-96447,0.023766118201954154
test-96448,0.0179682379162079
test-96449,0.017855340053890948
test-9645,0.04013806717842781
test-96450,0.32641958553279166
test-96451,0.02423757797379107
test-96452,0.08592132109463028
test-96453,0.03919983210605086
test-96454,0.12137033067599531
test-96455,0.015804451362063612
test-96456,0.03468407712702028
test-96457,0.009644095471519582
test-96458,0.01665359921116206
test-96459,0.2364824725462624
test-9646,0.02644032262912025
test-96460,0.025174567437646973
test-96461,0.011564641843761277
test-96462,0.15478187611674177
test-96463,0.014583200399097558
test-96464,0.07799433853261355
test-96465,0.05181144269851258
test-96466,0.04217079253901338
test-96467,0.14925187577868795
test-96468,0.019511129130500432
test-96469,0.02655107807474242
test-9647,0.02080584792327875
test-96470,0.018706727508961466
test-96471,0.2876309537929339
test-96472,0.03611663395578433
test-96473,0.011944647009507982
test-96474,0.016515546354808678
test-96475,0.05339307069340168
test-96476,0.03283338623029884
test-96477,0.024391629195563463
test-96478,0.013945210262681971
test-96479,0.034875457747988434
test-9648,0.19388889954147323
test-96480,0.008437990940666508
test-96481,0.03210560817513344
test-96482,0.00925803662767432
test-96483,0.016150995546186635
test-96484,0.023288354014552776
test-96485,0.06956124502773965
test-96486,0.02007133045260498
test-96487,0.11968659569561033
test-96488,0.19233895845505478
test-96489,0.014062047249237514
test-9649,0.1573062740177458
test-96490,0.023140640008556906
test-96491,0.01928974863725838
test-96492,0.1659069734330733
test-96493,0.03517554983071838
test-96494,0.020184710830033502
test-96495,0.03990481744902293
test-96496,0.06653473106783526
test-96497,0.04459475983417978
test-96498,0.011030138218203044
test-96499,0.010494522582037098
test-965,0.0692935195666986
test-9650,0.1377282098703598
test-96500,0.010639497346043726
test-96501,0.1824649998529378
test-96502,0.014412525180855642
test-96503,0.025103932853082156
test-96504,0.019825467611188925
test-96505,0.016161047610986235
test-96506,0.025315353954648435
test-96507,0.010388978101442018
test-96508,0.060354048287199875
test-96509,0.06576539516828055
test-9651,0.022877168817978893
test-96510,0.009644095471519582
test-96511,0.00846396275316471
test-96512,0.038733610644998334
test-96513,0.04090263166949769
test-96514,0.014721656057800889
test-96515,0.16981258722933182
test-96516,0.020435944047328285
test-96517,0.019375772059418962
test-96518,0.13775918575813118
test-96519,0.030261661253544965
test-9652,0.012492196347656085
test-96520,0.01800162602378908
test-96521,0.018294297196687688
test-96522,0.018761792589795514
test-96523,0.17777873310948805
test-96524,0.01464929390634418
test-96525,0.20280833974733295
test-96526,0.09673533330374554
test-96527,0.012584950955687528
test-96528,0.11016348075601297
test-96529,0.03421535620425166
test-9653,0.017197148339297995
test-96530,0.018562021883967657
test-96531,0.021037173801759367
test-96532,0.04301208359899352
test-96533,0.08742981472721043
test-96534,0.012246043169071217
test-96535,0.015921907898062318
test-96536,0.01587718534301663
test-96537,0.2265165000120242
test-96538,0.011928538681871914
test-96539,0.0627662781032825
test-9654,0.1689288097257411
test-96540,0.07453517116186206
test-96541,0.12910810347499574
test-96542,0.14013876779712633
test-96543,0.04688163618239434
test-96544,0.02858461891711301
test-96545,0.21489911827006877
test-96546,0.011043185786845468
test-96547,0.014087100618408179
test-96548,0.03983026847411825
test-96549,0.07343387627257876
test-9655,0.016737414113422396
test-96550,0.07154554671561687
test-96551,0.2827098911814237
test-96552,0.015807701271865007
test-96553,0.011495373230589138
test-96554,0.01634089692373384
test-96555,0.030446626453091884
test-96556,0.03020998762689438
test-96557,0.023153642315913887
test-96558,0.031209722188243326
test-96559,0.022826940420290327
test-9656,0.39180845450646423
test-96560,0.02553481269810192
test-96561,0.02274387081399894
test-96562,0.01887768022947444
test-96563,0.20171183542316112
test-96564,0.20100101521210817
test-96565,0.06492155167808945
test-96566,0.028388500531938168
test-96567,0.11406573607985475
test-96568,0.3779104797181301
test-96569,0.012942735812613413
test-9657,0.14141652199281468
test-96570,0.024268070276573413
test-96571,0.017999066753733407
test-96572,0.01397675103601954
test-96573,0.04541254298912758
test-96574,0.014540154873623373
test-96575,0.056363103630375146
test-96576,0.07896917855603469
test-96577,0.014675783144617061
test-96578,0.29036565809103787
test-96579,0.019282984525144174
test-9658,0.018043170022126725
test-96580,0.015230162152895787
test-96581,0.01128183174295199
test-96582,0.02238840517430027
test-96583,0.04055504891048824
test-96584,0.011359659525609973
test-96585,0.014622936338569656
test-96586,0.15490273446737707
test-96587,0.041964633090646485
test-96588,0.012959732270540121
test-96589,0.015592379578559037
test-9659,0.03070630323421714
test-96590,0.030377935316431154
test-96591,0.004440081688488836
test-96592,0.03033202375910433
test-96593,0.07844906365835043
test-96594,0.009624169486217608
test-96595,0.1797217611143289
test-96596,0.02809003257099463
test-96597,0.022388307864168462
test-96598,0.021717789549085723
test-96599,0.015021916472349368
test-966,0.019707743778586355
test-9660,0.13981050219924007
test-96600,0.012468946781444513
test-96601,0.0322560369895652
test-96602,0.009522156754080831
test-96603,0.03173766960390539
test-96604,0.013428843715478823
test-96605,0.06803412447426488
test-96606,0.05190941992566714
test-96607,0.009396226750012629
test-96608,0.01696241671681693
test-96609,0.04380199998027481
test-9661,0.2800668047816135
test-96610,0.0809804167056179
test-96611,0.11358708444246228
test-96612,0.007472119992026021
test-96613,0.1671122480298581
test-96614,0.026501332431334415
test-96615,0.02123631601776897
test-96616,0.006919377933664541
test-96617,0.010343890160074032
test-96618,0.022005469988263006
test-96619,0.021577746592835352
test-9662,0.0380808840074002
test-96620,0.03957797408190487
test-96621,0.012166004549037976
test-96622,0.021651511478663427
test-96623,0.026223785775408463
test-96624,0.011465152755054046
test-96625,0.17903313691415879
test-96626,0.04049860151896432
test-96627,0.03155358373482753
test-96628,0.01198063250967757
test-96629,0.010495418056502864
test-9663,0.11180824125921608
test-96630,0.0898586252144687
test-96631,0.1801604412253706
test-96632,0.022772503393287753
test-96633,0.016831170750321155
test-96634,0.006680928494208883
test-96635,0.008450642689614825
test-96636,0.07011749503372584
test-96637,0.014600619165259609
test-96638,0.09985649801372733
test-96639,0.013112702693462654
test-9664,0.11524596323312862
test-96640,0.017868227541174887
test-96641,0.15265821330908508
test-96642,0.05047219893730158
test-96643,0.017818357861835058
test-96644,0.012962765446716897
test-96645,0.018242833628021118
test-96646,0.018455224123358014
test-96647,0.03446253759755385
test-96648,0.22747278609314867
test-96649,0.019535524970281534
test-9665,0.059805895134255084
test-96650,0.0736151630862226
test-96651,0.41247203995860604
test-96652,0.1408899738761266
test-96653,0.1772292653578267
test-96654,0.016215474984152944
test-96655,0.04928865328355653
test-96656,0.012637857763808859
test-96657,0.00634072715990786
test-96658,0.011242951009948638
test-96659,0.0526892374520386
test-9666,0.22556948742162433
test-96660,0.13196458344162212
test-96661,0.03706631450689116
test-96662,0.018364256421671186
test-96663,0.01262724518272041
test-96664,0.014647983982185918
test-96665,0.01294899029332164
test-96666,0.0096102322006254
test-96667,0.018854692873201743
test-96668,0.015957443698623505
test-96669,0.1695535720987037
test-9667,0.015802475220380925
test-96670,0.03155796895407279
test-96671,0.022211469405128123
test-96672,0.023348696449364725
test-96673,0.027008994022990535
test-96674,0.13592702056816372
test-96675,0.01918362760595804
test-96676,0.021700944982932895
test-96677,0.018681551897731647
test-96678,0.14607841532027954
test-96679,0.15766944193297247
test-9668,0.06067922583551943
test-96680,0.03326765711220748
test-96681,0.010337310088291283
test-96682,0.02060042646588356
test-96683,0.004190379034869099
test-96684,0.04106048431419012
test-96685,0.02607754218411971
test-96686,0.021500424524520837
test-96687,0.018567006019032585
test-96688,0.05278388748134321
test-96689,0.03577083059303075
test-9669,0.06881306621223057
test-96690,0.015206593341336321
test-96691,0.07289959866881442
test-96692,0.031189105334535148
test-96693,0.011467637978683807
test-96694,0.12796851635119139
test-96695,0.020142415458133264
test-96696,0.17638408270805966
test-96697,0.008649074284065986
test-96698,0.012913762425895882
test-96699,0.01924365804199032
test-967,0.018025610758433102
test-9670,0.03180354503380203
test-96700,0.027266705203918936
test-96701,0.015002816330298601
test-96702,0.01774134411732555
test-96703,0.07229610243916984
test-96704,0.06054120734539058
test-96705,0.28342858034568236
test-96706,0.1831422691934372
test-96707,0.01905155201534954
test-96708,0.14436902353369874
test-96709,0.015361363948717186
test-9671,0.3013701130494979
test-96710,0.014647512756068473
test-96711,0.035004842897272424
test-96712,0.24734086464114224
test-96713,0.13473111397650483
test-96714,0.01903429978942429
test-96715,0.07059120341421213
test-96716,0.02245029938165897
test-96717,0.13929373744111032
test-96718,0.013393810507085447
test-96719,0.17431156528560707
test-9672,0.1543693773528168
test-96720,0.06613128233036399
test-96721,0.0246600924065113
test-96722,0.03007489516689247
test-96723,0.01611093954665897
test-96724,0.15984925797522326
test-96725,0.017101028369529
test-96726,0.01647870846103355
test-96727,0.11499449633472768
test-96728,0.01074635737178932
test-96729,0.02907831268546051
test-9673,0.047349725919880056
test-96730,0.012254015959164402
test-96731,0.009798451746371617
test-96732,0.20038763307567561
test-96733,0.009004012902157653
test-96734,0.09318246929726309
test-96735,0.020353618606922072
test-96736,0.009788604076452325
test-96737,0.02989678488662983
test-96738,0.013375316469297275
test-96739,0.08187084267526301
test-9674,0.1445444217818064
test-96740,0.0198831746110147
test-96741,0.12750472124348786
test-96742,0.014639547795696923
test-96743,0.2133523880700375
test-96744,0.018276762089160573
test-96745,0.07896917855603469
test-96746,0.013493305037169832
test-96747,0.049406038072641975
test-96748,0.0846182167635542
test-96749,0.012801525334975992
test-9675,0.07927060027538177
test-96750,0.010521540169582658
test-96751,0.03535814084141156
test-96752,0.20112113327776238
test-96753,0.15995249220446453
test-96754,0.05290716123966166
test-96755,0.015956764550169544
test-96756,0.022382403941902496
test-96757,0.010240463449236884
test-96758,0.020120200366265807
test-96759,0.07956050422753999
test-9676,0.11799364268060497
test-96760,0.23111391707992704
test-96761,0.035305816233863495
test-96762,0.01304164621052352
test-96763,0.05941263359941926
test-96764,0.010784989648336626
test-96765,0.023083091404387877
test-96766,0.019828277784809414
test-96767,0.06610950846185688
test-96768,0.013963965839221668
test-96769,0.009309036998174775
test-9677,0.06504088402299663
test-96770,0.006167785079284786
test-96771,0.13822908176125848
test-96772,0.10975400863798794
test-96773,0.025380421702262623
test-96774,0.010109344359751912
test-96775,0.018179501760754894
test-96776,0.012917198474633185
test-96777,0.017815983820611232
test-96778,0.009019432199058054
test-96779,0.018292203895294425
test-9678,0.01875298341531944
test-96780,0.019282984525144174
test-96781,0.19932886362089422
test-96782,0.008239216146182345
test-96783,0.027021011413094386
test-96784,0.010736866005587587
test-96785,0.03979876056775867
test-96786,0.022317518401531424
test-96787,0.025554039064241536
test-96788,0.012114474428779342
test-96789,0.010073682098688658
test-9679,0.15221873258211768
test-96790,0.03349259994186138
test-96791,0.012735384704847617
test-96792,0.018051294239719427
test-96793,0.21443809075824447
test-96794,0.02119650157415866
test-96795,0.18177995051525933
test-96796,0.0496981473874399
test-96797,0.013444946971638425
test-96798,0.32474929951501214
test-96799,0.01620202664341794
test-968,0.021158894719967205
test-9680,0.01816382862941814
test-96800,0.014412525180855642
test-96801,0.009546440519245122
test-96802,0.021913261666760015
test-96803,0.02607553978479456
test-96804,0.026017942455827617
test-96805,0.0070598213076608195
test-96806,0.0450381801010487
test-96807,0.0648267804290141
test-96808,0.028791374987153385
test-96809,0.03479531357520379
test-9681,0.15852555790297518
test-96810,0.1532456473275676
test-96811,0.04514656265047203
test-96812,0.03211277025086865
test-96813,0.019269354704169402
test-96814,0.03746508750620868
test-96815,0.023069525349226846
test-96816,0.020122503971605782
test-96817,0.025515590992120956
test-96818,0.008904086781215525
test-96819,0.0687732139720173
test-9682,0.013422002054203408
test-96820,0.03248768071183019
test-96821,0.1623699299644793
test-96822,0.04537079105692853
test-96823,0.012600883775650369
test-96824,0.04352273882163809
test-96825,0.06854068642831915
test-96826,0.03367642619335927
test-96827,0.02403168801781399
test-96828,0.020184049019556536
test-96829,0.024358822253385183
test-9683,0.013109563684942566
test-96830,0.03152456596856215
test-96831,0.024436599877155987
test-96832,0.05339307069340168
test-96833,0.10467319602053773
test-96834,0.11709868014142845
test-96835,0.01991562317273128
test-96836,0.007124388211309954
test-96837,0.2382458468517937
test-96838,0.016453372668573954
test-96839,0.16503503580434714
test-9684,0.2711320983445809
test-96840,0.23402114174315922
test-96841,0.007958216974185594
test-96842,0.011510739370640786
test-96843,0.014441209137399352
test-96844,0.029080171439010948
test-96845,0.01002655779864841
test-96846,0.12663596937894922
test-96847,0.028292411074917968
test-96848,0.013988443578645265
test-96849,0.008416174366456418
test-9685,0.014113480252141358
test-96850,0.016641255359992772
test-96851,0.12310831392725939
test-96852,0.05360175398896796
test-96853,0.07069203405818221
test-96854,0.2005884427856102
test-96855,0.015470545978072901
test-96856,0.02861979525321291
test-96857,0.1672250319711689
test-96858,0.010136427295569225
test-96859,0.03736008086454053
test-9686,0.10857891699391703
test-96860,0.06425892250021803
test-96861,0.011181020410393842
test-96862,0.022500890699324937
test-96863,0.021577746592835352
test-96864,0.23568663713073973
test-96865,0.023147414682380234
test-96866,0.011268218548333755
test-96867,0.03341847573915413
test-96868,0.21629524116913332
test-96869,0.030519606322790774
test-9687,0.2181125147860065
test-96870,0.11728951465626844
test-96871,0.0361625055271163
test-96872,0.008149002485368602
test-96873,0.017743390483632604
test-96874,0.015764196905254886
test-96875,0.0282569362081705
test-96876,0.054187190542364504
test-96877,0.020831486715102408
test-96878,0.021740891784233957
test-96879,0.026223785775408463
test-9688,0.12910810347499574
test-96880,0.03371709720556654
test-96881,0.01914797714714258
test-96882,0.010917411568217045
test-96883,0.07947411752721788
test-96884,0.16696100891292529
test-96885,0.03488528798509944
test-96886,0.011196794005503902
test-96887,0.02143657956524306
test-96888,0.06183208280215057
test-96889,0.01605972327408051
test-9689,0.018593974818864736
test-96890,0.015209584523836481
test-96891,0.1936070919770566
test-96892,0.015579169211249215
test-96893,0.02933053469875465
test-96894,0.020432119162443817
test-96895,0.023274603884243128
test-96896,0.028262881014631366
test-96897,0.025928340148960727
test-96898,0.023624612957714394
test-96899,0.04868518352482237
test-969,0.014521006997303184
test-9690,0.026217350151689908
test-96900,0.01497030504655433
test-96901,0.08817215171695508
test-96902,0.013636711878637435
test-96903,0.013160678807354307
test-96904,0.05459735105832561
test-96905,0.07097412885645901
test-96906,0.2137490213282956
test-96907,0.06501583413028736
test-96908,0.01156472143822965
test-96909,0.05440464699732164
test-9691,0.018729673059597687
test-96910,0.009699449519604449
test-96911,0.05003697088968722
test-96912,0.031945628876018775
test-96913,0.14643526227172335
test-96914,0.020496171024713142
test-96915,0.01584278651839674
test-96916,0.03470152183813945
test-96917,0.01721246237006265
test-96918,0.09335026436312446
test-96919,0.07444748750822425
test-9692,0.09649882684004954
test-96920,0.02912335805474075
test-96921,0.01134951644618476
test-96922,0.02045096304006704
test-96923,0.04380199998027481
test-96924,0.013749985535921563
test-96925,0.07655989652184074
test-96926,0.13734469311397798
test-96927,0.020464340041205252
test-96928,0.04514575663770887
test-96929,0.014600619165259609
test-9693,0.017842128209421392
test-96930,0.040170753932498075
test-96931,0.07154554671561687
test-96932,0.17645226684991447
test-96933,0.026295629183735948
test-96934,0.03210205459968188
test-96935,0.026822817409935088
test-96936,0.01530909720374399
test-96937,0.15912332914262023
test-96938,0.08228526612768974
test-96939,0.03510740261867029
test-9694,0.11019815415640653
test-96940,0.03832481989227147
test-96941,0.01330012918932975
test-96942,0.1873022915044524
test-96943,0.028523157072417045
test-96944,0.020871481161438225
test-96945,0.10135147787955867
test-96946,0.01712218192330015
test-96947,0.03142684381386346
test-96948,0.011778136989335518
test-96949,0.09095363519959088
test-9695,0.032462726655739016
test-96950,0.03451052847184725
test-96951,0.009429619365750956
test-96952,0.0069981036259064554
test-96953,0.06202052789898941
test-96954,0.021658277786438283
test-96955,0.026895596394338472
test-96956,0.09227018772729392
test-96957,0.024389007784616508
test-96958,0.0942807588711283
test-96959,0.008330643664849056
test-9696,0.05339307069340168
test-96960,0.034260269898947426
test-96961,0.06482333918136228
test-96962,0.008523297695770095
test-96963,0.10404125537587319
test-96964,0.024910280189486322
test-96965,0.04153240913730372
test-96966,0.10615703691921223
test-96967,0.01282939668070542
test-96968,0.07859197714629405
test-96969,0.01593572688059452
test-9697,0.40060631569286403
test-96970,0.08113438171760051
test-96971,0.010561959026239895
test-96972,0.05439221099810666
test-96973,0.01637697474636509
test-96974,0.016346092051036296
test-96975,0.0960649301636989
test-96976,0.037303072960307715
test-96977,0.007954314128910565
test-96978,0.35363634030897545
test-96979,0.016402601659729548
test-9698,0.061770512825011635
test-96980,0.015134569986125506
test-96981,0.022259302342958764
test-96982,0.010836008720193583
test-96983,0.0390531625053878
test-96984,0.008671630985482966
test-96985,0.014369449018251235
test-96986,0.11462746771338529
test-96987,0.0762095016012819
test-96988,0.03570331733269581
test-96989,0.009212975839972944
test-9699,0.10093603216830266
test-96990,0.1291557797574684
test-96991,0.061300810806326496
test-96992,0.013661636577303285
test-96993,0.05325814495221848
test-96994,0.016622352651816445
test-96995,0.09885597171075854
test-96996,0.01787959278781985
test-96997,0.017262958498513104
test-96998,0.022766094257410625
test-96999,0.10965011032798128
test-97,0.133442999247998
test-970,0.025260148518560975
test-9700,0.0643654486464588
test-97000,0.019266145932857248
test-97001,0.025761810818676355
test-97002,0.014122445628928042
test-97003,0.052070711875853624
test-97004,0.18764435470667343
test-97005,0.02873702783064318
test-97006,0.04252105837468247
test-97007,0.01909098000130147
test-97008,0.04738120899638804
test-97009,0.035335751295261966
test-9701,0.060330754297190835
test-97010,0.018880162261755887
test-97011,0.013659514988185578
test-97012,0.009068528925414491
test-97013,0.010782561679482475
test-97014,0.06342716765780192
test-97015,0.012068378816676394
test-97016,0.025503990446250242
test-97017,0.027635813607937345
test-97018,0.18341716353133927
test-97019,0.045870383623132255
test-9702,0.01718215769017512
test-97020,0.024690438571479983
test-97021,0.03563036334793495
test-97022,0.07109476307044055
test-97023,0.10812230317096443
test-97024,0.01667693894133567
test-97025,0.1411544610022064
test-97026,0.04628394360678018
test-97027,0.01676735327877394
test-97028,0.028530283488646887
test-97029,0.0322560369895652
test-9703,0.022317518401531424
test-97030,0.09394507126896243
test-97031,0.15699879288490923
test-97032,0.018227571624288286
test-97033,0.021936533208992012
test-97034,0.009439019231723227
test-97035,0.0557081557067995
test-97036,0.009644095471519582
test-97037,0.11651184128749612
test-97038,0.012254015959164402
test-97039,0.1377758896178873
test-9704,0.28105890097459013
test-97040,0.0898774960524088
test-97041,0.02309532531302554
test-97042,0.12664058815468698
test-97043,0.07424824993014838
test-97044,0.0700725383932461
test-97045,0.009852807965425068
test-97046,0.11499578303811298
test-97047,0.04671411759525905
test-97048,0.158941162928539
test-97049,0.010627855073813027
test-9705,0.07194198428269984
test-97050,0.02996606264588555
test-97051,0.0209838958196858
test-97052,0.04897760920877994
test-97053,0.008479029429125559
test-97054,0.02081399844216322
test-97055,0.04102666814861062
test-97056,0.016296268657632337
test-97057,0.022813716574844836
test-97058,0.0669392073111586
test-97059,0.12206666429590626
test-9706,0.014951972076207545
test-97060,0.01943986747308439
test-97061,0.09412780043184894
test-97062,0.007202468589375964
test-97063,0.021314115481040005
test-97064,0.18107177324350515
test-97065,0.00826395025201071
test-97066,0.13297318220618712
test-97067,0.16388002736803498
test-97068,0.03730419050089625
test-97069,0.008577794007204575
test-9707,0.15992026523547262
test-97070,0.0303831757997348
test-97071,0.03779485834264625
test-97072,0.02064647324397688
test-97073,0.008164606270353371
test-97074,0.008637489353218768
test-97075,0.011841520233121856
test-97076,0.015788212157498167
test-97077,0.027507503901138382
test-97078,0.017247066465774577
test-97079,0.1741176087056687
test-9708,0.08325965851150695
test-97080,0.04605062075764772
test-97081,0.019494095274232074
test-97082,0.014690808945176244
test-97083,0.015764196905254886
test-97084,0.01042962524668879
test-97085,0.009657175821274632
test-97086,0.08747255698200318
test-97087,0.01002631178071034
test-97088,0.022907684170400823
test-97089,0.01146347526939126
test-9709,0.0561632894220874
test-97090,0.022749347987202538
test-97091,0.014537385376965766
test-97092,0.2694772604528095
test-97093,0.019255332334596555
test-97094,0.06456588720154446
test-97095,0.02372289305257482
test-97096,0.08110413393213176
test-97097,0.18222138991928724
test-97098,0.04200041738369731
test-97099,0.025153617254227167
test-971,0.017256250975064804
test-9710,0.2717816689304451
test-97100,0.023933548139041052
test-97101,0.010384229222213515
test-97102,0.0338425161397517
test-97103,0.015499451200918276
test-97104,0.0091119697118891
test-97105,0.14456423412758693
test-97106,0.010156882706167953
test-97107,0.035996526896510755
test-97108,0.016843420005657375
test-97109,0.03611663395578433
test-9711,0.017669496840325028
test-97110,0.09787796055403811
test-97111,0.31109044165130173
test-97112,0.035172817869625686
test-97113,0.045688594181666396
test-97114,0.04906310241234345
test-97115,0.19362856152131225
test-97116,0.29341680145205773
test-97117,0.03045811623888704
test-97118,0.04094853059794999
test-97119,0.020082926663200898
test-9712,0.03956282484359553
test-97120,0.019802763286153602
test-97121,0.010388978101442018
test-97122,0.01600966303358935
test-97123,0.011880951982182668
test-97124,0.015343893189334419
test-97125,0.010293197285930077
test-97126,0.09252365204190596
test-97127,0.037960469814520996
test-97128,0.011388334716229931
test-97129,0.05487776745599645
test-9713,0.23434602021254847
test-97130,0.29037911262967686
test-97131,0.011017351369872141
test-97132,0.023587766522517213
test-97133,0.00951522478679601
test-97134,0.029095843260230708
test-97135,0.028173211666636954
test-97136,0.01744149725641375
test-97137,0.020982787513930384
test-97138,0.01868805328569577
test-97139,0.04393185244673611
test-9714,0.00943104480760771
test-97140,0.013884279904006053
test-97141,0.00909149282627384
test-97142,0.01619704905987679
test-97143,0.046080903532490065
test-97144,0.009716583047138233
test-97145,0.01469617150515897
test-97146,0.07913083819438413
test-97147,0.0644893854295509
test-97148,0.21912240217573928
test-97149,0.09787796055403811
test-9715,0.029436060414878822
test-97150,0.03597034454897882
test-97151,0.1867345559870954
test-97152,0.2207803019289146
test-97153,0.05877943075856627
test-97154,0.02611190545420223
test-97155,0.0228673531825374
test-97156,0.016715819072621704
test-97157,0.019828277784809414
test-97158,0.02022391818507433
test-97159,0.015499451200918276
test-9716,0.3386178999890736
test-97160,0.05849740324817666
test-97161,0.03859527342973412
test-97162,0.01798442347031709
test-97163,0.015216333546035236
test-97164,0.021323810157429905
test-97165,0.2638747943990982
test-97166,0.010561959026239895
test-97167,0.006982779756623047
test-97168,0.026648553033596617
test-97169,0.014058117722296754
test-9717,0.24278861685360972
test-97170,0.015328727630964998
test-97171,0.03239642065600477
test-97172,0.013442813234822704
test-97173,0.008149002485368602
test-97174,0.019828277784809414
test-97175,0.08110413393213176
test-97176,0.15147379772160485
test-97177,0.03487175001137022
test-97178,0.2965403973701295
test-97179,0.012701620148791459
test-9718,0.048151069675655044
test-97180,0.008976871947287869
test-97181,0.2771679170000551
test-97182,0.09340495319114524
test-97183,0.008158151251344536
test-97184,0.011374594655167198
test-97185,0.07014673511928562
test-97186,0.012389033035965202
test-97187,0.12663596937894922
test-97188,0.0291861543655264
test-97189,0.02808326966811118
test-9719,0.016229938928545892
test-97190,0.3543082272930295
test-97191,0.03291753474293656
test-97192,0.10004954113213102
test-97193,0.02134259023218071
test-97194,0.006555004363035725
test-97195,0.02872937733942576
test-97196,0.014639547795696923
test-97197,0.019011054333485176
test-97198,0.024580518356543717
test-97199,0.018085021481306803
test-972,0.00735778313667198
test-9720,0.027413685982002223
test-97200,0.19274581802586677
test-97201,0.013659514988185578
test-97202,0.011661747430504594
test-97203,0.006412851691144523
test-97204,0.05339307069340168
test-97205,0.0762884403264205
test-97206,0.08218731570865226
test-97207,0.017325508272574473
test-97208,0.012996371936447612
test-97209,0.008556273258962048
test-9721,0.0526892374520386
test-97210,0.07300415700059695
test-97211,0.011942102509070482
test-97212,0.08467601501054955
test-97213,0.30627134070131684
test-97214,0.35439693693263746
test-97215,0.009644095471519582
test-97216,0.04301208359899352
test-97217,0.01821067009037929
test-97218,0.04603451422566999
test-97219,0.01066251364764319
test-9722,0.027735009270509953
test-97220,0.010297669787086084
test-97221,0.020700478335237735
test-97222,0.02543673422286786
test-97223,0.05015468531813707
test-97224,0.13427187521081005
test-97225,0.13916112670798256
test-97226,0.011359659525609973
test-97227,0.024760416808166798
test-97228,0.02060805116551963
test-97229,0.008710323634082646
test-9723,0.06769227346933265
test-97230,0.009844766817339836
test-97231,0.39427979348673103
test-97232,0.15434614857410742
test-97233,0.02372289305257482
test-97234,0.011374594655167198
test-97235,0.04166971932024224
test-97236,0.016440301527120803
test-97237,0.14886273721039106
test-97238,0.32638176962481935
test-97239,0.028823619549931345
test-9724,0.015882845087377383
test-97240,0.15085766755015806
test-97241,0.02403168801781399
test-97242,0.03210205459968188
test-97243,0.15141377061746064
test-97244,0.014390477085816452
test-97245,0.011662585465539709
test-97246,0.031233384809993606
test-97247,0.1645130986123088
test-97248,0.01035434466367276
test-97249,0.032289145360661596
test-9725,0.2669271868195449
test-97250,0.021935438359751203
test-97251,0.025985196480294136
test-97252,0.007367407806630141
test-97253,0.0157691741328382
test-97254,0.19407697598654858
test-97255,0.011068253337298715
test-97256,0.010179734531721728
test-97257,0.01993883389333626
test-97258,0.09209792307803719
test-97259,0.05487102447486451
test-9726,0.014394770566558806
test-97260,0.018608897996107796
test-97261,0.05292585564346962
test-97262,0.018238209547875733
test-97263,0.01520175789931568
test-97264,0.008058483389750105
test-97265,0.011171684817864626
test-97266,0.014652746718881539
test-97267,0.012256559785211393
test-97268,0.01729419685469121
test-97269,0.05511837399087698
test-9727,0.05046253209004547
test-97270,0.017808423708689212
test-97271,0.052955727881233906
test-97272,0.022735837632003396
test-97273,0.0077853767945654535
test-97274,0.0493931147911267
test-97275,0.05611788533122828
test-97276,0.029319656049604556
test-97277,0.01529802592178503
test-97278,0.011582293829411805
test-97279,0.016515546354808678
test-9728,0.010388978101442018
test-97280,0.02210561276560214
test-97281,0.09095363519959088
test-97282,0.04410070862480493
test-97283,0.027740935734825178
test-97284,0.04852677855950483
test-97285,0.0707119985986715
test-97286,0.0456977706032354
test-97287,0.02323303807421846
test-97288,0.010343375648625218
test-97289,0.007031127392125757
test-9729,0.1260276016678893
test-97290,0.019027674301522208
test-97291,0.030049197138696134
test-97292,0.009745958524136435
test-97293,0.006879201459746422
test-97294,0.12621933585906506
test-97295,0.15094870832104648
test-97296,0.09892367808359173
test-97297,0.05917102327644108
test-97298,0.050414892885539526
test-97299,0.020502686192723076
test-973,0.3015049642049047
test-9730,0.025150177465812492
test-97300,0.03608453512499072
test-97301,0.1556727593910276
test-97302,0.030706417504450693
test-97303,0.011792138540983354
test-97304,0.019027674301522208
test-97305,0.03508538516176073
test-97306,0.010213115152474382
test-97307,0.011465152755054046
test-97308,0.023512691446818928
test-97309,0.01718860759538828
test-9731,0.07896917855603469
test-97310,0.056700117416702174
test-97311,0.020184049019556536
test-97312,0.14843154880597323
test-97313,0.017281125932193848
test-97314,0.009295512455724596
test-97315,0.05083684225778377
test-97316,0.12948334682159954
test-97317,0.06659836411616123
test-97318,0.1645647425232217
test-97319,0.015288563844618292
test-9732,0.28565898124999295
test-97320,0.01723303054451017
test-97321,0.30315255063446334
test-97322,0.010299817352940456
test-97323,0.149228605637474
test-97324,0.02596229079218321
test-97325,0.03811773861971848
test-97326,0.04039913971044781
test-97327,0.01667627631501256
test-97328,0.055157469287504604
test-97329,0.025217833941062376
test-9733,0.009555463395882981
test-97330,0.01862895911694901
test-97331,0.14247429535781275
test-97332,0.006670402183285836
test-97333,0.023950465604962074
test-97334,0.017969465325603052
test-97335,0.010024969971906408
test-97336,0.05339307069340168
test-97337,0.03486415065020565
test-97338,0.1734303962305427
test-97339,0.04913363137736417
test-9734,0.057400412512490874
test-97340,0.024699594876289973
test-97341,0.2528376654240127
test-97342,0.013908302384841028
test-97343,0.0615200641877135
test-97344,0.0468360473520125
test-97345,0.02166138835876975
test-97346,0.028930302207586633
test-97347,0.33956499122991207
test-97348,0.027115315888194973
test-97349,0.11870374418472307
test-9735,0.14584971832814003
test-97350,0.05803921983238861
test-97351,0.02024771072983089
test-97352,0.03252723624386535
test-97353,0.020190720554720633
test-97354,0.26710042303909753
test-97355,0.010917411568217045
test-97356,0.013010126154877557
test-97357,0.09098880098786222
test-97358,0.19053756025775853
test-97359,0.12756464018589395
test-9736,0.1948075260288726
test-97360,0.015258389464753865
test-97361,0.00817107783081229
test-97362,0.230166719909183
test-97363,0.014063672926140499
test-97364,0.0895972100895406
test-97365,0.025828615525289828
test-97366,0.04166971932024224
test-97367,0.013803322894367847
test-97368,0.01943013834323798
test-97369,0.08110413393213176
test-9737,0.3638368426405929
test-97370,0.0328488471750209
test-97371,0.09435854111353265
test-97372,0.020817455598126807
test-97373,0.03981670194368432
test-97374,0.02438491016550812
test-97375,0.16110062130504496
test-97376,0.014373888851939163
test-97377,0.005273381136240828
test-97378,0.02460804797114191
test-97379,0.24814582752189754
test-9738,0.018841852694408735
test-97380,0.18599455144120466
test-97381,0.02372289305257482
test-97382,0.028547451070712045
test-97383,0.01040195136962297
test-97384,0.09941666238727019
test-97385,0.014420696939821856
test-97386,0.08110413393213176
test-97387,0.01797485490009266
test-97388,0.009154938317533024
test-97389,0.006223786633920408
test-9739,0.026223785775408463
test-97390,0.01268886482173747
test-97391,0.19880774776985727
test-97392,0.014606832165642208
test-97393,0.04363145236447255
test-97394,0.02816496862718364
test-97395,0.013692256420000347
test-97396,0.010258863808045455
test-97397,0.01908724726963485
test-97398,0.04280962904164492
test-97399,0.010114356257001491
test-974,0.019859286718283038
test-9740,0.0815273326290969
test-97400,0.01797018704662009
test-97401,0.014721773897653351
test-97402,0.10270697481318937
test-97403,0.013584280653637228
test-97404,0.018923743234312857
test-97405,0.013444946971638425
test-97406,0.008271012625299373
test-97407,0.061423588459636434
test-97408,0.019494095274232074
test-97409,0.0335656019515138
test-9741,0.011105825655970193
test-97410,0.03378763881864874
test-97411,0.09449724202614
test-97412,0.021869719819343273
test-97413,0.2609779270606877
test-97414,0.010721340125093718
test-97415,0.011374594655167198
test-97416,0.020349758578528426
test-97417,0.05652636713934997
test-97418,0.05339307069340168
test-97419,0.06431257100776488
test-9742,0.03529265180657635
test-97420,0.029711460232927926
test-97421,0.019511129130500432
test-97422,0.020836405845668645
test-97423,0.033098446423393435
test-97424,0.12372651010079236
test-97425,0.00951397352036494
test-97426,0.0669392073111586
test-97427,0.010246173139444485
test-97428,0.14141652199281468
test-97429,0.006213346843515308
test-9743,0.14258101860695194
test-97430,0.10928636469736226
test-97431,0.010495418056502864
test-97432,0.019815367199183517
test-97433,0.011287106001455976
test-97434,0.052385499402593697
test-97435,0.018198641077259534
test-97436,0.07056640084043263
test-97437,0.011818832719693981
test-97438,0.12456179376616706
test-97439,0.03561740012049894
test-9744,0.1387564677932596
test-97440,0.2509590842420266
test-97441,0.010227050950486486
test-97442,0.014462628492053263
test-97443,0.028742420699907845
test-97444,0.015506234175317173
test-97445,0.14711886318974648
test-97446,0.09574485326511098
test-97447,0.09748322556524319
test-97448,0.04740435810068168
test-97449,0.006396623547249223
test-9745,0.016186416369884243
test-97450,0.14229182148635366
test-97451,0.08234963297653736
test-97452,0.018487811456801444
test-97453,0.01838173138532696
test-97454,0.04133072005915741
test-97455,0.10849311745818162
test-97456,0.13119125490158834
test-97457,0.016851169055890156
test-97458,0.03862166499958996
test-97459,0.04243173460746529
test-9746,0.13770149660277983
test-97460,0.21163631238417221
test-97461,0.1469888718678362
test-97462,0.1232305354460678
test-97463,0.020072314156737374
test-97464,0.04002038979360801
test-97465,0.13773212906300417
test-97466,0.020422632471294666
test-97467,0.01031664283071258
test-97468,0.012094579159000522
test-97469,0.08287687233596294
test-9747,0.09860381645007209
test-97470,0.014350502221600062
test-97471,0.01018279400205986
test-97472,0.02902324905062233
test-97473,0.22749157495573924
test-97474,0.009476030514845205
test-97475,0.2114070456378561
test-97476,0.04532737041228957
test-97477,0.019364767020520247
test-97478,0.024311371219552725
test-97479,0.009458232793080985
test-9748,0.15344441130016837
test-97480,0.04331968218745548
test-97481,0.02099123196661146
test-97482,0.09477743102062279
test-97483,0.03258674984897633
test-97484,0.09673533330374554
test-97485,0.13026029989158192
test-97486,0.012870054564923268
test-97487,0.04280273335497782
test-97488,0.023766118201954154
test-97489,0.046503162727843904
test-9749,0.12663596937894922
test-97490,0.1076876276700428
test-97491,0.016879216412164045
test-97492,0.009203446510444902
test-97493,0.18468771826864389
test-97494,0.08890704982720206
test-97495,0.03563965779772
test-97496,0.02603801234091004
test-97497,0.17396717359710556
test-97498,0.05473220492486065
test-97499,0.02961936100554334
test-975,0.010859029167971148
test-9750,0.016409965788098693
test-97500,0.022107032481351752
test-97501,0.012641155315920888
test-97502,0.011661747430504594
test-97503,0.05410739181064715
test-97504,0.012633396004173432
test-97505,0.12756464018589395
test-97506,0.03359347823370298
test-97507,0.0831030652116057
test-97508,0.01760349999756441
test-97509,0.31068732724327836
test-9751,0.23390413400152188
test-97510,0.1429759342012688
test-97511,0.031340824081397864
test-97512,0.02119786464515258
test-97513,0.05184845507205203
test-97514,0.02144198578382719
test-97515,0.01411330289139529
test-97516,0.04526910096224766
test-97517,0.09437027329662136
test-97518,0.18438210701942706
test-97519,0.12796851635119139
test-9752,0.2522682757654695
test-97520,0.030286941016162305
test-97521,0.007634496471041943
test-97522,0.014606832165642208
test-97523,0.009395635629308287
test-97524,0.015309513774473461
test-97525,0.21895193630539167
test-97526,0.01164849827627573
test-97527,0.009458232793080985
test-97528,0.01074635737178932
test-97529,0.22324388489993144
test-9753,0.020390131706154006
test-97530,0.28789486696042543
test-97531,0.03235545395299992
test-97532,0.02558887863721941
test-97533,0.011818832719693981
test-97534,0.020184049019556536
test-97535,0.005310211711155787
test-97536,0.02517813069534632
test-97537,0.007180201978694718
test-97538,0.14587659855316176
test-97539,0.039111982647480434
test-9754,0.012637275737464369
test-97540,0.08759396122515743
test-97541,0.10212021806963248
test-97542,0.30776614210618225
test-97543,0.1848149462951061
test-97544,0.022609580782286233
test-97545,0.019662847930475374
test-97546,0.13220344648772114
test-97547,0.032844629888904166
test-97548,0.024659591500619357
test-97549,0.008959363274022721
test-9755,0.026282964600826794
test-97550,0.030652610131309054
test-97551,0.05682388660566598
test-97552,0.1915525869606686
test-97553,0.12663596937894922
test-97554,0.016515546354808678
test-97555,0.018987124301322936
test-97556,0.014600619165259609
test-97557,0.019045614843017113
test-97558,0.020435944047328285
test-97559,0.0721903174391194
test-9756,0.008479244853198061
test-97560,0.026616989201647352
test-97561,0.008617179362355195
test-97562,0.3853500123223105
test-97563,0.05898769096725989
test-97564,0.26905772254220034
test-97565,0.020788516404748502
test-97566,0.0219654545704153
test-97567,0.0449580983559331
test-97568,0.009501418558876843
test-97569,0.040395152638653696
test-9757,0.017449972717191262
test-97570,0.0091119697118891
test-97571,0.02827639660142324
test-97572,0.021019238744846368
test-97573,0.2886750662725888
test-97574,0.10959269051547767
test-97575,0.024564648840212096
test-97576,0.023992748097311483
test-97577,0.020290407146500912
test-97578,0.14083532858678435
test-97579,0.01612416282145219
test-9758,0.1867280326188178
test-97580,0.012433586124909975
test-97581,0.03996009340851699
test-97582,0.02128169953399744
test-97583,0.01106894259235816
test-97584,0.2244353547928637
test-97585,0.022517220560528156
test-97586,0.016932477766621178
test-97587,0.03207947787863464
test-97588,0.32495103929859237
test-97589,0.011374594655167198
test-9759,0.06712936132848137
test-97590,0.008396623093339464
test-97591,0.029778034879541795
test-97592,0.0457704658327504
test-97593,0.056358151079093484
test-97594,0.02281610232689024
test-97595,0.14908883231633688
test-97596,0.14917253254596
test-97597,0.022746250868951892
test-97598,0.09204347970106215
test-97599,0.011514300628212475
test-976,0.018913792896578734
test-9760,0.04521729515730061
test-97600,0.033214624299431096
test-97601,0.08149181812641292
test-97602,0.018885656837648583
test-97603,0.12031926254118677
test-97604,0.04248600721881576
test-97605,0.01637697474636509
test-97606,0.021897757146381508
test-97607,0.02961936100554334
test-97608,0.013551149826011574
test-97609,0.008399491142999921
test-9761,0.03963639575894265
test-97610,0.013375420929342295
test-97611,0.16157227065048294
test-97612,0.03562798081380685
test-97613,0.026009999288245433
test-97614,0.05273313919084633
test-97615,0.03356044145284182
test-97616,0.013663271953862799
test-97617,0.02336979696028517
test-97618,0.11816680418598025
test-97619,0.011374594655167198
test-9762,0.027210846902983043
test-97620,0.03802466405234437
test-97621,0.0231680500987572
test-97622,0.04355792493641926
test-97623,0.007321372402212029
test-97624,0.011771878648531605
test-97625,0.017706240461117927
test-97626,0.01470155729677045
test-97627,0.13428016079192162
test-97628,0.013131820067274274
test-97629,0.023763296353044895
test-9763,0.0732858674232542
test-97630,0.010033785748775769
test-97631,0.035623878144588166
test-97632,0.03276269285958092
test-97633,0.02201370943081852
test-97634,0.027196825730237004
test-97635,0.008580986558913876
test-97636,0.009040563942345842
test-97637,0.024909395249216894
test-97638,0.01074635737178932
test-97639,0.01656240409186109
test-9764,0.1529439019534688
test-97640,0.10236349049014802
test-97641,0.018227524937774294
test-97642,0.009358269392360334
test-97643,0.008566150478044909
test-97644,0.32980069680782015
test-97645,0.012089591290699631
test-97646,0.02518232205026812
test-97647,0.03097002607289033
test-97648,0.036536524220852226
test-97649,0.07896917855603469
test-9765,0.011823031706798928
test-97650,0.023738140475157803
test-97651,0.1323255887846668
test-97652,0.017835407098023625
test-97653,0.025029132699797278
test-97654,0.02577539360980701
test-97655,0.28466519324145084
test-97656,0.014639547795696923
test-97657,0.24949788204578663
test-97658,0.023691749009203088
test-97659,0.020687851181157867
test-9766,0.042025332959582835
test-97660,0.01485024352815566
test-97661,0.009600103420330417
test-97662,0.3551966811186103
test-97663,0.07662819270145449
test-97664,0.009973305569140641
test-97665,0.0669392073111586
test-97666,0.0131459111303747
test-97667,0.009756109684459615
test-97668,0.04324333977884341
test-97669,0.03647054351655977
test-9767,0.016398024349861175
test-97670,0.17777195676434027
test-97671,0.12766969415803034
test-97672,0.025625896221651637
test-97673,0.010918335201384076
test-97674,0.01647966147441008
test-97675,0.07382005570899727
test-97676,0.0051991976405802425
test-97677,0.009127630806577572
test-97678,0.00474166972699435
test-97679,0.021562403210024315
test-9768,0.019019192077354613
test-97680,0.015692672579196223
test-97681,0.010382725985865027
test-97682,0.12954064052101308
test-97683,0.08722552421233411
test-97684,0.02461389194901438
test-97685,0.05773080416553847
test-97686,0.02770232884301334
test-97687,0.005765980342517866
test-97688,0.01302716017159117
test-97689,0.007670107894692098
test-9769,0.02759995246664544
test-97690,0.02649882956445812
test-97691,0.013444946971638425
test-97692,0.02134710723767404
test-97693,0.07765548192385864
test-97694,0.016515546354808678
test-97695,0.011245324025381424
test-97696,0.05566305709631089
test-97697,0.006161143468174669
test-97698,0.007051006575866627
test-97699,0.025440189264016828
test-977,0.17118315449902427
test-9770,0.04544234204454334
test-97700,0.07771725492771688
test-97701,0.01689028619550271
test-97702,0.07300415700059695
test-97703,0.10037337534615429
test-97704,0.02329419979795353
test-97705,0.022587189909285564
test-97706,0.01671583423601986
test-97707,0.008162420778391556
test-97708,0.03528371341398229
test-97709,0.059501922873155644
test-9771,0.0846182167635542
test-97710,0.015476306612077648
test-97711,0.15296798209684942
test-97712,0.04612368816705587
test-97713,0.010522301771370013
test-97714,0.007785501302675856
test-97715,0.031576070372761125
test-97716,0.04578471363632015
test-97717,0.0726332464249262
test-97718,0.010823358649941982
test-97719,0.03486415065020565
test-9772,0.17127808409175924
test-97720,0.02413752569469882
test-97721,0.009015443145812253
test-97722,0.019266145932857248
test-97723,0.13086598516494996
test-97724,0.024039659086970963
test-97725,0.09456466912495104
test-97726,0.17645226684991447
test-97727,0.013365086534657032
test-97728,0.010848849213182913
test-97729,0.0792552239890252
test-9773,0.06950662946772235
test-97730,0.011030138218203044
test-97731,0.010109344359751912
test-97732,0.015491192504865513
test-97733,0.020570938945540553
test-97734,0.24860116978215313
test-97735,0.22018816319931667
test-97736,0.010152585709347762
test-97737,0.019312787114570774
test-97738,0.019974422736147242
test-97739,0.00880067725196279
test-9774,0.0182569670974275
test-97740,0.010536021203188424
test-97741,0.031133530842980116
test-97742,0.01734339194779329
test-97743,0.03532831384214173
test-97744,0.15507354915434332
test-97745,0.026822817409935088
test-97746,0.027962269565313037
test-97747,0.15368310274186242
test-97748,0.025108423994344976
test-97749,0.013131820067274274
test-9775,0.13838467064907242
test-97750,0.01074635737178932
test-97751,0.013122004901560938
test-97752,0.014080232656244744
test-97753,0.18262844240160467
test-97754,0.00966437869366505
test-97755,0.03190994478203966
test-97756,0.014953627596337712
test-97757,0.12664058815468698
test-97758,0.16441986573508466
test-97759,0.012171539301151973
test-9776,0.016099165604652188
test-97760,0.24553527535338493
test-97761,0.008058483389750105
test-97762,0.01185756946346556
test-97763,0.007383347351553944
test-97764,0.08487719762547537
test-97765,0.015933168290220238
test-97766,0.023128001603562508
test-97767,0.0322560369895652
test-97768,0.009814598445086352
test-97769,0.01908444530438596
test-9777,0.28175080190731716
test-97770,0.01292086606204187
test-97771,0.1553064389551583
test-97772,0.011634396088717434
test-97773,0.12033608949617267
test-97774,0.01618523523706542
test-97775,0.13790804839500226
test-97776,0.15030465431362264
test-97777,0.018923878623284603
test-97778,0.023293662018559837
test-97779,0.061812206087472066
test-9778,0.16287108438356124
test-97780,0.02513961496723507
test-97781,0.08096110748823805
test-97782,0.05339307069340168
test-97783,0.01042622328853967
test-97784,0.3092815091649232
test-97785,0.010329092968311597
test-97786,0.03515528726997978
test-97787,0.09000572720646101
test-97788,0.014826760760526842
test-97789,0.04942224245468778
test-9779,0.02029788492831324
test-97790,0.017838901092430616
test-97791,0.009945544235989269
test-97792,0.029516526797913112
test-97793,0.01849761076612644
test-97794,0.15547430305784424
test-97795,0.10022332301988479
test-97796,0.010791708450598535
test-97797,0.022826940420290327
test-97798,0.019743370738268897
test-97799,0.015006925727924053
test-978,0.1061713491447712
test-9780,0.008837974183006842
test-97800,0.014251830100351172
test-97801,0.011699930313654617
test-97802,0.007608152212262843
test-97803,0.04565852128611021
test-97804,0.015701216352052343
test-97805,0.022548510692876746
test-97806,0.016874110572868216
test-97807,0.03429729186839249
test-97808,0.012162290143860093
test-97809,0.06028278527867563
test-9781,0.17746553512782468
test-97810,0.01706240462273461
test-97811,0.1917309870716793
test-97812,0.05339307069340168
test-97813,0.023376079083298962
test-97814,0.015913600926901594
test-97815,0.2480531923292325
test-97816,0.12664058815468698
test-97817,0.028443199748070826
test-97818,0.012735384704847617
test-97819,0.026926297620720185
test-9782,0.09256187379336472
test-97820,0.021176670602333646
test-97821,0.010353862432504262
test-97822,0.024039659086970963
test-97823,0.013444946971638425
test-97824,0.10761863990803235
test-97825,0.08000625884946486
test-97826,0.07396612243156744
test-97827,0.009781861533288918
test-97828,0.0088054728660769
test-97829,0.05510612965880616
test-9783,0.013419676280618999
test-97830,0.040569565829803256
test-97831,0.18854594163896007
test-97832,0.08803935615112511
test-97833,0.006879657008749034
test-97834,0.016361210076160183
test-97835,0.04947554690673989
test-97836,0.07076227568602607
test-97837,0.033052907757958425
test-97838,0.013529809543921939
test-97839,0.1182442067629367
test-9784,0.021593076672932924
test-97840,0.012383301831080835
test-97841,0.10131017876088283
test-97842,0.031555379356433017
test-97843,0.07844906365835043
test-97844,0.08986159911926606
test-97845,0.011699930313654617
test-97846,0.011196794005503902
test-97847,0.022850838659442672
test-97848,0.12045314423973086
test-97849,0.023314017814971513
test-9785,0.09435854111353265
test-97850,0.016517150084128494
test-97851,0.03743680231343192
test-97852,0.08788120190007584
test-97853,0.01787324844662315
test-97854,0.013691643498537498
test-97855,0.027210846902983043
test-97856,0.012775838102413338
test-97857,0.011942102509070482
test-97858,0.15213993960633054
test-97859,0.03991427570930743
test-9786,0.07554876013593612
test-97860,0.046991951371118376
test-97861,0.01886082978961437
test-97862,0.09666213896849223
test-97863,0.05138648516240171
test-97864,0.023132799769829848
test-97865,0.030690505318160317
test-97866,0.07984600052248031
test-97867,0.025393136332946778
test-97868,0.17017315988459644
test-97869,0.04510982730339317
test-9787,0.039609167036299985
test-97870,0.022278862997029338
test-97871,0.011180074806636936
test-97872,0.3688885011625501
test-97873,0.0278492894261505
test-97874,0.008669423564269025
test-97875,0.02177475615786266
test-97876,0.008929764835503106
test-97877,0.12756464018589395
test-97878,0.11681576374038524
test-97879,0.02620284558204135
test-9788,0.007054769600856268
test-97880,0.05591491040930066
test-97881,0.12490839849826978
test-97882,0.05181478276321171
test-97883,0.0076923280727946
test-97884,0.02109276190073658
test-97885,0.05339307069340168
test-97886,0.025337293692831594
test-97887,0.015561212074593572
test-97888,0.043223256015045924
test-97889,0.015693435085580475
test-9789,0.01262255467994271
test-97890,0.010986918577627193
test-97891,0.01684196233177124
test-97892,0.02037579737892914
test-97893,0.009826110990188491
test-97894,0.2356772797558423
test-97895,0.011245324025381424
test-97896,0.02527143996405056
test-97897,0.008883501284809798
test-97898,0.2034258038709672
test-97899,0.040497166050827434
test-979,0.033896673401067105
test-9790,0.01916567462926132
test-97900,0.017275239043944426
test-97901,0.1869862259410365
test-97902,0.01506901290204152
test-97903,0.05339307069340168
test-97904,0.026603872035614685
test-97905,0.012633847047835493
test-97906,0.016591696129708428
test-97907,0.02604719895990398
test-97908,0.01697315553575317
test-97909,0.1040707810127343
test-9791,0.019441330043993742
test-97910,0.020971536968914732
test-97911,0.02912335805474075
test-97912,0.027471521470755177
test-97913,0.03991427570930743
test-97914,0.01220417273923821
test-97915,0.21964783048333286
test-97916,0.022283017954048898
test-97917,0.01648120089601652
test-97918,0.15731350203197517
test-97919,0.0222908445436793
test-9792,0.017303209194273885
test-97920,0.1451279450187761
test-97921,0.1393016268737843
test-97922,0.029299804921689907
test-97923,0.01730199999501246
test-97924,0.01800919752189016
test-97925,0.028292547069444757
test-97926,0.0445090675594955
test-97927,0.020717121923132104
test-97928,0.1523067493039368
test-97929,0.01133747094065614
test-9793,0.04788350117170127
test-97930,0.026656386425945647
test-97931,0.020846516394319916
test-97932,0.016900189092124616
test-97933,0.05608161125235809
test-97934,0.028562276380827197
test-97935,0.022032558728823752
test-97936,0.01106594902456672
test-97937,0.0060114108101505135
test-97938,0.009039492518077863
test-97939,0.14696205143009786
test-9794,0.08477603426730314
test-97940,0.057944667807413336
test-97941,0.03151870576979041
test-97942,0.014082317271279524
test-97943,0.01615203145350154
test-97944,0.012280031793622019
test-97945,0.026089790047638832
test-97946,0.18739987357817903
test-97947,0.018096316766173383
test-97948,0.025766065555255395
test-97949,0.0100112970978352
test-9795,0.03617745335016647
test-97950,0.09002051294829772
test-97951,0.014531654817277554
test-97952,0.037727005467886716
test-97953,0.01785577451021296
test-97954,0.02947164387695456
test-97955,0.024039659086970963
test-97956,0.010918335201384076
test-97957,0.025046967048605675
test-97958,0.05015468531813707
test-97959,0.024151101658697806
test-9796,0.03472868490492313
test-97960,0.0127553785908678
test-97961,0.04418003581060917
test-97962,0.014393455435556222
test-97963,0.004975328202709107
test-97964,0.030690429230251847
test-97965,0.018554405545272955
test-97966,0.0154142842271633
test-97967,0.014008075504383237
test-97968,0.027868049155398575
test-97969,0.04813541260331764
test-9797,0.020713810275742282
test-97970,0.029761651925238785
test-97971,0.015701216352052343
test-97972,0.007785501302675856
test-97973,0.0741313523368138
test-97974,0.06305030517143444
test-97975,0.018919593253776026
test-97976,0.057830511347729194
test-97977,0.081736021681919
test-97978,0.20298085152498427
test-97979,0.02803101802998649
test-9798,0.008243490427792672
test-97980,0.08731912721517741
test-97981,0.22432145131022868
test-97982,0.035324170236044505
test-97983,0.029466019054991896
test-97984,0.007273896506043557
test-97985,0.16110000972976482
test-97986,0.29368096987821596
test-97987,0.020435944047328285
test-97988,0.0104253487643917
test-97989,0.023845114814776077
test-9799,0.02547097380822983
test-97990,0.15274847082551157
test-97991,0.037854587520348794
test-97992,0.18402047194868001
test-97993,0.05240296638469835
test-97994,0.011911170297357875
test-97995,0.01758069238182379
test-97996,0.009911654554493981
test-97997,0.0838560801959234
test-97998,0.15841744571944305
test-97999,0.012572665905477549
test-98,0.021150526707694406
test-980,0.11094171495979958
test-9800,0.16249319987323685
test-98000,0.017518810993525476
test-98001,0.008232674055620802
test-98002,0.026242683992916214
test-98003,0.0693751461771088
test-98004,0.01755025409697791
test-98005,0.05838819079594029
test-98006,0.021327762134085118
test-98007,0.1684884044853316
test-98008,0.027638950272636173
test-98009,0.08121164821942699
test-9801,0.16681594214482093
test-98010,0.02354420962989552
test-98011,0.016464460080785732
test-98012,0.13478997200792892
test-98013,0.315107226151039
test-98014,0.0076923280727946
test-98015,0.022447626288919744
test-98016,0.02684445665015724
test-98017,0.1568570670790499
test-98018,0.0634369110980773
test-98019,0.020800593726046004
test-9802,0.08227228945612301
test-98020,0.0197392166720879
test-98021,0.01992332236076105
test-98022,0.10913177608773536
test-98023,0.03876713908301839
test-98024,0.17746356421440193
test-98025,0.015804451362063612
test-98026,0.011245324025381424
test-98027,0.0669392073111586
test-98028,0.02282448955323407
test-98029,0.0669392073111586
test-9803,0.028817799029069054
test-98030,0.01161651628165161
test-98031,0.01013905173056012
test-98032,0.07745453475064996
test-98033,0.06374999618147954
test-98034,0.04201587544696237
test-98035,0.006236672823901296
test-98036,0.012132630599556226
test-98037,0.01213298158083581
test-98038,0.012300702005935756
test-98039,0.08742981472721043
test-9804,0.014634152492809641
test-98040,0.03688892664497909
test-98041,0.17684240759652586
test-98042,0.02129056387553376
test-98043,0.01659862557345008
test-98044,0.0962994335527908
test-98045,0.13815860629390123
test-98046,0.27494040233608774
test-98047,0.24273221124039168
test-98048,0.05473273144503385
test-98049,0.019282984525144174
test-9805,0.04475351461529831
test-98050,0.017380442562130494
test-98051,0.03763846002177265
test-98052,0.07040470066123941
test-98053,0.2673574381757219
test-98054,0.1144802017331555
test-98055,0.05839499808333771
test-98056,0.015072604557062164
test-98057,0.2051641679273444
test-98058,0.07300415700059695
test-98059,0.11554691356435694
test-9806,0.027570634658988638
test-98060,0.017314298788725018
test-98061,0.1850450631203268
test-98062,0.12460507488050093
test-98063,0.018771135681529497
test-98064,0.23017185026001744
test-98065,0.08935516667186164
test-98066,0.039579147011189184
test-98067,0.08003083037374147
test-98068,0.01532031515029374
test-98069,0.07188407450324524
test-9807,0.19849506223126
test-98070,0.009019432199058054
test-98071,0.1014033011542253
test-98072,0.10702533667165033
test-98073,0.016851169055890156
test-98074,0.009482856086595772
test-98075,0.020739379941251388
test-98076,0.04177695303029237
test-98077,0.12913253738235023
test-98078,0.02881320719884145
test-98079,0.3203868204994877
test-9808,0.03657477139843513
test-98080,0.017197722736985867
test-98081,0.3088658354881697
test-98082,0.0117237394021366
test-98083,0.4216934246403073
test-98084,0.03623063061383923
test-98085,0.055114291506804726
test-98086,0.07896917855603469
test-98087,0.018585687000344124
test-98088,0.011857623872962826
test-98089,0.03486415065020565
test-9809,0.1198590592167881
test-98090,0.16797282768292246
test-98091,0.018412321429785262
test-98092,0.08731684374522404
test-98093,0.028296350098195335
test-98094,0.061677256708825796
test-98095,0.0229905270070961
test-98096,0.01924820027737217
test-98097,0.19683004592463937
test-98098,0.01989660230443862
test-98099,0.03912666894550368
test-981,0.008155399914167454
test-9810,0.04815304499224502
test-98100,0.009815705990391603
test-98101,0.012421058975132909
test-98102,0.12429661306642333
test-98103,0.03186710183071331
test-98104,0.032616932371011015
test-98105,0.34790187853947707
test-98106,0.09826903189960028
test-98107,0.016654870369888098
test-98108,0.10278294533716809
test-98109,0.04371739997126556
test-9811,0.03569372066672966
test-98110,0.005903633817895459
test-98111,0.011299791955126176
test-98112,0.00660912286107575
test-98113,0.01621939428220594
test-98114,0.09577148861252165
test-98115,0.2907196952847371
test-98116,0.009039492518077863
test-98117,0.15141377061746064
test-98118,0.013063690902990964
test-98119,0.009821369498539382
test-9812,0.0091119697118891
test-98120,0.3044629758807555
test-98121,0.040050685005835265
test-98122,0.01586929738517975
test-98123,0.018751706817567125
test-98124,0.012458647078720578
test-98125,0.04289289096680215
test-98126,0.20665566231357202
test-98127,0.009849473995068738
test-98128,0.07515523999548554
test-98129,0.03851514940082026
test-9813,0.1666136398461149
test-98130,0.05444450125870035
test-98131,0.23986171083458568
test-98132,0.014247715723497622
test-98133,0.0117237394021366
test-98134,0.021687202943850743
test-98135,0.15035033684319382
test-98136,0.02702622875327726
test-98137,0.01884280952489356
test-98138,0.011171684817864626
test-98139,0.07949318117670263
test-9814,0.07136612514455785
test-98140,0.023761427318386912
test-98141,0.0091119697118891
test-98142,0.026822817409935088
test-98143,0.03218963025048484
test-98144,0.016394328576076526
test-98145,0.021176670602333646
test-98146,0.06521653204409428
test-98147,0.30825821131632125
test-98148,0.08586774247638283
test-98149,0.008041129292405563
test-9815,0.05604527922439798
test-98150,0.018600575707896246
test-98151,0.02195249852909477
test-98152,0.15776183641264024
test-98153,0.022764255740042913
test-98154,0.011620318286267844
test-98155,0.1160718598211735
test-98156,0.016659087838733707
test-98157,0.09456466912495104
test-98158,0.020422632471294666
test-98159,0.02924239741524812
test-9816,0.050773022647521135
test-98160,0.014190680401017678
test-98161,0.01919010645591029
test-98162,0.034329104915544334
test-98163,0.057738957094061565
test-98164,0.10629900309835184
test-98165,0.0104253487643917
test-98166,0.00827803342254388
test-98167,0.018040044488944775
test-98168,0.034462792400414846
test-98169,0.02880467316097385
test-9817,0.01242528131281293
test-98170,0.011082051018715226
test-98171,0.25561895904408594
test-98172,0.05830925387994264
test-98173,0.018093600135973057
test-98174,0.05360961177325898
test-98175,0.0073276056365275365
test-98176,0.007103459395646547
test-98177,0.2649798013132311
test-98178,0.0306979957891051
test-98179,0.01187522510878402
test-9818,0.04669692021512758
test-98180,0.03255255812449616
test-98181,0.2134416581202512
test-98182,0.024040817529118373
test-98183,0.012200301079746921
test-98184,0.010066582522470719
test-98185,0.033168282579184236
test-98186,0.1477793005183786
test-98187,0.01147819579155948
test-98188,0.017388010601174876
test-98189,0.10358036107040831
test-9819,0.013207953174859456
test-98190,0.052867303069173366
test-98191,0.05824235449317399
test-98192,0.1578490643072095
test-98193,0.017327739451595558
test-98194,0.019101182650114786
test-98195,0.015261730624412233
test-98196,0.009911654554493981
test-98197,0.015417323359312504
test-98198,0.0327176475037165
test-98199,0.13046277799369352
test-982,0.0786951884738208
test-9820,0.23963839475310936
test-98200,0.028598324112927256
test-98201,0.0247963094518123
test-98202,0.08840628595904704
test-98203,0.19005403030251794
test-98204,0.17702371932393468
test-98205,0.019656190967082574
test-98206,0.012635314281526542
test-98207,0.012213328554131389
test-98208,0.14100003780158926
test-98209,0.2429712953115778
test-9821,0.08374872664052217
test-98210,0.019375772059418962
test-98211,0.17499793753022178
test-98212,0.03755310684590492
test-98213,0.011206606047868897
test-98214,0.1408343560880524
test-98215,0.01734515158320626
test-98216,0.011245324025381424
test-98217,0.031464672016064225
test-98218,0.10172978495891888
test-98219,0.010052918859194217
test-9822,0.006835591984610515
test-98220,0.05850319094739505
test-98221,0.016593829871018876
test-98222,0.019098298936567327
test-98223,0.04652504237884524
test-98224,0.014373814663533477
test-98225,0.30756726541896456
test-98226,0.217170964914974
test-98227,0.11883577329934628
test-98228,0.25602250771678114
test-98229,0.02695947989698778
test-9823,0.028078187270448828
test-98230,0.014597371998231324
test-98231,0.03391364586311
test-98232,0.04371739997126556
test-98233,0.09188974101236673
test-98234,0.1828919859736439
test-98235,0.01213298158083581
test-98236,0.07736971131561239
test-98237,0.07896917855603469
test-98238,0.037319634003570926
test-98239,0.012314304968651497
test-9824,0.08890115724917734
test-98240,0.02182560591572779
test-98241,0.27293552399391935
test-98242,0.07185121043283926
test-98243,0.1749678824801583
test-98244,0.011778136989335518
test-98245,0.17311300076742334
test-98246,0.12605782319309364
test-98247,0.05091455783101275
test-98248,0.05535701987704566
test-98249,0.13164581727458496
test-9825,0.02474146598666657
test-98250,0.011967445465554285
test-98251,0.010245868994528659
test-98252,0.05608161125235809
test-98253,0.00795284668812196
test-98254,0.022212951306708403
test-98255,0.014709810104510555
test-98256,0.020266578310284267
test-98257,0.011606636185882419
test-98258,0.05137318370943843
test-98259,0.0669392073111586
test-9826,0.21438287337197018
test-98260,0.010645765615578787
test-98261,0.0328095826669598
test-98262,0.010805997703249397
test-98263,0.07006147965220107
test-98264,0.10638917431085067
test-98265,0.0371304341467883
test-98266,0.10485864888401285
test-98267,0.01456798924451902
test-98268,0.0284301645759305
test-98269,0.013341458467498775
test-9827,0.008907094126181195
test-98270,0.1398817640174991
test-98271,0.07958009128105223
test-98272,0.017759020963952623
test-98273,0.02541467703593147
test-98274,0.0417687032497362
test-98275,0.03873849865813898
test-98276,0.18208807793386791
test-98277,0.01658780158053249
test-98278,0.04414241320368952
test-98279,0.03968202439533392
test-9828,0.011382356366868362
test-98280,0.04475351461529831
test-98281,0.02759995246664544
test-98282,0.21350697090786552
test-98283,0.06033906355133095
test-98284,0.06411229846985096
test-98285,0.013015335209671184
test-98286,0.013771132866043001
test-98287,0.02228275808876345
test-98288,0.03991427570930743
test-98289,0.011413886321069105
test-9829,0.08013992888105673
test-98290,0.16955325717680142
test-98291,0.04804733666127863
test-98292,0.028144663202279416
test-98293,0.015473266737853469
test-98294,0.013396523117336403
test-98295,0.26808117646908397
test-98296,0.05113329507949809
test-98297,0.01634126638264224
test-98298,0.0688376526721422
test-98299,0.027487889338381526
test-983,0.02859238037332473
test-9830,0.04470742935769968
test-98300,0.017075779006246055
test-98301,0.0279718249963872
test-98302,0.24046382825178084
test-98303,0.12664058815468698
test-98304,0.07896917855603469
test-98305,0.10160655152075102
test-98306,0.011030138218203044
test-98307,0.020687851181157867
test-98308,0.03065372802477251
test-98309,0.06107244868006746
test-9831,0.10823019094978883
test-98310,0.018497519139754993
test-98311,0.011868116856013074
test-98312,0.03988324446871159
test-98313,0.222948469448089
test-98314,0.03856665641786955
test-98315,0.03923424780158417
test-98316,0.031167330352519864
test-98317,0.008924145371213532
test-98318,0.02537791633039902
test-98319,0.020956988913973094
test-9832,0.06268981483298582
test-98320,0.040569643284038545
test-98321,0.03365543992627805
test-98322,0.023218272922173117
test-98323,0.03913436200344884
test-98324,0.019011054333485176
test-98325,0.010057214961593295
test-98326,0.011413507308042223
test-98327,0.1675477208015003
test-98328,0.01187522510878402
test-98329,0.09435854111353265
test-9833,0.25559389283524714
test-98330,0.012354317722521253
test-98331,0.14660621249274897
test-98332,0.09937838469214666
test-98333,0.18060869543916774
test-98334,0.017608609227574606
test-98335,0.010976332147110976
test-98336,0.15059360454727835
test-98337,0.012445483906780982
test-98338,0.10697550917834156
test-98339,0.020721294058133617
test-9834,0.13924898768105945
test-98340,0.015270757632477327
test-98341,0.01213298158083581
test-98342,0.06055003561734064
test-98343,0.008075512672170247
test-98344,0.05278200549203162
test-98345,0.057835818532915945
test-98346,0.04301208359899352
test-98347,0.07538290979146693
test-98348,0.17875767925680539
test-98349,0.016204862098971616
test-9835,0.015275324152524817
test-98350,0.02411581172019314
test-98351,0.027617672410591196
test-98352,0.017268817808970976
test-98353,0.02030864922608806
test-98354,0.019842362474847233
test-98355,0.012942735812613413
test-98356,0.013341458467498775
test-98357,0.06803412447426488
test-98358,0.009501418558876843
test-98359,0.08091840458510943
test-9836,0.4101789033846546
test-98360,0.011506159896949555
test-98361,0.03517778580593637
test-98362,0.00901166111439666
test-98363,0.017721631463731853
test-98364,0.039477482084524645
test-98365,0.12663596937894922
test-98366,0.005329474705302797
test-98367,0.0384335481008759
test-98368,0.01018824077630016
test-98369,0.03650122519611046
test-9837,0.20370065737261617
test-98370,0.14422124487562576
test-98371,0.014436638013940937
test-98372,0.02175596208423395
test-98373,0.12235226254223347
test-98374,0.013757914102199644
test-98375,0.017472217884211723
test-98376,0.04154351699599006
test-98377,0.07958009128105223
test-98378,0.2017093000957217
test-98379,0.010987427774617437
test-9838,0.02507818436868132
test-98380,0.019908522000205337
test-98381,0.1062308574098499
test-98382,0.036014431677012466
test-98383,0.12279056801504036
test-98384,0.018645948145797543
test-98385,0.267339371563244
test-98386,0.07765548192385864
test-98387,0.27076258088445904
test-98388,0.12508149963218473
test-98389,0.02247169137191558
test-9839,0.2379965489825001
test-98390,0.32372745703757216
test-98391,0.018194570214050132
test-98392,0.11484246806504064
test-98393,0.0315414840882949
test-98394,0.01608725436698435
test-98395,0.06800113797723387
test-98396,0.04364197783427163
test-98397,0.024074051405584825
test-98398,0.2508469997860669
test-98399,0.1452139309394131
test-984,0.006131397262813206
test-9840,0.03218645145164006
test-98400,0.06866260127631668
test-98401,0.01882556843063668
test-98402,0.010792309895153169
test-98403,0.29554216304520237
test-98404,0.14019608138645961
test-98405,0.027920021819637708
test-98406,0.027589058430989098
test-98407,0.17496094934620843
test-98408,0.011033381898867895
test-98409,0.07226780217373834
test-9841,0.017132692290764303
test-98410,0.22094044927987175
test-98411,0.017658083363345022
test-98412,0.0322560369895652
test-98413,0.041472527789824486
test-98414,0.046009648738188004
test-98415,0.014694366326096138
test-98416,0.24445986326855682
test-98417,0.13574888663355303
test-98418,0.036592687707977335
test-98419,0.01879232806658962
test-9842,0.10267918611148977
test-98420,0.02109276190073658
test-98421,0.00739349467983122
test-98422,0.014291837728901238
test-98423,0.01040195136962297
test-98424,0.012518380240668722
test-98425,0.14466551186234403
test-98426,0.0198831746110147
test-98427,0.03217148106861156
test-98428,0.03114707367371607
test-98429,0.025468550199571973
test-9843,0.15959273321012238
test-98430,0.07005294672237135
test-98431,0.036074224119463226
test-98432,0.14811326198206934
test-98433,0.015358893018378717
test-98434,0.013050755197931578
test-98435,0.015370951062778306
test-98436,0.031751049529724976
test-98437,0.02003843258395867
test-98438,0.07366736353203962
test-98439,0.02403168801781399
test-9844,0.018495414921339458
test-98440,0.012865091134915716
test-98441,0.12954064052101308
test-98442,0.15663575163854518
test-98443,0.045965482224209944
test-98444,0.019282984525144174
test-98445,0.01900092889058884
test-98446,0.014390477085816452
test-98447,0.014975022893883047
test-98448,0.02203958084728128
test-98449,0.2120033876744126
test-9845,0.1398817640174991
test-98450,0.05851581025240226
test-98451,0.010463413149435026
test-98452,0.01153013376187161
test-98453,0.0163112792162958
test-98454,0.01715501793127474
test-98455,0.013444946971638425
test-98456,0.030690429230251847
test-98457,0.024082996728368396
test-98458,0.015105018792128503
test-98459,0.014359458099615283
test-9846,0.2100102395596355
test-98460,0.024314623461797386
test-98461,0.013325466142858221
test-98462,0.04379696481395601
test-98463,0.018340374805704336
test-98464,0.021737546264967888
test-98465,0.012849590018832081
test-98466,0.06572269189733224
test-98467,0.08848284025696514
test-98468,0.022291302633507596
test-98469,0.0247963094518123
test-9847,0.010700744377942424
test-98470,0.02885490510638843
test-98471,0.13473111397650483
test-98472,0.13075455320760174
test-98473,0.008445859950496706
test-98474,0.022111231741804037
test-98475,0.04271816273900674
test-98476,0.011599882495607708
test-98477,0.1728131642278803
test-98478,0.08125739321106323
test-98479,0.11213031949628105
test-9848,0.015148184908333485
test-98480,0.13596264758544593
test-98481,0.011208056652621264
test-98482,0.1379715020836534
test-98483,0.018535928195290853
test-98484,0.1279919559874527
test-98485,0.011868116856013074
test-98486,0.01648147253079594
test-98487,0.03007489516689247
test-98488,0.03100006693755399
test-98489,0.013255564249536967
test-9849,0.04799874704751601
test-98490,0.01213298158083581
test-98491,0.30311173782463047
test-98492,0.01619704905987679
test-98493,0.07799433853261355
test-98494,0.011928538681871914
test-98495,0.15616852960890018
test-98496,0.014519857331313843
test-98497,0.018461987852012002
test-98498,0.019405565739423047
test-98499,0.02223493073727361
test-985,0.015517115567383036
test-9850,0.3196410122164021
test-98500,0.015624988649225778
test-98501,0.141272206055732
test-98502,0.31366251612759993
test-98503,0.01061769408519315
test-98504,0.41338463643058293
test-98505,0.26870109169239936
test-98506,0.018487811456801444
test-98507,0.31639113532117935
test-98508,0.023950807417400043
test-98509,0.0256301083474294
test-9851,0.008245201632601066
test-98510,0.05300577485512337
test-98511,0.01255676831104394
test-98512,0.021323810157429905
test-98513,0.04695349432195423
test-98514,0.07306002765273682
test-98515,0.02420309409691191
test-98516,0.014190680401017678
test-98517,0.014054626554189978
test-98518,0.08932806756231693
test-98519,0.018706727508961466
test-9852,0.023403586313382796
test-98520,0.04190898691262013
test-98521,0.007984527865492863
test-98522,0.20418473994107822
test-98523,0.01171187610052717
test-98524,0.030639211872336494
test-98525,0.023083252772362076
test-98526,0.009884610327743055
test-98527,0.022034565363139413
test-98528,0.02596880771394803
test-98529,0.015133138434686376
test-9853,0.11089445586364947
test-98530,0.048353375048796055
test-98531,0.14226589000095044
test-98532,0.007980729751625414
test-98533,0.016438707203413474
test-98534,0.10072159351461808
test-98535,0.12819412947753134
test-98536,0.03957797408190487
test-98537,0.02137505687697309
test-98538,0.027599789452991606
test-98539,0.03442907185779456
test-9854,0.09529368134519899
test-98540,0.00880067725196279
test-98541,0.04431269133001213
test-98542,0.016936437471580943
test-98543,0.013406217873122926
test-98544,0.011030138218203044
test-98545,0.012166338787977474
test-98546,0.013122004901560938
test-98547,0.03290341473413582
test-98548,0.015298111431351328
test-98549,0.005932683084527837
test-9855,0.24524490890282866
test-98550,0.011206606047868897
test-98551,0.02372289305257482
test-98552,0.0395135699277007
test-98553,0.01454043163149669
test-98554,0.015392380621828466
test-98555,0.007739857033568781
test-98556,0.006219905054197316
test-98557,0.0327176475037165
test-98558,0.03173766960390539
test-98559,0.09662497025890948
test-9856,0.02212808691739502
test-98560,0.01808985280344761
test-98561,0.04006096146402062
test-98562,0.04473513887928326
test-98563,0.03532219448443226
test-98564,0.04072159984213257
test-98565,0.48991600860398027
test-98566,0.005376589539100853
test-98567,0.016056061891928687
test-98568,0.011661747430504594
test-98569,0.015275473882389524
test-9857,0.008757206928988027
test-98570,0.006959028921336764
test-98571,0.030781103620546018
test-98572,0.11151227888013909
test-98573,0.011940975353232535
test-98574,0.12396534109377726
test-98575,0.021176670602333646
test-98576,0.0476021550377685
test-98577,0.20734076984629793
test-98578,0.012873579688884855
test-98579,0.02506013054648495
test-9858,0.020533235383096503
test-98580,0.013619586327770581
test-98581,0.017518810993525476
test-98582,0.02449308239867663
test-98583,0.14789569298184477
test-98584,0.07984600052248031
test-98585,0.019828277784809414
test-98586,0.11890417487470603
test-98587,0.024620087327928794
test-98588,0.01164849827627573
test-98589,0.041644692851619175
test-9859,0.04154351699599006
test-98590,0.0811909830970376
test-98591,0.017325508272574473
test-98592,0.08152395567779243
test-98593,0.009427443000282854
test-98594,0.03967712778708948
test-98595,0.015229256364803543
test-98596,0.011898647929118116
test-98597,0.00864649987295956
test-98598,0.07955672582119087
test-98599,0.01496676848902438
test-986,0.022736317908464015
test-9860,0.013896417515098966
test-98600,0.31639113532117935
test-98601,0.26015696446720993
test-98602,0.008154575098313329
test-98603,0.1377979397837487
test-98604,0.041538780984929614
test-98605,0.02737518203238426
test-98606,0.022867784521275438
test-98607,0.10133891862677095
test-98608,0.017749754470512788
test-98609,0.01074635737178932
test-9861,0.011197517375260915
test-98610,0.03169832376697381
test-98611,0.010823358649941982
test-98612,0.03360458025992269
test-98613,0.01849368787820351
test-98614,0.011897371837623995
test-98615,0.02816496862718364
test-98616,0.018764989645458027
test-98617,0.009645063742811363
test-98618,0.07382005570899727
test-98619,0.033373273949076576
test-9862,0.15376856724215934
test-98620,0.030414860473510476
test-98621,0.024262784516517213
test-98622,0.02655655648315851
test-98623,0.016020232182825667
test-98624,0.013916758194637842
test-98625,0.11499578303811298
test-98626,0.007420187898865904
test-98627,0.020929109606537207
test-98628,0.1414229777365419
test-98629,0.011206606047868897
test-9863,0.05015468531813707
test-98630,0.1523067493039368
test-98631,0.19715383299252162
test-98632,0.018216008436785877
test-98633,0.0105448410564779
test-98634,0.09825438386819624
test-98635,0.017473118070507124
test-98636,0.1855747478741186
test-98637,0.018971353902809643
test-98638,0.06817804792585445
test-98639,0.017022508929080207
test-9864,0.0238821339392232
test-98640,0.04613055691176783
test-98641,0.01860123221164605
test-98642,0.04252105837468247
test-98643,0.03167818678272743
test-98644,0.17125569255429884
test-98645,0.06193203517380838
test-98646,0.007507659708060618
test-98647,0.16629020771725128
test-98648,0.032147435043153
test-98649,0.014399707778487845
test-9865,0.008279046732634465
test-98650,0.024659574863120454
test-98651,0.011911170297357875
test-98652,0.02665658885016971
test-98653,0.07289959866881442
test-98654,0.12663596937894922
test-98655,0.047556648333942464
test-98656,0.04738708517311777
test-98657,0.014684200038307104
test-98658,0.151083778742652
test-98659,0.011359659525609973
test-9866,0.01918121923172307
test-98660,0.012572665905477549
test-98661,0.030952334638885002
test-98662,0.10200333450497469
test-98663,0.2010240813791237
test-98664,0.1659660745319948
test-98665,0.03739619097341648
test-98666,0.04315587774234556
test-98667,0.05660835204596251
test-98668,0.007888064653949579
test-98669,0.24937241371159052
test-9867,0.07857629673134489
test-98670,0.054187367345391375
test-98671,0.031220970216712596
test-98672,0.011181020410393842
test-98673,0.007888064653949579
test-98674,0.021885275849685932
test-98675,0.007225589155478962
test-98676,0.020570938945540553
test-98677,0.0456574092657507
test-98678,0.014327738003587042
test-98679,0.1543693773528168
test-9868,0.13862244516194522
test-98680,0.023166836780113928
test-98681,0.010335435190722103
test-98682,0.017517794408192403
test-98683,0.023095800523072446
test-98684,0.037977139080945466
test-98685,0.01023392993707666
test-98686,0.12663596937894922
test-98687,0.08676426786931425
test-98688,0.02102836935412256
test-98689,0.06317241232398309
test-9869,0.02308875110178532
test-98690,0.07321397826277123
test-98691,0.31397646530619067
test-98692,0.053183588776513725
test-98693,0.12854169404710297
test-98694,0.022665114326371836
test-98695,0.018585687000344124
test-98696,0.032543555105251976
test-98697,0.029847469177862254
test-98698,0.022011272255149608
test-98699,0.008540056649316294
test-987,0.09809234573890964
test-9870,0.10296840400748865
test-98700,0.023203448791753605
test-98701,0.03576973074106315
test-98702,0.02867198427612864
test-98703,0.010997362541425876
test-98704,0.027070152427086887
test-98705,0.027471521470755177
test-98706,0.011242157601198089
test-98707,0.01027009339794965
test-98708,0.056364577071697494
test-98709,0.010876675127673954
test-9871,0.037802933463891165
test-98710,0.03248344930562405
test-98711,0.03849231280822183
test-98712,0.1671110490303938
test-98713,0.01181593331345983
test-98714,0.028563002408518143
test-98715,0.014014841508876703
test-98716,0.022487548992525405
test-98717,0.17645226684991447
test-98718,0.04252105837468247
test-98719,0.03319937918278354
test-9872,0.09527102645933094
test-98720,0.011068253337298715
test-98721,0.02878486335935383
test-98722,0.08956682738857598
test-98723,0.20271441432203863
test-98724,0.02573967297741374
test-98725,0.0113711475204743
test-98726,0.2129752933442284
test-98727,0.009499311277826758
test-98728,0.02561608386392067
test-98729,0.006568908669213611
test-9873,0.015146847353037514
test-98730,0.026197504248528142
test-98731,0.01767928956842316
test-98732,0.06769227346933265
test-98733,0.1722527476256214
test-98734,0.027940201429365704
test-98735,0.0234109991792132
test-98736,0.11374012977739141
test-98737,0.3171063020907678
test-98738,0.022569015802153605
test-98739,0.1585963133700143
test-9874,0.015692729499937646
test-98740,0.139732523729047
test-98741,0.16451412027597664
test-98742,0.02779380223213587
test-98743,0.018757702602305033
test-98744,0.02666353167511559
test-98745,0.18262844240160467
test-98746,0.0738930105875601
test-98747,0.011942102509070482
test-98748,0.02712610431248483
test-98749,0.013879614093078998
test-9875,0.049132143029313985
test-98750,0.0678335507646334
test-98751,0.013330703946929501
test-98752,0.02456723302588949
test-98753,0.04200547387948341
test-98754,0.1062681244026318
test-98755,0.01686307807536679
test-98756,0.09126805270809048
test-98757,0.023745436881562616
test-98758,0.11936013902468447
test-98759,0.013548233310112179
test-9876,0.022500890699324937
test-98760,0.008045504343732413
test-98761,0.03275389389431256
test-98762,0.023416443431928117
test-98763,0.021833369549026562
test-98764,0.04788736959603337
test-98765,0.047479303399062575
test-98766,0.013076546067330278
test-98767,0.010456951757063192
test-98768,0.024537233715364648
test-98769,0.010334090924688637
test-9877,0.1303429810282864
test-98770,0.101620954892153
test-98771,0.021649126972894197
test-98772,0.020221043224679998
test-98773,0.015645284934751393
test-98774,0.011206606047868897
test-98775,0.09126805270809048
test-98776,0.035172817869625686
test-98777,0.020446234033832653
test-98778,0.020018765146939118
test-98779,0.0188337636023936
test-9878,0.1963499162023919
test-98780,0.012331625225123537
test-98781,0.008669423564269025
test-98782,0.13979293685485356
test-98783,0.05725885600422952
test-98784,0.012200017352555938
test-98785,0.03240283995213259
test-98786,0.040431997291864565
test-98787,0.011911170297357875
test-98788,0.1860374278091558
test-98789,0.16824034402824928
test-9879,0.020461718554364815
test-98790,0.008135341213147218
test-98791,0.01637697474636509
test-98792,0.015181752677783347
test-98793,0.12326750432006615
test-98794,0.2711320983445809
test-98795,0.017402078311977768
test-98796,0.027331482850018254
test-98797,0.013235594071501561
test-98798,0.377483188817432
test-98799,0.3996521505080172
test-988,0.017658696705089925
test-9880,0.33754593629652924
test-98800,0.019938511469633418
test-98801,0.009723999521648125
test-98802,0.06891106305694443
test-98803,0.04038827626193275
test-98804,0.018782770559949535
test-98805,0.14966534768764336
test-98806,0.009356417081042316
test-98807,0.06680477760432342
test-98808,0.014948843294621535
test-98809,0.032210734184143434
test-9881,0.02497502008220588
test-98810,0.1453183199763059
test-98811,0.10611198873955219
test-98812,0.12173336262514603
test-98813,0.03792901334906878
test-98814,0.039975944661919886
test-98815,0.028741450284989423
test-98816,0.021513886329787325
test-98817,0.03544080451276304
test-98818,0.018597446107122065
test-98819,0.13844485831116107
test-9882,0.011245648038000305
test-98820,0.04984201399910816
test-98821,0.02449644764351692
test-98822,0.015543520893995067
test-98823,0.014441209137399352
test-98824,0.01512255432132062
test-98825,0.04409540053369518
test-98826,0.01026917100739405
test-98827,0.016451050972603555
test-98828,0.011206606047868897
test-98829,0.023907366382159966
test-9883,0.19955545937433553
test-98830,0.05991613444308265
test-98831,0.026920122360821894
test-98832,0.020956988913973094
test-98833,0.013409376270137356
test-98834,0.024517675753459478
test-98835,0.06051783324971672
test-98836,0.014507115536874546
test-98837,0.010263646004289834
test-98838,0.051218086129553815
test-98839,0.007487155847093551
test-9884,0.016130123364941823
test-98840,0.01769672527187825
test-98841,0.02008816429072193
test-98842,0.02403168801781399
test-98843,0.10433008778269079
test-98844,0.024091642304050337
test-98845,0.32975925587959487
test-98846,0.062335148864845154
test-98847,0.1313141044066033
test-98848,0.042741352200542496
test-98849,0.029365099379150047
test-9885,0.12292734695020768
test-98850,0.024136705246332664
test-98851,0.027831666558949295
test-98852,0.07515285018836887
test-98853,0.29993711275533225
test-98854,0.1614246543708855
test-98855,0.03365227713831978
test-98856,0.32124567053522907
test-98857,0.011803246860551822
test-98858,0.0840535521947792
test-98859,0.04684110804487656
test-9886,0.10134417300436223
test-98860,0.02403168801781399
test-98861,0.015399039451055706
test-98862,0.1851083442244527
test-98863,0.012600883775650369
test-98864,0.009643941529102664
test-98865,0.021531111042607024
test-98866,0.043447753026877894
test-98867,0.0846182167635542
test-98868,0.023299518694089513
test-98869,0.009374527306016815
test-9887,0.10660447884766662
test-98870,0.006665699400196612
test-98871,0.14928289879624207
test-98872,0.2670703505224605
test-98873,0.02150729382376702
test-98874,0.07896917855603469
test-98875,0.013444946971638425
test-98876,0.02488785657051142
test-98877,0.04130966429939269
test-98878,0.010628073799617152
test-98879,0.00929411515043298
test-9888,0.008029326362355045
test-98880,0.11651633178642817
test-98881,0.015224312249784357
test-98882,0.15164355656214898
test-98883,0.0244272278026518
test-98884,0.12466756431242824
test-98885,0.018242833628021118
test-98886,0.02488483077612047
test-98887,0.042696362837617935
test-98888,0.024039659086970963
test-98889,0.009841312758969474
test-9889,0.08629418591580429
test-98890,0.022674782481287837
test-98891,0.015298111431351328
test-98892,0.02372289305257482
test-98893,0.32407533875887456
test-98894,0.04643570960812571
test-98895,0.10131017876088283
test-98896,0.09507705841817708
test-98897,0.011697462501029963
test-98898,0.06613704301945193
test-98899,0.0902422755812636
test-989,0.21540216744575777
test-9890,0.0066202769778190874
test-98900,0.016161047610986235
test-98901,0.10263586521780245
test-98902,0.020632377227135665
test-98903,0.008343824447299824
test-98904,0.25252503407177396
test-98905,0.1785450993561505
test-98906,0.01262843517541162
test-98907,0.19310560713588226
test-98908,0.12663596937894922
test-98909,0.02810595108723977
test-9891,0.083009134801042
test-98910,0.017801410496543938
test-98911,0.011927063084652384
test-98912,0.01807139079513635
test-98913,0.19339885172610166
test-98914,0.0681125196682653
test-98915,0.037056248963493514
test-98916,0.027665375648937746
test-98917,0.1543510708952596
test-98918,0.13765454118140913
test-98919,0.022460614183830573
test-9892,0.04036228035813401
test-98920,0.01856133156529321
test-98921,0.02082870817337627
test-98922,0.043447753026877894
test-98923,0.045364834304137104
test-98924,0.009160252336922024
test-98925,0.0508473544611544
test-98926,0.04331143496609718
test-98927,0.09278365050712774
test-98928,0.019858660942510348
test-98929,0.008731387670492021
test-9893,0.05407591523407729
test-98930,0.011029647524333271
test-98931,0.008496419771515794
test-98932,0.06651381885050267
test-98933,0.014053359335235433
test-98934,0.08303303614971605
test-98935,0.02107953308907771
test-98936,0.13980550641447664
test-98937,0.020542319415238444
test-98938,0.01718526637020125
test-98939,0.0669392073111586
test-9894,0.21382562923450535
test-98940,0.02185398332412194
test-98941,0.07850490588376433
test-98942,0.2133432780491058
test-98943,0.024314623461797386
test-98944,0.1233092322676133
test-98945,0.016534578249005824
test-98946,0.01973247697425841
test-98947,0.00836598870164902
test-98948,0.03991427570930743
test-98949,0.1129412645274935
test-9895,0.028505848292336187
test-98950,0.024139292842522527
test-98951,0.029707141283225942
test-98952,0.019444791317885964
test-98953,0.030194669462749305
test-98954,0.08667235646540004
test-98955,0.03822174095675586
test-98956,0.0868884526264283
test-98957,0.011907919959508854
test-98958,0.10373811943857802
test-98959,0.28309756851400286
test-9896,0.09114633233176243
test-98960,0.0881974958513216
test-98961,0.03832280573499402
test-98962,0.02227514510945546
test-98963,0.012600883775650369
test-98964,0.022751578113003247
test-98965,0.01147819579155948
test-98966,0.01153013376187161
test-98967,0.020367066087855774
test-98968,0.05113877697892723
test-98969,0.026379019927696805
test-9897,0.04100300707115105
test-98970,0.010930910365182855
test-98971,0.017144086465867136
test-98972,0.11903109746992077
test-98973,0.0732858674232542
test-98974,0.013207365529121622
test-98975,0.2322621569961865
test-98976,0.03262413693744255
test-98977,0.013747847803852787
test-98978,0.009644095471519582
test-98979,0.01681085626989673
test-9898,0.019294186729214603
test-98980,0.022038418734482333
test-98981,0.029074600680547947
test-98982,0.029080286175159883
test-98983,0.04526910096224766
test-98984,0.028833783616110713
test-98985,0.014408699116109971
test-98986,0.05680210989851337
test-98987,0.011084824165446424
test-98988,0.050151696766089916
test-98989,0.10187556400847897
test-9899,0.009371275587052332
test-98990,0.17835443188076694
test-98991,0.06262662238663597
test-98992,0.08840974501062254
test-98993,0.02712610431248483
test-98994,0.2398559272740087
test-98995,0.08255199096820344
test-98996,0.014639547795696923
test-98997,0.03186488240154139
test-98998,0.11360125817332385
test-98999,0.05355649649481758
test-99,0.04252105837468247
test-990,0.018014991991872467
test-9900,0.02523099814840684
test-99000,0.013792679502771103
test-99001,0.23818336237142607
test-99002,0.045897731765942106
test-99003,0.00905143468973419
test-99004,0.014606832165642208
test-99005,0.04853815658034792
test-99006,0.022869241121779682
test-99007,0.148840082485034
test-99008,0.1643544420541564
test-99009,0.026107162006103315
test-9901,0.01793842233953493
test-99010,0.039904228419622614
test-99011,0.017919084405123655
test-99012,0.11406573607985475
test-99013,0.02202893817992769
test-99014,0.02403168801781399
test-99015,0.019175362023830488
test-99016,0.014721773897653351
test-99017,0.10259807322571722
test-99018,0.029362756585306467
test-99019,0.017792260866821022
test-9902,0.010073684780658324
test-99020,0.020322251631022897
test-99021,0.018317094649369647
test-99022,0.012637857763808859
test-99023,0.07807727030258162
test-99024,0.13362323485203043
test-99025,0.010875160234815797
test-99026,0.01515485963345386
test-99027,0.00836476465318901
test-99028,0.024973787472914896
test-99029,0.01845011831854662
test-9903,0.09236310685700128
test-99030,0.013422928170977882
test-99031,0.017759020963952623
test-99032,0.009463795449406846
test-99033,0.07662559358622245
test-99034,0.030450134565311572
test-99035,0.032382225716053245
test-99036,0.03906877595057946
test-99037,0.011496390031272896
test-99038,0.01434335992808528
test-99039,0.011196794005503902
test-9904,0.018353400439729932
test-99040,0.14878005424422697
test-99041,0.01860094647617388
test-99042,0.00977196479784685
test-99043,0.013111023812611634
test-99044,0.02372274012527767
test-99045,0.13476957377077012
test-99046,0.05683664547565437
test-99047,0.2461243195317674
test-99048,0.07638074464493325
test-99049,0.014460509408644014
test-9905,0.20259668081203522
test-99050,0.013774762168084069
test-99051,0.016667327639858853
test-99052,0.012618192128464616
test-99053,0.025472946296609584
test-99054,0.008706288559388584
test-99055,0.016056061891928687
test-99056,0.013054782456887468
test-99057,0.022866670692999476
test-99058,0.03322824453976978
test-99059,0.02915220769446728
test-9906,0.047197227917049535
test-99060,0.03309415422303747
test-99061,0.2304886265113764
test-99062,0.07838433693400526
test-99063,0.014821657236682615
test-99064,0.016130559466083272
test-99065,0.006934984427179922
test-99066,0.013702286031640823
test-99067,0.03262560831766519
test-99068,0.027148040969383867
test-99069,0.17936589786292975
test-9907,0.031942097460329555
test-99070,0.10712232415333772
test-99071,0.03420273674371125
test-99072,0.03772834554322443
test-99073,0.13703416933937287
test-99074,0.04032564069636745
test-99075,0.04676495080218391
test-99076,0.24314593308477808
test-99077,0.13919012465966588
test-99078,0.05000123041847898
test-99079,0.036324582782995586
test-9908,0.07564187602682827
test-99080,0.1835518712678432
test-99081,0.009452630371995112
test-99082,0.03316994615028521
test-99083,0.010686886777852223
test-99084,0.06803412447426488
test-99085,0.06829840929765911
test-99086,0.030126536172784737
test-99087,0.010271233686557621
test-99088,0.016633701212059183
test-99089,0.02471978644696059
test-9909,0.019179904899229192
test-99090,0.010718529936196073
test-99091,0.008730345968943412
test-99092,0.07568416960764243
test-99093,0.034462792400414846
test-99094,0.0209318640201533
test-99095,0.01231263867708034
test-99096,0.03492298582769069
test-99097,0.231110451231957
test-99098,0.032383266378283045
test-99099,0.025809038802845276
test-991,0.1618096243935481
test-9910,0.023404323716991308
test-99100,0.007563744529525758
test-99101,0.05086636752036206
test-99102,0.06762504626506181
test-99103,0.155690356544727
test-99104,0.02913548025908943
test-99105,0.009436985178136955
test-99106,0.024214518437418547
test-99107,0.01746146464746273
test-99108,0.12548111786321664
test-99109,0.01017163244611559
test-9911,0.2277544374660901
test-99110,0.025927742877705186
test-99111,0.05403176171574025
test-99112,0.25161984481348304
test-99113,0.019266145932857248
test-99114,0.024620087327928794
test-99115,0.013548233310112179
test-99116,0.012272294748412767
test-99117,0.015401960417281764
test-99118,0.1502004483661575
test-99119,0.03611663395578433
test-9912,0.123817286149575
test-99120,0.06982635010267634
test-99121,0.02516059563249993
test-99122,0.034462792400414846
test-99123,0.016265053657293412
test-99124,0.05339307069340168
test-99125,0.14766618479958718
test-99126,0.08374310320450994
test-99127,0.1948075126328042
test-99128,0.011928538681871914
test-99129,0.017608609227574606
test-9913,0.03546352782233932
test-99130,0.021084422441030128
test-99131,0.09930750222165044
test-99132,0.21999416627882928
test-99133,0.01637697474636509
test-99134,0.034462792400414846
test-99135,0.1192852442111224
test-99136,0.07287513663214307
test-99137,0.1071017000019602
test-99138,0.03419360943874574
test-99139,0.014528683282730851
test-9914,0.010823358649941982
test-99140,0.010495418056502864
test-99141,0.04557181600474206
test-99142,0.023983473820681597
test-99143,0.054747564995058375
test-99144,0.014718400701876844
test-99145,0.022969223465674878
test-99146,0.01684725673462773
test-99147,0.14919347127196403
test-99148,0.012364869938628315
test-99149,0.09435854111353265
test-9915,0.15960910013119103
test-99150,0.01209205118640877
test-99151,0.09123441404631848
test-99152,0.09647320503643239
test-99153,0.014799505540203388
test-99154,0.0506466068437224
test-99155,0.07013717606758778
test-99156,0.018706727508961466
test-99157,0.008573758194328727
test-99158,0.009651358429684382
test-99159,0.06980830189606753
test-9916,0.04425234030635769
test-99160,0.0757466526319678
test-99161,0.13873757691757796
test-99162,0.016900579432292295
test-99163,0.01834279556902482
test-99164,0.015163106924656888
test-99165,0.028273027919683225
test-99166,0.07896917855603469
test-99167,0.12883058266032205
test-99168,0.010826132532173056
test-99169,0.019494095274232074
test-9917,0.06108085344638038
test-99170,0.12796851635119139
test-99171,0.09528380793254176
test-99172,0.048068471893430754
test-99173,0.07958009128105223
test-99174,0.015464844067314583
test-99175,0.009741592769079082
test-99176,0.0687732139720173
test-99177,0.04387262388962667
test-99178,0.01210533349608702
test-99179,0.2509464776231174
test-9918,0.1983616790496672
test-99180,0.025204023958251585
test-99181,0.14154972913376404
test-99182,0.33237016745917264
test-99183,0.024314623461797386
test-99184,0.054256561448473184
test-99185,0.08719444794839012
test-99186,0.13292615790782336
test-99187,0.024039659086970963
test-99188,0.013444946971638425
test-99189,0.0369109864495831
test-9919,0.009974540045328913
test-99190,0.009919653568815225
test-99191,0.13538610651068542
test-99192,0.04256455073176121
test-99193,0.27212470475919137
test-99194,0.015945881361409373
test-99195,0.009513975019230974
test-99196,0.011515784692565645
test-99197,0.31106380804710043
test-99198,0.02963900627970304
test-99199,0.3175956609786862
test-992,0.15934773717012005
test-9920,0.016621371219624596
test-99200,0.07287513663214307
test-99201,0.011155002689389619
test-99202,0.11374400968940772
test-99203,0.018770297418916986
test-99204,0.025476898990190126
test-99205,0.01637697474636509
test-99206,0.011249997396784615
test-99207,0.2237295331724956
test-99208,0.011374594655167198
test-99209,0.41636696054071126
test-9921,0.007785501302675856
test-99210,0.15432386308190738
test-99211,0.12007650211416723
test-99212,0.022941527359857692
test-99213,0.024860981024108397
test-99214,0.03262521073149791
test-99215,0.04201587544696237
test-99216,0.010734723856108892
test-99217,0.017104920334213767
test-99218,0.017784828409473978
test-99219,0.020587728881255662
test-9922,0.04481900219981349
test-99220,0.03610739899786258
test-99221,0.04324597096350556
test-99222,0.008577365610350472
test-99223,0.029929044446866847
test-99224,0.22428356223691098
test-99225,0.01619704905987679
test-99226,0.024690438571479983
test-99227,0.0107533372820507
test-99228,0.017393736991800243
test-99229,0.0171412131157425
test-9923,0.08890115724917734
test-99230,0.13726071573070886
test-99231,0.040967852119902816
test-99232,0.015941054332808777
test-99233,0.020919928994989793
test-99234,0.184801328731238
test-99235,0.013631076096040038
test-99236,0.0172516846453715
test-99237,0.021711926517560404
test-99238,0.2918410170455665
test-99239,0.007636681347636254
test-9924,0.021193906948233438
test-99240,0.030906737979454268
test-99241,0.041644692851619175
test-99242,0.11428219810526999
test-99243,0.026372372374516787
test-99244,0.010752552842691394
test-99245,0.016020232182825667
test-99246,0.006953385953206853
test-99247,0.01900038240677797
test-99248,0.12663596937894922
test-99249,0.006947005838736115
test-9925,0.11378069649606996
test-99250,0.024116644305248635
test-99251,0.25525551313393147
test-99252,0.012480882894161851
test-99253,0.02510496719577298
test-99254,0.06320293454194395
test-99255,0.013465027616706014
test-99256,0.020094110329857452
test-99257,0.023168182423881453
test-99258,0.013631076096040038
test-99259,0.012032359870092622
test-9926,0.12696316032585808
test-99260,0.020192620459502774
test-99261,0.042582250787289104
test-99262,0.007661146410324269
test-99263,0.012715354797003456
test-99264,0.017511787651129283
test-99265,0.020433622616404024
test-99266,0.011048626247993416
test-99267,0.01755469736262277
test-99268,0.06357107093372649
test-99269,0.011017351369872141
test-9927,0.044799214382383275
test-99270,0.02323872744089513
test-99271,0.01963836993622506
test-99272,0.011515784692565645
test-99273,0.01590358886144805
test-99274,0.034565365067178895
test-99275,0.036280960268652664
test-99276,0.023428698556697772
test-99277,0.03517554983071838
test-99278,0.022919235420054165
test-99279,0.010213466325930402
test-9928,0.28294151758285935
test-99280,0.048052877812402
test-99281,0.20112534528635206
test-99282,0.022827051711578453
test-99283,0.13399883741794041
test-99284,0.02988079528785449
test-99285,0.09435854111353265
test-99286,0.03225140057386559
test-99287,0.08419993385391882
test-99288,0.14857223375968417
test-99289,0.008642072105716823
test-9929,0.02090111277714628
test-99290,0.0635778604780565
test-99291,0.11620376548595909
test-99292,0.04255304815221896
test-99293,0.015701216352052343
test-99294,0.04822701419706011
test-99295,0.05339307069340168
test-99296,0.017783542001775836
test-99297,0.011196794005503902
test-99298,0.00839738206759701
test-99299,0.07344271144404275
test-993,0.05865789325947181
test-9930,0.031838652746968156
test-99300,0.026596207604073847
test-99301,0.010545966988720887
test-99302,0.08209413474427887
test-99303,0.018206343377268303
test-99304,0.025883190362007556
test-99305,0.022486035585556632
test-99306,0.017658083363345022
test-99307,0.16842937609306302
test-99308,0.010064676430337916
test-99309,0.14718424152905457
test-9931,0.0413990897190355
test-99310,0.0312523874532094
test-99311,0.2502746341160058
test-99312,0.04222812200995796
test-99313,0.012364869938628315
test-99314,0.02355686722166228
test-99315,0.010185826180766898
test-99316,0.04845511880185748
test-99317,0.05136372948186746
test-99318,0.006200919466284616
test-99319,0.018237884009228635
test-9932,0.01052170051348792
test-99320,0.019266145932857248
test-99321,0.061430766237406946
test-99322,0.019558556947326406
test-99323,0.005363773312295302
test-99324,0.07345035302612864
test-99325,0.26031787748274654
test-99326,0.025842001887595726
test-99327,0.04953858611954152
test-99328,0.14355580832169315
test-99329,0.09985649801372733
test-9933,0.055870392490749786
test-99330,0.02912335805474075
test-99331,0.013325677631487818
test-99332,0.24320666931132226
test-99333,0.2097282955517113
test-99334,0.04021911516762384
test-99335,0.20915009892553496
test-99336,0.022061856527117313
test-99337,0.11640510268310741
test-99338,0.26850695880306547
test-99339,0.014848936193546575
test-9934,0.02890284372670233
test-99340,0.011836477000202739
test-99341,0.017587870108743454
test-99342,0.13611992483687554
test-99343,0.15715751911501658
test-99344,0.023420658784923443
test-99345,0.006814675730205213
test-99346,0.022193962283723247
test-99347,0.02224177431698411
test-99348,0.02136675861619757
test-99349,0.07465136523035168
test-9935,0.07575577862200479
test-99350,0.02103022242324668
test-99351,0.06476051338224029
test-99352,0.14058258977263774
test-99353,0.011507893401213642
test-99354,0.010470971584594582
test-99355,0.042709511864951366
test-99356,0.2509590842420266
test-99357,0.07318748156493517
test-99358,0.015177193228578464
test-99359,0.203735640436555
test-9936,0.1747962325288127
test-99360,0.23569384910568378
test-99361,0.2754707988810208
test-99362,0.036198202697409525
test-99363,0.009563308294786087
test-99364,0.15177597357264136
test-99365,0.0618037473606701
test-99366,0.03650184139099206
test-99367,0.012216830903413798
test-99368,0.02556866573642365
test-99369,0.058900298109921166
test-9937,0.29713470982594736
test-99370,0.03420273674371125
test-99371,0.3494116006558389
test-99372,0.01314740517769899
test-99373,0.04699203405469257
test-99374,0.17959777814625796
test-99375,0.04964507265633733
test-99376,0.023478129289319888
test-99377,0.0314957996577906
test-99378,0.0881528246744881
test-99379,0.017197833068807483
test-9938,0.1408487658022275
test-99380,0.02928057903336528
test-99381,0.06333843127222413
test-99382,0.3807700104971293
test-99383,0.011171684817864626
test-99384,0.1595536616809621
test-99385,0.027776885568197643
test-99386,0.04828506603871971
test-99387,0.018697884612266978
test-99388,0.03527451802193063
test-99389,0.18354347808136262
test-9939,0.21577748897889396
test-99390,0.30336003215595847
test-99391,0.020972569591405796
test-99392,0.2790820710370915
test-99393,0.011356011564500324
test-99394,0.012278457143044161
test-99395,0.18069257335943284
test-99396,0.025790524578045624
test-99397,0.009154938317533024
test-99398,0.017484378571887994
test-99399,0.026682112298197887
test-994,0.18237275277749088
test-9940,0.02748255267837466
test-99400,0.055859653319292775
test-99401,0.013881969712953562
test-99402,0.011068253337298715
test-99403,0.023439931493111067
test-99404,0.030854467858664292
test-99405,0.018094928614232893
test-99406,0.2825641128556581
test-99407,0.1473393691804019
test-99408,0.08003083037374147
test-99409,0.007904260191274257
test-9941,0.025611545217072495
test-99410,0.023123609291249902
test-99411,0.022887322717970206
test-99412,0.01293979215322601
test-99413,0.009710824195493902
test-99414,0.008416308877064734
test-99415,0.01382162174335809
test-99416,0.20821655303707814
test-99417,0.05339307069340168
test-99418,0.018116439634752093
test-99419,0.14278817241706696
test-9942,0.020072314156737374
test-99420,0.008877287303865703
test-99421,0.009557866707220981
test-99422,0.025511072772484517
test-99423,0.047568442819313585
test-99424,0.03687923652173342
test-99425,0.0881528246744881
test-99426,0.05400256287771402
test-99427,0.08788120190007584
test-99428,0.016284631869545943
test-99429,0.007986105921485792
test-9943,0.33292620595638384
test-99430,0.027573642179907095
test-99431,0.01838943608475835
test-99432,0.013375420929342295
test-99433,0.030900497886565636
test-99434,0.02129056387553376
test-99435,0.023713497865870427
test-99436,0.18827862096498899
test-99437,0.05770828740599703
test-99438,0.07204252750261628
test-99439,0.00986692341770471
test-9944,0.1869213515024209
test-99440,0.0673516307571918
test-99441,0.05205284995188828
test-99442,0.029890376892379462
test-99443,0.04246095549321179
test-99444,0.03388826362508373
test-99445,0.04853797036189083
test-99446,0.010663423301942157
test-99447,0.07197488227077382
test-99448,0.010918335201384076
test-99449,0.012600883775650369
test-9945,0.08727576904787708
test-99450,0.051619898882456196
test-99451,0.031075043568456515
test-99452,0.03240283995213259
test-99453,0.009114556396956288
test-99454,0.137870638518638
test-99455,0.076197267336801
test-99456,0.02280108647011919
test-99457,0.03131955527212062
test-99458,0.0182082084123767
test-99459,0.14629716099548906
test-9946,0.03562798081380685
test-99460,0.1660606091135659
test-99461,0.009445564858132138
test-99462,0.05950017199337657
test-99463,0.028215527796812124
test-99464,0.10563707667775524
test-99465,0.024364907621110064
test-99466,0.01019053955764769
test-99467,0.3088846073371973
test-99468,0.08295034275910122
test-99469,0.02344276840194751
test-9947,0.17216457687142567
test-99470,0.010143257771975183
test-99471,0.015913549119538215
test-99472,0.028066306845992324
test-99473,0.010970550911586134
test-99474,0.1712363086768738
test-99475,0.024763415686314332
test-99476,0.011152167924512676
test-99477,0.09787796055403811
test-99478,0.2480058879424967
test-99479,0.049765622142049264
test-9948,0.011267814213392346
test-99480,0.009395635629308287
test-99481,0.02322155563529036
test-99482,0.015293282615646156
test-99483,0.24143877553684592
test-99484,0.03194127965795964
test-99485,0.01349994983243296
test-99486,0.05653064008854059
test-99487,0.008620684382488732
test-99488,0.11500654893560248
test-99489,0.22741684611254
test-9949,0.01860123221164605
test-99490,0.007888064653949579
test-99491,0.024096545365370942
test-99492,0.022517220560528156
test-99493,0.04978762527730466
test-99494,0.019101477926033245
test-99495,0.015464844067314583
test-99496,0.007363738907971307
test-99497,0.03830770546741912
test-99498,0.029064859849740124
test-99499,0.021997464586635547
test-995,0.023381537402529826
test-9950,0.024528713062074704
test-99500,0.20674059617269075
test-99501,0.007128451169376713
test-99502,0.036536524220852226
test-99503,0.18114757255006078
test-99504,0.0263886023294697
test-99505,0.03210030489519855
test-99506,0.018967602782464274
test-99507,0.01603463841073825
test-99508,0.019642611040976928
test-99509,0.057338558395714626
test-9951,0.007857205686886361
test-99510,0.03486415065020565
test-99511,0.13897024663370575
test-99512,0.015616290434739792
test-99513,0.07089669798878646
test-99514,0.008299576265979214
test-99515,0.012767351432343445
test-99516,0.04937093247807308
test-99517,0.3265950684972772
test-99518,0.01922867932073802
test-99519,0.06036075466664736
test-9952,0.10870695369512126
test-99520,0.019933032170278975
test-99521,0.0493931147911267
test-99522,0.024575905772693588
test-99523,0.008573758194328727
test-99524,0.04549344629632379
test-99525,0.028064101243970855
test-99526,0.02173129123750481
test-99527,0.015347730213422464
test-99528,0.02391753014989002
test-99529,0.021609957736839526
test-9953,0.013428843715478823
test-99530,0.3851508318707773
test-99531,0.07342685127306574
test-99532,0.011809950435243053
test-99533,0.02436531142295488
test-99534,0.06516225801559167
test-99535,0.03279412086918874
test-99536,0.008936356709734479
test-99537,0.011177145736505046
test-99538,0.0669392073111586
test-99539,0.05015468531813707
test-9954,0.08952200663968309
test-99540,0.03882906537408842
test-99541,0.009407086046659904
test-99542,0.08161706590100164
test-99543,0.04252105837468247
test-99544,0.019320746716257168
test-99545,0.03418511466578221
test-99546,0.009384908126861853
test-99547,0.12758786262445412
test-99548,0.123817286149575
test-99549,0.02174776119916419
test-9955,0.07446053821142233
test-99550,0.05200958219133669
test-99551,0.5758204870113167
test-99552,0.018014991991872467
test-99553,0.014492305905803754
test-99554,0.023998612169350647
test-99555,0.017325508272574473
test-99556,0.1570897073546412
test-99557,0.02168979140520096
test-99558,0.009236858182187875
test-99559,0.02378198409046484
test-9956,0.0544553361879108
test-99560,0.06803412447426488
test-99561,0.06507689443038031
test-99562,0.12276197220003257
test-99563,0.016723814090668445
test-99564,0.18963932221090624
test-99565,0.16367436070990146
test-99566,0.3390530174250527
test-99567,0.13639689194016028
test-99568,0.009799314179063528
test-99569,0.020959416645997177
test-9957,0.0688376526721422
test-99570,0.047625495443134845
test-99571,0.09785742656128286
test-99572,0.015426024547558998
test-99573,0.25631973422117427
test-99574,0.07357265692355214
test-99575,0.10451896692684502
test-99576,0.007590240423586719
test-99577,0.21920035434711319
test-99578,0.03517778580593637
test-99579,0.017327739451595558
test-9958,0.02051062984750825
test-99580,0.013017286640454179
test-99581,0.054434529027872644
test-99582,0.1247282384843349
test-99583,0.02078715859193339
test-99584,0.2841916820042579
test-99585,0.0669392073111586
test-99586,0.1945743084927684
test-99587,0.07907103448086354
test-99588,0.061161859750583
test-99589,0.03511689935719388
test-9959,0.08110413393213176
test-99590,0.008273106434781
test-99591,0.04363398703501795
test-99592,0.010006154342520012
test-99593,0.018513708511646864
test-99594,0.16581682632252617
test-99595,0.027266705203918936
test-99596,0.014480572420051926
test-99597,0.022562540037775303
test-99598,0.015215769996348978
test-99599,0.06907975702246477
test-996,0.20225200873610225
test-9960,0.02072859926455228
test-99600,0.04843134747666148
test-99601,0.013509343881553578
test-99602,0.013731795092422198
test-99603,0.1206389852671202
test-99604,0.0687732139720173
test-99605,0.0598856726734814
test-99606,0.025179585757455925
test-99607,0.023779048014595683
test-99608,0.13591597840885328
test-99609,0.010578265170045219
test-9961,0.017535058788296847
test-99610,0.010024969971906408
test-99611,0.019926516346772814
test-99612,0.00824560812159604
test-99613,0.226504450721427
test-99614,0.035324170236044505
test-99615,0.032687386537040404
test-99616,0.3349129837454473
test-99617,0.026815461834409804
test-99618,0.020299496698851453
test-99619,0.024698478758913074
test-9962,0.05266261909476349
test-99620,0.005545666407596655
test-99621,0.04252105837468247
test-99622,0.2827694825846768
test-99623,0.014905861131276862
test-99624,0.015224312249784357
test-99625,0.0370178999960362
test-99626,0.013892831984056305
test-99627,0.06124656158293547
test-99628,0.19951800302743536
test-99629,0.08402159989176528
test-9963,0.018916429261419173
test-99630,0.0401804404991976
test-99631,0.019028129789321075
test-99632,0.12579740223266822
test-99633,0.03254705391801379
test-99634,0.07896435135794272
test-99635,0.027292273834713464
test-99636,0.01818125940613088
test-99637,0.022105492935266962
test-99638,0.024677076823585303
test-99639,0.011181475105215508
test-9964,0.07748062158489404
test-99640,0.14889458672415956
test-99641,0.21075338052753795
test-99642,0.05532765072145118
test-99643,0.02967493139411701
test-99644,0.021683982414547564
test-99645,0.04998672321250301
test-99646,0.03972300044304539
test-99647,0.05457923566281271
test-99648,0.048754187094660145
test-99649,0.013963449101834682
test-9965,0.016003670671325163
test-99650,0.013308879378771902
test-99651,0.04315587774234556
test-99652,0.04835559849380012
test-99653,0.3267316099443742
test-99654,0.03634625429595142
test-99655,0.00887709608893385
test-99656,0.019255332334596555
test-99657,0.022442363203380316
test-99658,0.01736650747041169
test-99659,0.01229160343772414
test-9966,0.00690743921420447
test-99660,0.011081113691221467
test-99661,0.10077901699567397
test-99662,0.02212898703040788
test-99663,0.12654342528268078
test-99664,0.08084821586869169
test-99665,0.05608161125235809
test-99666,0.12742018812368422
test-99667,0.01950579585273869
test-99668,0.18712826916520622
test-99669,0.3180151427741576
test-9967,0.029466758793478664
test-99670,0.01515485963345386
test-99671,0.015895593519507374
test-99672,0.01800919752189016
test-99673,0.0480874289899147
test-99674,0.042771397754679
test-99675,0.010848365109189555
test-99676,0.015675745920688596
test-99677,0.027210846902983043
test-99678,0.05339307069340168
test-99679,0.06769227346933265
test-9968,0.03972300044304539
test-99680,0.01890177293463853
test-99681,0.06114572564461698
test-99682,0.013661636577303285
test-99683,0.15609928226063696
test-99684,0.09687778107682618
test-99685,0.007414342223878623
test-99686,0.019429645077319722
test-99687,0.03265255883948073
test-99688,0.09443804369434208
test-99689,0.05092955942260684
test-9969,0.03203506667905159
test-99690,0.054820248613349526
test-99691,0.02771096324144895
test-99692,0.08752019470863416
test-99693,0.025470464230961786
test-99694,0.019210680082500278
test-99695,0.13207564119353027
test-99696,0.14322383802194436
test-99697,0.04069491204199313
test-99698,0.15210883461833408
test-99699,0.08391047851678259
test-997,0.35403571506455095
test-9970,0.01647870846103355
test-99700,0.024710582978983566
test-99701,0.02288068801801203
test-99702,0.15548325308621216
test-99703,0.014080232656244744
test-99704,0.02601306373750347
test-99705,0.20578381158167516
test-99706,0.18927240473192897
test-99707,0.18414565455193754
test-99708,0.022193962283723247
test-99709,0.02078851073729336
test-9971,0.013848572851861475
test-99710,0.06689815860488185
test-99711,0.011489201983448388
test-99712,0.01312741899494399
test-99713,0.09507627697535487
test-99714,0.013131820067274274
test-99715,0.046095858983852975
test-99716,0.031546051914641694
test-99717,0.04727911288615965
test-99718,0.010471865070772652
test-99719,0.14282784162446086
test-9972,0.24512997658174893
test-99720,0.020847301171439226
test-99721,0.022517220560528156
test-99722,0.05339307069340168
test-99723,0.050734942235819924
test-99724,0.0669392073111586
test-99725,0.019141175622108597
test-99726,0.13112634419947802
test-99727,0.014080232656244744
test-99728,0.3551966811186103
test-99729,0.023985347441044004
test-9973,0.061452694264993384
test-99730,0.11541192791024246
test-99731,0.020422632471294666
test-99732,0.0114484512596395
test-99733,0.01094354863928118
test-99734,0.009206637695271533
test-99735,0.0709771010120333
test-99736,0.009570148837565658
test-99737,0.013851176536549664
test-99738,0.01741211639634216
test-99739,0.011435445980625304
test-9974,0.09937838469214666
test-99740,0.007767843001995947
test-99741,0.029447537220015144
test-99742,0.008344254814236871
test-99743,0.3836689629660121
test-99744,0.01390375533848052
test-99745,0.01891679558438672
test-99746,0.008614120815261278
test-99747,0.19771704405661047
test-99748,0.022243962373571593
test-99749,0.007296557972949313
test-9975,0.03374570760189609
test-99750,0.05015468531813707
test-99751,0.009616433623582237
test-99752,0.02236510515530074
test-99753,0.028431246444397682
test-99754,0.007068616531756016
test-99755,0.019975964532847938
test-99756,0.09410932609718829
test-99757,0.011661747430504594
test-99758,0.06080373727932581
test-99759,0.010494522582037098
test-9976,0.024884763461595898
test-99760,0.011915342082579017
test-99761,0.011452462859885637
test-99762,0.034875457747988434
test-99763,0.009996777509766812
test-99764,0.01049083975490398
test-99765,0.011470396145430167
test-99766,0.05700659562185284
test-99767,0.011849595770095039
test-99768,0.11708412901662615
test-99769,0.0072763743450402745
test-9977,0.14500195139586197
test-99770,0.022374388311184015
test-99771,0.011778136989335518
test-99772,0.006982779756623047
test-99773,0.011942102509070482
test-99774,0.3604406731409025
test-99775,0.009866034920527976
test-99776,0.1216115757454293
test-99777,0.01342567672445132
test-99778,0.08826762298024667
test-99779,0.011735488590189755
test-9978,0.18740145258191054
test-99780,0.014373814663533477
test-99781,0.0062535720408926215
test-99782,0.006602071889516715
test-99783,0.018706727508961466
test-99784,0.008451060119461349
test-99785,0.1448054492347892
test-99786,0.017608609227574606
test-99787,0.02116576018358686
test-99788,0.07771558515616006
test-99789,0.008757207751001939
test-9979,0.07115192310618516
test-99790,0.13889646366730904
test-99791,0.1327252916614677
test-99792,0.012392501869175392
test-99793,0.01299267173271651
test-99794,0.014480572420051926
test-99795,0.1579372054043708
test-99796,0.04037025368581286
test-99797,0.023779048014595683
test-99798,0.02531061203184339
test-99799,0.15910383950346987
test-998,0.02770096495111622
test-9980,0.03316994615028521
test-99800,0.020697253748077432
test-99801,0.12663596937894922
test-99802,0.019828277784809414
test-99803,0.026346351996358302
test-99804,0.02488785657051142
test-99805,0.011268218548333755
test-99806,0.01125325967344527
test-99807,0.026531828125336433
test-99808,0.035887863000848605
test-99809,0.024306267393324518
test-9981,0.03116306266596563
test-99810,0.01920305645279031
test-99811,0.037643142668510224
test-99812,0.04443474106312259
test-99813,0.041994584683696344
test-99814,0.02498170696463849
test-99815,0.024249168695053527
test-99816,0.014082317271279524
test-99817,0.15363743387028564
test-99818,0.1597452232633798
test-99819,0.2488884702274795
test-9982,0.026040405474379993
test-99820,0.031898734218718756
test-99821,0.04727818222164242
test-99822,0.11392159451201748
test-99823,0.16800066241006223
test-99824,0.03960172678770381
test-99825,0.020570081705555153
test-99826,0.01648703714620006
test-99827,0.09786289437848636
test-99828,0.041378414937651015
test-99829,0.07335785236861157
test-9983,0.015464844067314583
test-99830,0.27953503927081225
test-99831,0.023314017814971513
test-99832,0.015170213476579115
test-99833,0.012448484886248385
test-99834,0.012637857763808859
test-99835,0.036536524220852226
test-99836,0.0861915504119661
test-99837,0.016006892912731836
test-99838,0.012760298362419008
test-99839,0.256462218622841
test-9984,0.008947351686017891
test-99840,0.021740891784233957
test-99841,0.006689664744031734
test-99842,0.06709418361029962
test-99843,0.013519048102405319
test-99844,0.24891212785613331
test-99845,0.018719501317184868
test-99846,0.008443573006528295
test-99847,0.022415045490319307
test-99848,0.005339768418896329
test-99849,0.18262844240160467
test-9985,0.1285727876993293
test-99850,0.05400256287771402
test-99851,0.006920408521843849
test-99852,0.3302663380835255
test-99853,0.029074600680547947
test-99854,0.018590755266769895
test-99855,0.01473466052589509
test-99856,0.09175892004919887
test-99857,0.030123999466343757
test-99858,0.023271698401329952
test-99859,0.014607424955437265
test-9986,0.25267741419196754
test-99860,0.029383143077316327
test-99861,0.2716151491263002
test-99862,0.07714200949945031
test-99863,0.03782558314519915
test-99864,0.010614887057196789
test-99865,0.06769227346933265
test-99866,0.052157469087101165
test-99867,0.13775918575813118
test-99868,0.020811375723703368
test-99869,0.012942735812613413
test-9987,0.12547743918467355
test-99870,0.010995878036778668
test-99871,0.012685036591761177
test-99872,0.30056668854197544
test-99873,0.022030027059455403
test-99874,0.028760809564308053
test-99875,0.008710323634082646
test-99876,0.03262413693744255
test-99877,0.05948539271495662
test-99878,0.012637857763808859
test-99879,0.00965196833511846
test-9988,0.028634337915508762
test-99880,0.04444506322524165
test-99881,0.0075489033313122485
test-99882,0.1626839967802912
test-99883,0.013185480505559113
test-99884,0.06769227346933265
test-99885,0.04810354608962995
test-99886,0.19356119192258114
test-99887,0.009825541624520024
test-99888,0.006585337739771225
test-99889,0.030902754912616806
test-9989,0.14169744546503532
test-99890,0.014603845297181495
test-99891,0.020446234033832653
test-99892,0.04863001425563207
test-99893,0.11124753992781607
test-99894,0.10301537379713147
test-99895,0.020225279408882583
test-99896,0.019290700045906193
test-99897,0.1083634718422219
test-99898,0.014279425895297548
test-99899,0.012584950955687528
test-999,0.021640441901058585
test-9990,0.10093982204175307
test-99900,0.07675474489988172
test-99901,0.04770962221055361
test-99902,0.15016230289180127
test-99903,0.07473148590851814
test-99904,0.020184049019556536
test-99905,0.018853705664361772
test-99906,0.020645704991409858
test-99907,0.024543271937586948
test-99908,0.057054878121838855
test-99909,0.013025561554456963
test-9991,0.020279224616788924
test-99910,0.01748662523700264
test-99911,0.02109276190073658
test-99912,0.01936453190541823
test-99913,0.025927742877705186
test-99914,0.07984600052248031
test-99915,0.013661636577303285
test-99916,0.009110555670711038
test-99917,0.015603947097663893
test-99918,0.02083636572700637
test-99919,0.038810717016689714
test-9992,0.23162893260550635
test-99920,0.1398817640174991
test-99921,0.015885712761223716
test-99922,0.06123002708947926
test-99923,0.007469425710154225
test-99924,0.16142903803942737
test-99925,0.034894156820582126
test-99926,0.27238695163555005
test-99927,0.023650750691029444
test-99928,0.10812230317096443
test-99929,0.09606163740661404
test-9993,0.047472229068494895
test-99930,0.01479045904874158
test-99931,0.24889855521561433
test-99932,0.013190198774248988
test-99933,0.015430960762173283
test-99934,0.07835239164206013
test-99935,0.025582454555218407
test-99936,0.029420919489715713
test-99937,0.12529905228316307
test-99938,0.1131418391819242
test-99939,0.029402605655576824
test-9994,0.01964115724790115
test-99940,0.06818946559612182
test-99941,0.02460804797114191
test-99942,0.01742498068768767
test-99943,0.020624412304843638
test-99944,0.020094121586738133
test-99945,0.02047774963516752
test-99946,0.010051032067685338
test-99947,0.02242443608745795
test-99948,0.010056363433970284
test-99949,0.021213463850150945
test-9995,0.1285331051280357
test-99950,0.008061794931849761
test-99951,0.051753565675389454
test-99952,0.08517804210362843
test-99953,0.0742807770185264
test-99954,0.011359874430755456
test-99955,0.016297387479281243
test-99956,0.013597745516528216
test-99957,0.25631973422117427
test-99958,0.01762293134763722
test-99959,0.009501418558876843
test-9996,0.03940541820498861
test-99960,0.01586787206807222
test-99961,0.007166518123609196
test-99962,0.008495098534261367
test-99963,0.05003697088968722
test-99964,0.020999619340603383
test-99965,0.02984888469211522
test-99966,0.12661667871146806
test-99967,0.2201818492344877
test-99968,0.02319868605289927
test-99969,0.009050779890122049
test-9997,0.08086385461013587
test-99970,0.007419823335575046
test-99971,0.02750960850705585
test-99972,0.058108245415900484
test-99973,0.03729299613616474
test-99974,0.016394328576076526
test-99975,0.010175427966532605
test-99976,0.026216842166844688
test-99977,0.32824228475983563
test-99978,0.10568449910542535
test-99979,0.10277529438352792
test-9998,0.02912335805474075
test-99980,0.04453233728191005
test-99981,0.014373814663533477
test-99982,0.02372289305257482
test-99983,0.10726186819630738
test-99984,0.022146897189397826
test-99985,0.020374108289136935
test-99986,0.06174903552942391
test-99987,0.010271233686557621
test-99988,0.009644095471519582
test-99989,0.09860381645007209
test-9999,0.03132346725580337
test-99990,0.04032744110398823
test-99991,0.22358332884484716
test-99992,0.02247169137191558
test-99993,0.02435279116598076
test-99994,0.010597022721610675
test-99995,0.04569891927954176
test-99996,0.011699930313654617
test-99997,0.009525852300538649
test-99998,0.02489742866837765
test-99999,0.07357265692355214
